1500	150	200	10

7	1	269	1124	825	326	1462	601	155	
8	5	228	590	4	72	1406	215	641	1330	
7	3	617	1478	498	912	33	403	760	
7	3	264	666	830	1464	191	1480	904	
10	7	513	44	680	1419	246	291	1163	1393	1349	1093	
18	8	841	1019	18	586	751	279	147	744	662	1023	1143	1294	835	637	471	43	604	844	
7	2	1458	1199	1087	32	184	971	46	
6	3	877	802	779	1229	1096	598	
10	5	238	733	1485	131	387	811	1139	724	395	434	
11	4	1284	25	766	695	1470	688	968	1390	603	820	65	
5	2	560	88	153	1483	748	
8	2	967	1433	502	112	126	234	1297	424	
10	3	970	1042	334	663	651	632	451	1455	532	596	
5	4	747	1017	1414	417	549	
8	5	1234	232	815	587	1185	1114	1325	1296	
7	1	1384	74	236	1061	134	427	489	
6	5	690	1288	851	1293	674	897	
7	5	1295	1435	1497	1268	106	311	2	
4	2	589	681	117	1115	
4	3	1429	1424	149	1322	
5	4	588	156	654	1460	1156	
6	5	309	869	396	847	1	485	
3	3	1041	784	1490	
5	3	1174	1226	520	411	52	
8	4	567	492	759	901	726	1362	1262	1191	
9	6	517	563	1321	936	1039	61	878	257	642	
10	5	951	121	905	862	415	973	953	179	709	1394	
8	5	545	742	1003	1142	1467	1176	999	1081	
5	3	777	621	599	667	1445	
7	2	208	330	1308	301	1481	553	177	
6	4	94	1099	808	7	1030	12	
9	2	1307	1413	892	636	1135	1219	481	470	144	
3	2	1051	152	533	
6	2	741	833	1273	928	64	1437	
6	4	3	1016	442	204	1187	205	
7	5	353	1031	263	778	426	870	60	
7	1	1158	495	80	139	1237	1446	817	
9	3	318	270	1074	753	452	1448	157	1484	665	
7	4	1154	189	1024	514	364	464	1290	
10	3	200	1274	1281	1352	333	1105	1057	1064	1267	945	
7	4	1162	1054	707	1132	501	248	439	
12	7	569	925	836	797	1263	316	550	267	679	635	977	576	
10	7	343	1049	921	600	503	854	1489	648	178	1233	
7	5	459	419	577	1210	1379	22	908	
8	5	1412	645	656	1188	543	327	859	487	
6	5	758	957	385	1402	1443	606	
6	1	855	525	1242	351	956	1254	
10	3	1084	988	993	1326	423	183	453	366	1247	684	
8	5	1401	981	818	1314	1423	994	197	1318	
10	5	677	896	1302	1474	478	1121	6	207	594	1056	
9	2	1060	895	540	359	1500	739	381	497	195	
4	1	785	1373	1243	9	
8	5	907	898	11	1324	1045	562	273	1409	
5	3	192	1172	1258	1203	217	
8	5	1398	365	1197	1260	592	416	626	1004	
10	3	1097	1244	536	528	185	1492	393	842	798	840	
4	1	347	433	880	947	
10	5	661	1438	763	317	1407	57	526	1009	1145	173	
8	6	226	1417	475	288	838	367	1427	1285	
8	6	1428	734	96	253	1363	450	1102	1125	
5	4	358	1071	124	1118	322	
11	6	363	277	1386	561	584	824	1447	664	1410	62	408	
9	6	1468	186	45	1479	821	804	1033	1215	1367	
5	4	628	23	465	937	391	
6	3	713	609	1420	754	1313	143	
10	4	255	242	50	1127	572	258	371	618	1287	1000	
7	4	76	271	889	1214	655	127	1123	
3	1	762	1380	729	
10	4	1449	1329	16	564	237	1355	935	686	1217	216	
11	5	559	1167	218	1396	1323	1044	730	382	959	939	579	
7	1	5	1098	1007	187	566	166	193	
5	2	1257	774	1193	1231	413	
6	3	297	1013	1264	21	1241	346	
8	2	547	938	420	682	644	490	881	848	
5	4	1073	902	772	1461	537	
8	4	1465	225	883	1431	1106	1250	1337	446	
5	3	73	712	875	24	944	
11	4	795	377	1270	647	1170	445	101	357	934	287	852	
3	1	383	814	552	
6	2	190	100	1453	1166	239	557	
3	3	432	1271	146	
5	3	900	27	1020	615	1181	
7	4	731	289	768	227	1378	1418	1168	
7	3	352	1077	380	414	398	355	622	
9	2	1368	1277	962	1381	296	1442	1159	775	866	
4	4	1014	649	409	616	
5	1	405	128	338	448	87	
6	1	461	1245	630	1136	575	1248	
8	5	850	247	913	624	757	1255	696	1482	
7	2	496	1236	123	555	523	406	1149	
13	7	597	1301	949	1434	458	1128	810	837	268	282	1165	1422	455	
9	3	749	1486	1046	229	914	1065	457	888	280	
9	3	350	479	746	801	315	861	198	1129	206	
8	6	930	948	728	1120	676	254	860	922	
6	5	165	41	669	314	71	1251	
9	2	983	265	1109	1343	1344	1459	698	863	891	
8	6	1206	1365	1002	378	335	13	670	1232	
4	3	868	1072	98	1309	
3	1	703	941	812	
10	3	1252	767	136	657	1224	1157	620	397	476	345	
8	2	1376	1192	633	480	194	1340	796	95	
9	6	231	1395	1463	522	658	1266	462	512	286	
11	5	1389	919	1092	1227	1021	1078	509	120	1477	302	671	
12	5	794	118	518	530	743	769	806	918	972	958	954	435	
6	3	613	1291	1239	792	771	1345	
3	1	1466	1240	1475	
7	1	389	1338	565	1495	1179	321	1050	
3	1	1150	14	104	
10	3	858	388	1151	1369	137	716	429	524	1080	1069	
4	2	1491	1148	846	631	
5	2	272	1311	1155	752	251	
10	3	34	203	1320	1153	202	1032	839	171	1133	1005	
11	3	1361	54	781	1275	1280	1038	643	1052	1086	1439	278	
10	6	368	745	332	1425	980	1415	438	484	1218	1101	
6	4	135	1204	468	1347	369	856	
3	2	640	384	924	
7	2	1171	984	1180	789	28	996	544	
9	4	161	1117	456	909	998	304	1341	40	1094	
9	2	51	1377	929	336	91	1089	1315	209	493	
10	7	342	469	285	463	1006	167	807	995	708	361	
5	1	1095	799	1334	990	303	
6	2	1221	548	274	1195	1306	69	
7	2	222	1091	276	109	447	884	1327	
5	2	894	917	1358	1388	1316	
10	5	394	943	578	1286	436	1202	348	538	400	1430	
4	4	370	1112	607	115	
5	1	1473	36	1090	1152	740	
8	3	857	466	1015	1083	159	1111	593	718	
8	6	738	1194	595	331	529	86	591	1107	
8	2	1184	116	1205	1493	1173	558	516	1169	
12	6	210	1131	1063	803	1339	1207	1034	66	570	313	1319	1040	
8	2	99	1113	1392	1496	105	324	145	933	
11	7	931	300	1298	966	1269	710	800	138	1265	704	882	
7	3	15	551	1328	723	130	782	1335	
8	6	1209	1359	1104	125	132	867	693	500	
7	2	111	700	1374	431	1126	608	650	
9	5	826	1399	1292	506	508	244	527	1383	293	
6	3	223	148	212	997	410	129	
9	5	809	1303	68	260	1283	1351	1037	154	1183	
4	1	623	283	737	30	
6	2	735	573	871	1228	1138	873	
7	4	1331	992	923	1451	1178	1058	979	
13	8	230	519	164	1066	1487	531	961	1356	341	1421	963	1346	444	
5	1	39	1405	685	1432	505	
4	3	325	261	965	63	
6	1	477	1249	755	214	449	1238	
7	1	407	1272	1088	974	1216	1100	694	
7	5	790	224	1454	534	281	240	1436	
5	4	320	1372	932	783	1211	
9	2	1048	467	822	1400	903	241	150	1068	660	
7	2	964	1141	580	678	571	1332	56	
8	4	773	952	829	714	372	1279	991	108	
7	4	418	97	879	169	1282	1190	58	
9	6	1076	440	554	750	989	299	717	1317	141	
8	3	1053	638	20	816	163	1253	672	356	
12	8	874	1103	629	1333	1182	221	865	1261	776	175	133	1110	
5	2	337	1028	1177	67	1472	
10	3	978	339	1212	1348	294	736	986	1225	85	915	
6	3	26	942	188	1300	399	1186	
8	6	946	831	510	1130	158	290	1134	653	
9	4	887	568	1305	832	1276	473	853	1144	1360	
11	5	1001	1036	612	103	360	1055	911	702	328	42	8	
8	2	151	1137	1175	764	910	168	425	805	
10	3	699	780	1357	705	1018	614	1456	262	1391	1223	
8	5	250	77	122	256	813	1075	843	1140	
6	5	1471	1161	17	541	611	390	
10	3	1450	310	306	1259	201	788	1310	1498	725	53	
5	3	834	323	220	1082	1147	
10	4	1499	1494	982	113	392	140	422	542	1440	1403	
12	6	182	1408	196	535	1441	706	82	213	488	474	1404	1426	
8	2	275	402	29	916	401	823	430	1371	
8	6	298	610	349	1278	890	1452	81	787	
10	5	511	376	720	454	950	556	1160	659	379	920	
5	2	92	102	160	969	689	
6	4	340	1289	83	443	1201	1444	
5	4	845	110	1043	79	893	
6	1	37	1220	581	639	482	233	
15	7	673	266	48	35	252	1342	47	1012	170	574	756	84	1364	1196	687	
10	4	386	70	1304	1299	1488	1353	960	1119	1079	793	
9	6	849	460	1026	761	174	1370	176	1164	721	
12	7	1457	1108	259	1200	312	412	711	719	786	1067	827	987	
10	7	539	1375	652	715	507	1411	876	362	491	1146	
9	4	1085	1397	985	583	1008	211	732	10	727	
9	6	722	180	1198	375	1256	472	521	1022	864	
8	2	619	1070	1189	1354	75	828	90	701	
9	4	770	872	605	625	373	940	1213	634	329	
10	6	1382	441	1011	421	428	38	354	1029	162	1235	
3	2	292	181	885	
8	2	1122	245	1035	49	307	1230	976	78	
5	2	675	1062	1312	243	1350	
4	3	646	1366	1222	55	
8	5	374	284	19	344	926	1059	515	602	
3	1	683	172	142	
8	4	235	504	886	582	1469	305	437	927	
7	2	691	119	819	199	114	697	1025	
7	4	483	1385	31	1208	89	1387	1027	
10	4	1047	692	791	899	975	627	219	1116	1336	1010	
9	6	1246	295	59	499	308	585	765	494	107	
4	2	486	404	668	906	
7	4	249	319	546	1416	955	93	1476	

1	432	569	690	795	850	1048	1295	1361	1382	1389	
2	34	228	298	342	441	483	673	826	858	894	
3	26	51	231	353	418	539	589	661	722	735	
4	3	180	226	405	513	573	855	900	1097	1162	
5	73	200	297	350	363	386	691	773	777	841	
6	1019	1085	1284	1375	1395	1428	1450	1458	1468	1473	
7	203	210	235	547	734	871	919	931	1001	1031	
8	230	597	677	681	790	874	1076	1228	1234	1401	
9	54	250	318	467	640	699	857	887	896	967	
10	18	568	588	619	877	1054	1174	1198	1206	1385	
11	128	272	325	731	794	1301	1412	1438	1449	1499	
12	31	466	517	610	802	1047	1305	1376	1398	1463	
13	186	261	270	343	440	545	613	741	770	809	
14	97	320	368	519	563	652	692	983	1036	1070	
15	135	161	459	511	763	1307	1329	1368	1384	1397	
16	25	37	266	275	352	525	879	965	1015	1131	
17	48	76	309	374	375	383	407	712	781	938	
18	156	164	284	715	745	907	1242	1417	1471	1494	
19	5	223	351	554	586	749	869	930	949	952	
20	337	419	461	486	964	970	1073	1084	1122	1158	
21	151	182	232	762	833	845	849	898	917	942	
22	39	477	522	559	645	654	785	1074	1077	1184	
23	19	70	332	340	656	675	822	985	1066	1098	
24	45	165	338	504	753	872	1272	1408	1413	1435	
25	44	118	192	317	751	982	1049	1095	1141	1188	
26	116	249	380	402	496	791	948	1063	1209	1244	
27	29	264	479	590	617	1016	1137	1167	1249	1372	
28	35	344	388	389	738	868	902	1103	1311	1457	
29	169	255	742	916	925	951	1011	1051	1062	1245	
30	41	394	518	766	829	892	1003	1042	1220	1304	
31	190	265	530	886	946	978	981	1092	1271	1321	
32	16	277	636	666	988	1060	1302	1377	1460	1486	
33	77	111	238	339	936	1142	1236	1256	1275	1359	
34	292	310	564	567	581	713	831	1046	1135	1204	
35	27	122	148	271	306	319	536	750	772	875	
36	99	152	242	404	475	577	580	605	623	629	
37	113	414	993	1007	1192	1252	1400	1425	1465	1487	
38	146	218	289	420	700	743	832	836	1221	1303	
39	74	188	442	779	921	1199	1257	1277	1374	1396	
40	68	224	247	288	548	633	1041	1210	1226	1289	
41	15	279	452	546	646	780	895	943	1274	1358	
42	50	83	121	147	208	222	237	252	300	370	
43	358	560	583	625	755	1246	1288	1333	1405	1448	
44	88	376	421	531	578	818	1113	1154	1189	1219	
45	153	204	283	384	685	744	769	962	1259	1291	
46	94	123	201	720	728	905	1087	1108	1299	1342	
47	245	492	543	668	680	746	815	980	989	1280	
48	110	225	229	269	555	1117	1161	1298	1357	1434	
49	299	540	678	695	705	784	797	803	834	914	
50	212	682	774	966	1013	1038	1120	1151	1314	1320	
51	260	263	454	528	582	644	899	1014	1091	1172	
52	801	838	961	1109	1153	1227	1286	1381	1386	1419	
53	100	185	189	214	259	334	359	587	778	913	
54	323	561	717	950	1331	1415	1416	1470	1474	1479	
55	246	295	315	431	600	737	799	821	926	1317	
56	365	443	458	460	481	495	520	663	676	1028	
57	47	59	584	759	1182	1197	1200	1208	1454	1488	
58	221	296	436	510	733	1155	1229	1283	1338	1355	
59	456	688	1127	1175	1269	1339	1343	1356	1429	1461	
60	236	571	767	955	1020	1026	1071	1104	1207	1469	
61	4	469	534	615	624	1369	1379	1380	1423	1433	
62	11	377	612	707	747	764	1018	1171	1212	1281	
63	181	714	758	889	975	1128	1130	1194	1485	1500	
64	22	119	131	347	662	1065	1258	1353	1365	1478	
65	93	281	478	658	851	885	957	1024	1263	1276	
66	316	327	480	502	761	909	1012	1121	1352	1442	
67	158	341	490	503	507	824	984	1008	1035	1187	
68	103	124	1021	1124	1323	1326	1348	1466	1491	1497	
69	72	80	392	572	854	861	903	1017	1078	1083	
70	285	291	333	428	468	810	1177	1214	1239	1324	
71	276	294	499	614	630	806	830	929	935	1072	
72	30	63	139	240	305	438	551	565	819	968	
73	170	308	330	336	360	373	398	788	1043	1203	
74	67	387	463	639	683	992	1053	1112	1185	1328	
75	669	994	1180	1424	1447	1464	1472	1489	1492	1495	
76	159	196	372	585	638	940	1002	1373	1390	1399	
77	739	837	859	956	998	1266	1270	1308	1334	1344	
78	117	241	393	487	647	1023	1059	1279	1300	1310	
79	211	535	550	710	862	1055	1282	1351	1407	1467	
80	57	125	174	268	367	609	628	811	825	883	
81	92	96	140	267	282	514	627	643	648	765	
82	136	149	509	1176	1190	1293	1347	1411	1431	1453	
83	194	202	396	423	472	792	997	1099	1136	1138	
84	102	256	595	732	757	847	1111	1132	1170	1240	
85	20	98	364	415	657	911	932	1006	1045	1165	
86	10	217	331	401	498	703	876	918	1034	1088	
87	6	38	112	437	462	473	621	842	1032	1193	
88	137	274	312	526	603	651	912	960	973	1044	
89	23	49	66	109	199	410	521	556	574	679	
90	126	178	354	369	649	823	865	953	1114	1264	
91	91	157	160	412	430	800	808	1009	1143	1148	
92	58	219	253	378	664	839	881	910	1145	1213	
93	32	187	198	756	814	853	999	1166	1202	1292	
94	7	254	290	335	348	349	422	711	729	816	
95	21	24	120	301	457	570	599	635	813	1022	
96	702	860	923	990	1106	1160	1237	1410	1456	1459	
97	150	313	464	506	901	972	991	1115	1144	1179	
98	89	307	736	789	977	1163	1231	1268	1340	1354	
99	239	1039	1089	1126	1150	1243	1250	1260	1290	1319	
100	132	183	205	515	538	1129	1261	1294	1363	1422	
101	207	659	1061	1255	1273	1312	1406	1421	1441	1451	
102	28	163	184	385	566	719	835	1134	1159	1205	
103	106	634	888	1315	1392	1402	1420	1446	1490	1498	
104	134	215	311	326	379	450	730	996	1337	1360	
105	114	512	593	786	1119	1233	1371	1436	1483	1493	
106	108	166	220	304	355	529	804	986	1037	1075	
107	138	191	314	382	716	725	748	928	958	969	
108	1	280	362	453	455	544	706	873	944	959	
109	14	61	411	426	575	632	974	1105	1387	1414	
110	433	523	557	607	637	754	796	867	906	1173	
111	36	167	258	381	693	1216	1230	1253	1313	1388	
112	82	366	451	698	807	870	880	954	1116	1224	
113	154	470	500	723	1100	1139	1181	1254	1325	1332	
114	33	53	172	448	497	576	672	771	798	856	
115	168	243	286	445	508	592	641	878	1156	1241	
116	101	328	400	427	1057	1090	1278	1477	1481	1496	
117	71	84	105	429	602	653	846	908	939	995	
118	143	197	324	409	425	471	524	558	655	775	
119	75	115	179	491	1096	1330	1364	1432	1443	1484	
120	62	127	171	403	417	465	484	579	1068	1341	
121	2	42	145	213	302	482	552	622	752	963	
122	43	542	697	1030	1079	1082	1196	1296	1336	1393	
123	173	485	501	553	840	976	1157	1178	1201	1370	
124	17	206	234	244	371	488	562	604	709	718	
125	13	64	86	321	541	606	608	776	924	941	
126	95	177	768	828	1029	1067	1322	1427	1455	1462	
127	176	227	416	474	489	494	1052	1133	1265	1309	
128	399	408	611	618	667	694	760	827	890	947	
129	357	413	505	620	724	726	863	1394	1404	1430	
130	141	527	533	626	696	704	708	1147	1287	1366	
131	8	162	175	449	532	616	686	793	866	1010	
132	40	56	130	248	257	537	631	934	1064	1080	
133	107	129	329	361	447	674	820	843	1316	1349	
134	79	262	516	594	687	1195	1222	1318	1452	1480	
135	346	356	406	446	884	1123	1186	1225	1267	1362	
136	596	805	891	971	1140	1217	1248	1262	1297	1346	
137	133	598	670	1033	1050	1056	1081	1164	1218	1251	
138	85	273	395	549	601	650	665	987	1118	1149	
139	193	444	844	933	1040	1093	1101	1169	1285	1350	
140	60	155	397	439	882	937	1102	1215	1232	1247	
141	660	689	783	920	1110	1152	1235	1444	1476	1482	
142	12	65	209	251	391	642	721	864	1086	1306	
143	46	52	142	144	434	671	684	727	812	848	
144	287	740	817	1058	1069	1146	1191	1211	1383	1391	
145	782	893	927	1183	1345	1378	1426	1440	1445	1475	
146	69	424	1327	1335	1367	1403	1409	1418	1437	1439	
147	81	90	216	293	303	322	435	904	945	1027	
148	9	55	233	476	493	591	897	922	1094	1125	
149	78	195	278	787	915	1000	1004	1005	1223	1238	
150	87	104	345	390	701	852	979	1025	1107	1168	

1	0	1	0	1	0	1	0	1	0	1	0	1	0	1	0	1	0	
1	0	0	1	0	1	0	1	0	0	1	1	0	1	0	1	0	1	
1	0	1	0	0	1	0	1	0	0	1	0	1	1	0	1	0	1	
1	0	1	0	1	0	0	1	0	0	1	0	1	0	1	1	0	1	
1	0	1	0	1	0	1	0	0	0	1	0	1	0	1	0	1	1	
0	1	0	1	0	1	0	1	0	1	0	1	0	1	0	1	0	1	
0	1	1	0	1	0	1	0	1	1	0	0	1	0	1	0	1	0	
0	1	0	1	1	0	1	0	1	1	0	1	0	0	1	0	1	0	
0	1	0	1	0	1	1	0	1	1	0	1	0	1	0	0	1	0	
0	1	0	1	0	1	0	1	1	1	0	1	0	1	0	1	0	0	
