1500	150	200	10

12	6	751	830	381	1149	526	277	1077	1117	904	1384	391	781	
7	3	372	49	309	852	836	432	1324	
11	4	984	179	1183	569	825	803	1421	913	229	747	262	
5	4	1088	1008	388	346	1201	
9	3	908	574	896	457	253	762	777	1041	1451	
7	1	849	1385	257	1170	500	702	442	
6	2	61	1293	165	1153	646	1480	
5	4	788	902	553	413	357	
11	4	714	784	300	401	1065	1495	233	450	666	407	692	
12	7	164	543	826	680	961	176	1043	1246	884	167	507	950	
7	4	1214	222	400	901	1426	610	605	
10	3	731	97	757	619	284	656	1339	1388	441	727	
8	2	577	636	671	1365	431	1190	678	205	
6	2	1022	1417	1210	40	1045	582	
7	4	1094	809	1119	184	299	469	51	
4	4	998	1124	1402	888	
6	3	150	377	1203	348	490	1292	
7	4	313	1162	44	602	773	886	202	
11	7	149	30	415	1399	728	3	188	722	207	1096	1148	
4	1	39	1178	1494	1428	
9	5	1294	157	322	1404	353	968	1325	634	1476	
5	1	423	1166	71	1439	528	
6	2	338	1187	710	85	1231	1371	
7	1	934	1079	1087	324	1475	458	935	
5	3	206	932	860	1377	1354	
7	5	779	1302	764	864	548	962	180	
15	8	155	336	647	197	1290	75	74	1113	1188	1376	189	386	511	78	738	
5	3	995	858	1021	909	1338	
4	2	100	475	629	1076	
5	2	1249	1301	807	924	496	
10	4	867	792	1398	654	1414	562	931	712	642	170	
10	3	1075	256	1059	1482	1215	541	755	1141	1130	545	
5	2	290	585	140	1005	476	
6	4	191	871	1268	1259	151	1013	
4	2	1060	508	1051	410	
9	2	1279	122	404	939	975	891	766	470	846	
6	4	763	547	889	1033	824	1192	
7	5	611	1342	1281	452	829	1319	616	
8	5	56	1001	740	1311	882	484	769	1098	
7	4	447	15	1350	106	831	1196	474	
3	3	561	242	885	
3	1	124	128	529	
8	5	1347	594	970	1400	1456	1436	1115	25	
4	1	1310	855	1086	735	
9	5	743	798	1337	1266	869	293	1362	444	1151	
10	5	624	620	315	1443	393	1126	1193	399	681	84	
7	1	249	694	635	1000	365	142	79	
6	3	669	672	1081	1420	144	1352	
3	3	1254	1449	1446	
9	6	402	1291	1401	1206	1180	267	1042	847	282	
9	3	1062	1282	579	289	1409	956	697	396	1335	
7	4	1332	1488	389	478	31	446	1405	
5	1	333	1304	466	297	1333	
3	2	1242	589	1389	
6	1	210	1450	1066	844	618	160	
11	7	237	677	1255	617	359	957	598	454	730	1064	153	
11	3	1039	1309	955	572	1462	1138	1393	1496	857	1112	565	
7	3	542	1168	1408	776	195	758	1116	
14	6	1204	601	893	318	679	1493	1146	854	1367	1314	234	1092	1463	330	
8	2	345	890	168	1233	925	842	117	943	
10	6	797	426	627	967	813	141	537	1334	422	1460	
8	2	143	717	1110	1095	255	1444	721	546	
12	7	535	1049	264	1099	1323	1016	86	187	1221	1382	33	384	
7	4	497	427	1257	1406	1213	690	96	
7	4	364	1228	811	947	1085	1012	59	
7	1	1194	1091	782	1432	230	298	1484	
10	7	436	301	420	311	339	518	460	949	827	1184	
8	6	349	900	806	716	880	1174	63	408	
9	6	488	1280	1422	662	1101	933	306	1395	94	
8	2	310	279	280	1	374	1023	1145	265	
12	8	70	93	1346	1139	1248	1500	1195	536	380	65	1348	37	
5	3	953	795	209	1473	938	
8	5	354	804	706	1487	1411	1321	1133	329	
6	1	428	286	111	121	837	438	
9	2	418	588	455	817	193	1169	250	335	999	
4	2	350	19	1082	182	
8	4	118	946	1223	1264	559	628	556	1477	
6	1	626	689	914	1359	1068	28	
4	4	1360	820	461	1370	
4	4	1403	1243	614	1078	
6	3	1179	765	633	503	236	504	
2	2	175	135	
7	4	928	378	1448	1234	701	355	531	
12	6	34	899	20	583	1054	332	1122	1356	664	1120	1131	1074	
5	3	158	796	263	1349	82	
5	4	331	718	1331	244	1160	
8	4	592	46	1340	1090	822	980	833	1163	
8	2	449	711	228	1029	352	969	171	11	
13	8	247	181	302	551	964	1083	907	1010	790	1034	1067	1372	994	
15	8	1038	325	376	1445	473	1147	66	42	1135	550	38	987	966	862	154	
8	6	1357	510	419	917	305	1225	752	321	
7	1	1471	1227	676	1185	129	50	734	
8	2	1236	693	409	650	873	1277	736	192	
4	2	73	203	240	35	
4	4	314	440	1006	802	
6	1	609	69	1025	707	1489	1322	
7	4	571	941	1134	1171	501	519	703	
5	1	912	430	1306	615	1341	
6	5	657	785	1061	1396	724	1036	
12	5	667	218	1143	1316	595	1198	841	1261	1031	107	851	278	
10	6	383	1275	326	1047	1011	1252	1379	367	17	1063	
10	5	1374	1368	1320	109	156	379	581	260	341	530	
9	5	1216	1015	198	593	287	1491	169	1452	251	
4	4	481	138	204	163	
6	2	424	115	959	479	1251	291	
3	2	1071	512	489	
8	2	216	982	1355	491	62	1017	2	273	
11	7	312	116	560	874	72	921	1472	448	567	958	1018	
8	2	268	1028	686	1073	877	1410	1375	744	
8	6	1327	224	1415	1344	927	1394	220	196	
10	7	538	131	549	1412	48	742	665	974	985	843	
7	3	979	649	986	828	323	221	1419	
3	1	67	1328	652	
7	1	805	835	1030	294	403	219	725	
10	6	465	421	761	375	190	18	1345	832	45	456	
11	5	920	775	1048	881	425	1247	1273	1383	1329	1058	231	
9	3	1272	532	643	513	232	1490	14	162	787	
10	5	453	768	723	1430	552	1121	104	4	1434	1478	
3	2	674	509	715	
7	3	1312	596	799	544	296	91	1386	
3	3	363	1285	983	
10	7	749	211	639	981	772	434	340	1479	53	471	
7	3	308	370	1240	613	936	5	252	
6	4	1027	573	1274	54	754	1418	
5	4	1069	1353	801	246	1363	
8	2	525	43	1298	57	1469	320	382	1262	
4	3	876	733	1361	683	
6	5	1014	894	387	1447	675	819	
10	3	261	99	21	800	1440	288	965	1205	741	557	
8	4	566	866	1466	910	868	684	732	1407	
6	4	1397	360	1258	1158	1181	1474	
9	5	394	1007	534	1200	405	1140	879	344	1097	
13	6	1492	564	670	1318	317	266	922	793	1457	861	1114	641	10	
5	3	159	1326	520	1283	271	
8	5	604	145	1392	767	245	818	661	1175	
9	2	487	700	840	113	1154	1483	1220	1253	863	
8	3	337	1050	1288	362	911	1237	1435	468	
6	5	648	76	225	704	60	183	
16	10	810	16	435	502	853	584	319	139	992	215	919	1127	898	1286	539	95	
9	2	1229	1244	699	878	1108	850	1486	1433	695	
4	3	1373	1003	463	1072	
7	4	194	226	414	745	1267	445	1103	
10	6	1358	437	1461	1189	726	130	87	892	495	563	
8	6	134	930	1026	1202	114	492	753	1106	
3	3	774	600	411	
4	3	201	1136	1199	1111	
7	3	368	1024	606	1142	1481	281	148	
8	2	22	1004	80	1499	1351	905	1089	243	
12	8	295	1284	373	498	630	1458	926	1222	527	64	276	41	
7	1	791	1107	687	1308	89	976	1212	
8	3	760	883	174	554	1260	1425	623	1470	
5	1	903	1313	1250	1211	1152	
7	2	750	486	369	794	746	993	812	
5	2	575	948	937	668	638	
4	4	1055	208	136	875	
7	5	29	358	1269	1218	1307	816	371	
10	6	568	108	631	269	1226	1080	838	1040	7	1300	
9	2	1056	343	239	1238	865	36	1100	522	1208	
6	3	1093	808	112	200	283	587	
6	4	23	1468	848	1173	217	709	
7	1	356	177	660	52	540	789	682	
8	6	823	1498	988	759	653	1020	515	1317	
6	2	696	1144	1464	6	77	186	
16	9	223	640	1270	814	12	997	499	1052	406	397	1070	1459	464	1271	651	859	
5	2	1186	1009	1102	429	1380	
5	2	612	989	1209	328	591	
4	2	307	786	1431	705	
4	2	1123	137	172	1128	
15	9	439	390	462	632	951	327	580	90	467	870	416	923	123	739	235	
10	4	1053	1232	1002	443	105	1230	887	152	1453	1150	
6	1	1132	1156	603	521	1245	47	
10	5	98	523	1381	259	845	737	839	1044	166	13	
9	4	1037	241	971	1155	713	1497	304	1172	658	
6	4	92	1224	119	88	480	834	
13	5	748	58	212	459	576	1369	770	1035	972	412	146	398	720	
10	6	126	952	1424	477	334	673	780	292	347	1455	
9	6	978	9	1467	918	505	1241	392	906	963	
9	5	1296	1390	270	1303	960	1442	1129	173	1191	
8	2	451	945	1441	719	161	597	655	395	
8	6	1378	856	1207	625	417	1485	178	570	
8	2	1164	1391	1315	101	1137	214	1423	1161	
4	4	27	590	1105	1330	
7	5	1165	1413	1256	558	942	185	1109	
7	4	991	645	1276	366	1295	213	1437	
9	3	133	1182	1287	1387	361	83	1046	1366	199	
9	5	778	342	1217	303	258	1438	663	915	147	
8	6	1125	1299	1265	68	254	517	1343	472	
8	4	516	685	691	272	973	1176	102	132	
8	4	929	637	238	1032	1278	103	954	644	
5	2	514	1219	607	482	1177	
5	4	1336	944	120	756	586	
11	5	125	81	275	622	1454	127	897	771	977	872	1427	
6	1	1305	578	729	996	1465	494	
11	6	8	483	608	485	1118	815	895	24	1263	1289	1364	
9	3	708	1197	1239	26	524	55	1084	1157	1297	
8	2	1167	1235	916	1416	555	688	110	940	
8	3	659	316	493	533	783	698	506	285	
6	5	599	433	621	1159	1429	32	
5	2	351	248	385	1057	274	
5	1	1104	227	990	821	1019	

1	125	247	453	487	609	751	797	903	928	991	
2	133	261	535	575	731	749	778	995	1053	1358	
3	312	481	538	542	708	1088	1094	1165	1182	1216	
4	81	164	349	669	768	867	1093	1179	1287	1296	
5	342	525	674	805	809	1049	1272	1332	1357	1403	
6	27	149	345	364	426	516	568	835	908	953	
7	155	338	378	418	810	830	900	948	1062	1167	
8	181	337	381	532	588	648	806	920	1030	1187	
9	116	488	571	592	685	823	849	1060	1125	1149	
10	131	313	368	645	791	1015	1164	1280	1294	1299	
11	194	402	439	447	560	716	1119	1214	1327	1374	
12	158	237	372	792	1008	1075	1368	1378	1471	1492	
13	354	748	929	1037	1038	1056	1217	1279	1397	1398	
14	108	216	249	256	360	510	624	627	667	714	
15	331	351	383	390	394	637	1069	1107	1194	1236	
16	23	118	275	564	643	1050	1091	1162	1235	1336	
17	46	76	157	224	295	314	455	497	543	622	
18	126	175	590	743	779	874	880	1022	1258	1284	
19	70	302	599	611	765	944	1275	1305	1360	1390	
20	134	143	427	693	700	784	1007	1059	1228	1229	
21	303	310	343	409	526	574	626	657	934	978	
22	97	211	277	373	462	549	604	633	775	808	
23	29	30	58	72	120	226	300	336	449	451	
24	56	100	150	433	647	691	856	1132	1257	1282	
25	197	201	272	326	503	612	632	670	711	858	
26	34	241	436	710	811	930	998	1123	1204	1227	
27	49	677	694	723	804	952	1055	1313	1387	1391	
28	16	69	325	689	696	750	947	967	1026	1207	
29	268	322	376	498	639	763	785	796	890	937	
30	22	210	356	424	601	1186	1232	1249	1415	1424	
31	92	239	264	350	706	945	1028	1071	1244	1312	
32	43	212	308	817	896	951	984	1004	1047	1156	
33	80	93	228	459	514	760	899	921	1158	1255	
34	99	223	225	377	576	650	916	971	1318	1445	
35	307	333	534	630	840	893	1002	1290	1315	1353	
36	443	640	795	1021	1104	1404	1482	1487	1498	1499	
37	105	465	473	509	659	786	941	981	1136	1270	
38	73	75	258	361	370	435	486	620	672	699	
39	177	218	363	369	512	668	826	883	909	1009	
40	98	159	174	222	248	415	566	579	717	1081	
41	101	603	680	1025	1147	1243	1430	1448	1450	1472	
42	15	206	523	718	757	982	1024	1202	1320	1412	
43	122	145	198	289	301	358	414	457	477	502	
44	9	20	48	419	577	704	782	853	1168	1240	
45	8	21	263	513	619	878	1340	1342	1409	1413	
46	66	316	593	613	621	798	988	989	1048	1079	
47	74	318	420	774	788	1001	1134	1276	1326	1337	
48	114	287	508	584	801	1014	1077	1174	1200	1238	
49	191	319	493	631	936	1143	1144	1155	1215	1301	
50	583	1254	1298	1316	1347	1349	1399	1408	1441	1464	
51	401	686	687	772	776	876	1054	1310	1331	1373	
52	437	606	635	756	917	1099	1266	1338	1355	1417	
53	520	596	914	979	1073	1113	1117	1210	1265	1308	
54	57	385	400	448	483	654	679	814	855	1039	
55	85	137	238	284	327	404	428	649	794	866	
56	193	311	317	973	1242	1304	1351	1385	1414	1422	
57	305	547	552	554	719	807	894	1346	1359	1449	
58	179	315	332	339	521	865	956	1065	1110	1219	
59	12	423	636	800	932	1269	1288	1302	1454	1458	
60	161	266	353	594	986	997	1000	1108	1309	1323	
61	40	139	561	595	745	912	955	1027	1085	1188	
62	127	533	873	1090	1203	1438	1467	1469	1493	1495	
63	5	68	279	348	421	518	656	828	901	1225	
64	60	294	551	572	608	742	761	992	1016	1183	
65	36	168	215	660	697	813	902	904	1256	1350	
66	83	203	253	440	466	475	871	919	1250	1369	
67	63	290	762	820	1124	1127	1139	1224	1233	1234	
68	141	567	869	939	1051	1086	1146	1197	1218	1230	
69	135	270	286	461	713	728	1011	1426	1432	1443	
70	42	617	881	964	1166	1344	1406	1411	1416	1431	
71	242	297	393	585	783	897	958	1003	1032	1066	
72	492	553	799	854	946	1029	1095	1105	1376	1381	
73	61	124	244	257	671	822	922	1277	1462	1468	
74	111	119	334	366	555	569	1198	1260	1268	1307	
75	3	86	115	375	597	759	793	926	1239	1293	
76	88	280	499	629	860	877	961	1209	1420	1457	
77	113	144	208	362	825	1142	1222	1248	1285	1392	
78	188	562	740	927	975	1083	1087	1126	1169	1171	
79	614	625	655	841	844	1170	1223	1267	1291	1303	
80	39	44	190	359	485	527	673	707	722	767	
81	52	128	165	187	460	600	1100	1118	1135	1401	
82	136	184	207	245	610	764	770	815	931	970	
83	18	106	259	309	388	405	425	434	580	698	
84	109	112	501	541	736	852	1035	1140	1159	1181	
85	64	959	1154	1206	1400	1402	1440	1461	1481	1491	
86	169	176	232	254	288	323	340	480	491	780	
87	82	227	430	701	715	746	968	1043	1160	1176	
88	189	550	602	753	1057	1466	1488	1489	1490	1497	
89	26	121	209	517	752	1137	1138	1246	1339	1345	
90	89	236	293	320	573	889	949	1153	1245	1264	
91	38	67	269	413	607	676	960	980	1121	1193	
92	396	417	522	688	755	911	1211	1281	1295	1429	
93	71	138	276	653	665	816	837	910	925	1226	
94	183	544	662	705	818	827	845	895	1367	1388	
95	1	246	445	479	578	771	905	987	1006	1046	
96	195	221	255	324	537	861	965	1068	1141	1189	
97	104	296	387	712	737	1020	1101	1283	1321	1330	
98	299	399	482	524	1199	1444	1473	1475	1483	1485	
99	178	773	850	924	977	1061	1213	1333	1393	1419	
100	200	374	386	646	777	879	976	1018	1278	1328	
101	6	230	233	408	441	540	558	618	831	872	
102	55	884	891	942	1180	1314	1366	1486	1496	1500	
103	91	589	848	875	933	974	1130	1195	1221	1261	
104	172	304	357	490	803	907	990	1033	1335	1365	
105	204	536	559	824	957	1023	1052	1220	1352	1362	
106	19	163	213	234	344	519	570	663	857	868	
107	14	515	586	789	938	985	1084	1205	1247	1334	
108	352	733	821	1152	1259	1273	1322	1425	1439	1452	
109	24	504	598	661	1031	1173	1306	1383	1384	1396	
110	41	251	406	726	864	966	1251	1394	1447	1479	
111	156	220	267	382	766	915	1078	1122	1196	1263	
112	214	365	454	500	1010	1041	1274	1289	1410	1421	
113	28	54	103	142	469	615	1042	1177	1252	1311	
114	90	379	458	834	887	1092	1178	1364	1433	1437	
115	140	250	281	467	675	681	702	1019	1076	1175	
116	306	389	833	1080	1106	1442	1451	1456	1474	1480	
117	148	185	271	321	391	474	730	832	838	870	
118	605	735	802	839	862	972	1129	1325	1370	1379	
119	62	102	167	217	416	581	754	913	1040	1112	
120	173	283	335	397	478	496	634	954	969	1005	
121	171	367	412	507	644	741	843	1133	1341	1356	
122	32	240	328	380	489	565	684	1114	1172	1343	
123	291	298	395	438	506	703	935	1184	1192	1423	
124	7	162	641	664	790	898	1082	1237	1427	1446	
125	130	886	888	918	1109	1157	1185	1262	1329	1436	
126	4	87	146	355	431	623	638	642	721	781	
127	65	628	836	1064	1096	1120	1161	1286	1363	1395	
128	53	107	229	260	410	531	923	1012	1058	1070	
129	329	422	444	587	747	851	999	1034	1044	1111	
130	11	152	182	278	403	471	505	511	729	819	
131	151	371	432	450	591	1151	1241	1435	1453	1460	
132	724	758	983	996	1067	1145	1190	1231	1253	1317	
133	129	292	452	885	1348	1361	1377	1459	1465	1476	
134	274	472	545	546	548	787	863	882	1045	1097	
135	37	153	398	442	528	682	732	842	993	1131	
136	17	84	123	652	1163	1324	1418	1470	1484	1494	
137	78	117	582	847	1089	1102	1115	1191	1212	1371	
138	219	252	464	484	557	690	738	962	1354	1372	
139	147	341	463	470	556	683	709	739	829	1063	
140	25	45	59	77	262	282	476	539	1017	1072	
141	50	110	186	243	347	429	658	727	812	846	
142	160	166	411	892	950	1074	1150	1319	1434	1463	
143	31	96	231	346	392	494	495	666	695	943	
144	192	330	456	616	1013	1103	1208	1300	1382	1386	
145	180	407	725	734	1116	1148	1271	1375	1477	1478	
146	51	79	132	285	468	678	1201	1292	1428	1455	
147	2	10	33	196	205	530	651	692	769	906	
148	47	94	95	154	170	235	446	563	744	963	
149	13	35	202	273	529	940	994	1036	1098	1297	
150	199	265	384	720	859	1128	1380	1389	1405	1407	

1	0	1	0	1	0	1	0	1	0	1	0	1	0	1	0	1	0	
1	0	0	1	0	1	0	1	0	0	1	1	0	1	0	1	0	1	
1	0	1	0	0	1	0	1	0	0	1	0	1	1	0	1	0	1	
1	0	1	0	1	0	0	1	0	0	1	0	1	0	1	1	0	1	
1	0	1	0	1	0	1	0	0	0	1	0	1	0	1	0	1	1	
0	1	0	1	0	1	0	1	0	1	0	1	0	1	0	1	0	1	
0	1	1	0	1	0	1	0	1	1	0	0	1	0	1	0	1	0	
0	1	0	1	1	0	1	0	1	1	0	1	0	0	1	0	1	0	
0	1	0	1	0	1	1	0	1	1	0	1	0	1	0	0	1	0	
0	1	0	1	0	1	0	1	1	1	0	1	0	1	0	1	0	0	
