1500	150	200	10

10	4	598	667	14	877	1416	429	1015	130	73	1093	
10	3	374	796	487	743	1225	367	776	1486	1421	191	
7	1	978	394	1086	399	600	577	1371	
5	3	283	91	410	522	319	
12	5	1183	226	295	220	1242	612	1280	1059	1198	936	430	689	
5	3	184	545	1319	469	1156	
4	4	759	932	675	227	
8	2	268	1163	57	1021	85	326	67	789	
10	4	84	320	1366	1174	1259	442	918	1123	718	498	
15	7	338	193	273	788	244	1380	874	1076	1022	277	1346	1423	1099	354	723	
8	3	101	1105	464	1247	1078	131	1286	1153	
6	2	1344	1301	229	1483	1120	894	
14	6	728	381	1295	198	339	62	1055	940	684	763	1080	1471	572	1227	
5	1	1330	1282	765	1296	310	
7	3	624	361	355	64	1333	1430	204	
7	4	818	904	481	1020	181	447	123	
4	2	1361	247	1001	419	
13	5	1424	87	1260	257	584	875	1040	409	1257	848	635	1230	351	
7	2	782	736	946	1285	807	968	1264	
9	3	1414	594	897	504	849	678	255	306	962	
5	4	24	1368	175	296	109	
12	4	999	470	158	590	263	563	777	1214	505	1412	1299	686	
4	3	288	945	984	376	
6	2	451	500	1041	613	237	803	
4	3	615	1192	996	1038	
9	4	820	1063	1066	1129	512	954	731	1343	511	
8	4	136	1221	843	190	1155	1369	623	224	
9	6	991	644	732	1143	1238	806	1473	633	1173	
8	5	1062	955	1290	665	405	221	1438	715	
10	7	784	1147	725	977	1308	479	981	921	1376	1233	
9	4	1098	1435	696	363	289	1049	1168	1042	840	
12	6	885	435	1446	997	287	1477	1488	1487	267	585	1457	581	
11	3	359	808	755	100	685	1026	557	1202	433	1052	243	
7	3	886	1121	333	1180	966	714	383	
7	5	1209	1434	386	114	922	540	1199	
6	5	1144	1413	216	371	909	499	
5	4	1454	1122	1201	121	162	
9	6	1157	1377	7	538	1232	116	194	637	1441	
11	5	25	392	439	549	1293	272	651	94	182	655	286	
11	6	1016	1332	1432	1070	646	1287	792	588	1442	713	845	
7	5	1185	281	681	1092	1190	1449	752	
6	1	318	702	205	561	34	700	
10	5	942	799	484	81	1254	798	264	154	871	1320	
7	4	300	839	815	415	95	716	1375	
9	3	664	50	1085	1107	258	1224	846	83	825	
10	5	1181	593	741	471	1327	1169	998	1467	1228	303	
6	5	902	1270	911	1231	636	128	
9	4	1195	1420	543	597	949	1337	1275	21	197	
11	5	1111	1172	787	797	634	629	375	827	742	901	571	
6	5	568	1200	212	699	389	61	
5	1	662	1207	298	1152	1165	
6	1	488	492	301	539	41	693	
6	5	1387	213	457	1404	1243	233	
6	1	1081	59	983	1445	706	252	
9	2	951	228	1324	927	242	278	63	517	544	
9	5	1385	676	1053	450	1244	173	1236	357	657	
9	6	1167	747	720	271	976	889	883	1013	887	
6	1	1056	138	360	103	53	774	
5	4	986	118	912	1265	930	
10	3	99	1335	861	246	748	520	641	1472	458	120	
7	5	140	449	1006	628	225	910	231	
3	1	461	1307	119	
4	4	171	1117	1291	791	
12	7	187	952	322	1373	448	697	1340	501	958	666	1392	28	
11	4	358	1365	669	1134	757	814	356	817	1360	727	1215	
9	3	1411	10	618	1096	1102	1492	1089	36	132	
6	1	649	335	353	783	137	1033	
4	2	1027	606	1175	920	
10	7	850	905	127	1239	516	491	1362	440	1187	1140	
10	4	145	1203	710	1381	325	527	813	1484	311	420	
10	5	1436	254	462	601	1240	586	1112	756	33	992	
7	2	1087	189	413	1103	882	1138	1468	
11	3	222	1405	842	865	477	1479	192	266	542	679	45	
13	8	395	1267	284	134	1262	717	1235	1339	658	163	1160	444	285	
10	3	1050	762	647	749	1075	122	495	11	88	497	
8	5	974	282	250	373	1222	323	473	321	
8	4	421	880	609	9	40	402	1054	775	
8	6	724	431	403	1145	1396	180	1191	771	
8	6	188	1481	908	950	610	652	772	555	
5	4	328	107	1189	829	1311	
9	5	1302	1498	712	734	1137	1309	739	1029	621	
9	6	1036	1338	1046	935	1218	1113	826	1443	1453	
8	4	1497	1451	698	533	924	1417	211	1500	
3	1	102	751	565	
6	1	146	938	494	485	515	923	
5	2	1031	1304	639	1072	587	
10	7	956	331	294	1124	1418	994	822	970	1011	569	
10	5	627	730	417	48	486	521	1334	261	253	1422	
9	3	443	76	786	26	474	1014	937	738	1229	
3	3	1427	969	906	
6	2	217	483	55	199	456	1318	
7	3	1325	683	579	1204	196	691	595	
4	3	692	265	1276	148	
9	6	682	161	1184	1459	329	115	1306	3	1328	
7	1	526	531	1091	608	478	1384	168	
11	6	446	943	43	174	589	1358	183	92	401	1347	1084	
8	3	56	852	769	1284	642	878	1400	1170	
10	3	251	314	1406	863	1208	823	416	1440	1194	872	
8	6	436	580	673	1088	177	570	467	141	
7	3	387	654	760	157	745	980	687	
4	3	1	165	707	737	
9	5	156	830	1219	1390	854	919	453	1023	668	
6	3	346	79	1248	235	508	766	
5	1	519	432	1226	1064	1329	
7	2	663	345	1326	223	1030	1461	482	
4	2	680	841	434	721	
10	4	1028	1149	411	953	185	58	982	13	898	324	
10	6	455	575	17	111	1271	959	349	1158	1067	1044	
7	5	336	1397	578	591	129	38	989	
4	4	761	828	1009	424	
12	8	393	153	1364	200	1017	536	1217	1402	490	441	858	534	
8	6	256	408	1048	1007	965	93	1263	1037	
3	2	778	972	343	
6	3	546	139	1131	340	305	558	
6	2	352	1150	1289	948	290	32	
3	3	866	1032	893	
13	6	368	695	711	406	553	836	459	1164	1213	347	1317	688	753	
8	2	1018	1409	160	86	1482	551	506	671	
11	4	400	1268	23	69	1178	1073	1341	1154	385	1159	1206	
8	5	1141	1429	475	1297	1109	729	1331	1356	
8	5	1354	113	248	29	1177	611	513	960	
8	3	809	110	240	169	1100	1095	929	292	
12	5	659	1274	833	106	703	309	1391	308	1034	279	524	620	
4	1	1401	1336	556	72	
10	3	1097	1345	1428	650	1305	1182	1057	135	152	819	
4	2	785	957	900	1012	
7	5	1495	963	851	398	1255	607	337	
10	5	407	1447	365	602	186	178	1136	149	550	155	
7	5	583	740	964	39	51	1106	1480	
3	1	1463	304	735	
5	3	167	630	1323	391	1456	
7	2	750	985	596	1407	1493	170	1047	
8	5	4	926	1322	438	507	722	238	1490	
7	2	944	66	831	1303	372	800	418	
10	7	164	567	779	428	554	1452	215	379	1474	559	
6	5	939	857	532	179	891	16	
11	3	493	1379	1410	1292	260	529	1355	350	90	961	1104	
7	5	1382	312	151	888	773	1090	1321	
5	4	445	176	313	1223	1045	
10	5	643	202	645	1035	1437	768	8	332	995	1388	
5	2	1350	1465	1277	914	133	
11	7	661	1279	214	892	933	746	380	530	1269	1278	382	
5	4	1234	105	414	54	860	
6	5	274	1415	35	1455	801	1374	
9	5	207	1288	208	249	172	562	899	147	1399	
9	3	705	979	1249	1314	523	794	1245	1298	307	
5	4	1315	230	690	44	465	
5	3	582	604	1444	1210	20	
10	7	1462	1283	1386	68	1130	452	832	1019	143	1389	
10	7	1241	124	108	1127	614	895	412	1310	802	12	
6	4	209	426	1024	862	1008	1082	
5	1	1118	973	1161	1273	708	
6	5	616	1005	6	423	1469	853	
4	3	834	201	1394	1252	
9	5	1010	1250	112	276	1266	781	1312	1171	1393	
10	5	537	947	876	30	638	370	1151	653	117	632	
5	2	835	1357	672	1094	805	
1	1	502	
6	4	1439	1426	234	404	1281	480	
10	7	758	166	934	916	574	97	74	1212	342	466	
7	3	890	780	378	1186	915	82	622	
6	1	1116	573	864	1146	1060	203	
6	5	245	726	472	941	626	990	
13	7	159	27	917	1025	1115	704	1272	1351	476	1237	1353	77	660	
8	2	1256	824	1313	812	617	65	1043	1220	
10	4	1496	1246	603	96	2	868	1485	1370	293	566	
5	4	348	5	1395	259	1494	
3	1	316	1074	210	
9	5	126	795	49	1058	1148	1476	468	489	18	
8	3	241	1403	993	1300	867	837	144	1408	
6	1	928	844	390	239	1079	793	
5	3	42	47	425	366	873	
4	1	262	1193	811	1126	
6	5	463	1039	1135	15	1002	674	
7	2	971	1004	988	1139	142	1460	218	
6	5	1433	503	397	1133	592	931	
5	2	754	879	236	1101	847	
6	3	1425	548	396	1000	987	1489	
9	4	790	701	78	719	1294	821	903	1261	1114	
7	2	98	1398	219	297	369	975	967	
10	3	1383	733	206	150	52	518	1491	881	1196	1188	
5	3	75	816	37	810	1448	
9	3	46	299	625	364	377	1458	770	1352	677	
7	5	1211	670	648	334	767	422	302	
3	1	907	547	605	
7	1	1125	744	384	330	232	437	1083	
4	1	1205	560	388	1342	
7	1	1359	1258	1372	1132	1197	870	454	
5	1	896	317	1478	510	694	
6	2	599	1176	362	525	460	514	
8	2	656	619	1466	631	1119	275	1419	327	
8	2	838	913	1251	341	541	1142	1450	709	
9	5	344	1363	70	1166	195	859	1431	1162	1348	
6	2	427	1253	496	270	315	1378	
9	3	125	1108	764	1003	1179	804	1316	1464	884	
5	3	856	291	1470	1349	104	
3	3	1128	22	509	
16	7	1061	1367	1065	564	925	19	552	1077	89	1069	528	60	1475	280	1499	1068	
6	3	1051	31	855	1110	80	869	
7	3	576	71	535	1071	1216	269	640	

1	4	126	222	283	338	493	582	624	834	885	
2	488	659	978	1302	1433	1436	1439	1495	1496	1497	
3	145	344	662	926	1141	1195	1246	1325	1379	1383	
4	207	358	359	393	728	782	971	986	1382	1498	
5	159	187	241	352	427	664	818	820	1098	1125	
6	245	394	455	750	886	974	1036	1128	1183	1234	
7	42	102	156	188	193	346	381	407	583	604	
8	395	627	785	963	1203	1209	1288	1424	1425	1426	
9	75	361	598	830	1157	1274	1338	1405	1444	1447	
10	1	79	282	318	661	680	784	942	1004	1063	
11	435	463	758	838	842	985	1046	1185	1241	1267	
12	24	46	209	443	790	833	835	902	1050	1056	
13	146	153	254	400	913	1061	1270	1322	1350	1429	
14	27	98	171	274	312	438	492	667	762	799	
15	124	164	166	184	234	336	348	368	956	1039	
16	84	284	736	1111	1361	1363	1364	1410	1434	1465	
17	320	436	663	705	850	1144	1279	1359	1403	1462	
18	70	426	615	643	733	917	999	1016	1368	1414	
19	331	365	421	575	702	808	928	944	1025	1028	
20	165	576	701	710	991	993	1115	1219	1256	1354	
21	14	71	76	91	251	256	374	526	594	754	
22	108	300	451	519	535	546	796	824	879	988	
23	247	502	545	548	603	647	682	816	1051	1295	
24	99	138	890	905	934	1147	1251	1357	1390	1413	
25	301	316	386	408	599	725	880	952	1018	1207	
26	217	322	1010	1048	1248	1253	1385	1387	1398	1411	
27	31	56	387	445	462	567	676	695	795	1081	
28	96	226	262	470	507	1121	1135	1172	1268	1330	
29	47	66	176	500	656	1007	1086	1181	1258	1283	
30	23	268	273	313	531	619	644	654	704	780	
31	151	198	214	295	484	487	683	755	938	957	
32	105	206	220	712	1366	1367	1415	1427	1446	1451	
33	17	87	139	616	672	698	788	951	965	1053	
34	125	596	711	892	1087	1149	1176	1211	1319	1365	
35	2	35	294	494	503	669	1372	1381	1454	1463	
36	59	81	100	150	281	298	649	692	722	760	
37	228	406	568	787	809	900	1024	1094	1167	1192	
38	69	202	355	743	786	996	1005	1062	1254	1300	
39	64	110	134	450	685	732	747	841	946	1118	
40	118	720	779	797	933	1277	1409	1420	1435	1481	
41	314	328	399	432	483	543	740	761	897	1026	
42	10	25	26	200	396	828	916	955	1065	1108	
43	208	345	557	862	867	868	914	1097	1132	1163	
44	78	167	537	580	601	730	977	1272	1315	1332	
45	50	113	127	244	417	504	670	744	1134	1262	
46	111	230	235	618	630	947	983	1225	1260	1285	
47	57	335	414	446	496	839	1193	1244	1313	1344	
48	201	257	597	1166	1202	1239	1240	1242	1373	1432	
49	384	448	602	866	876	907	1027	1335	1397	1485	
50	49	175	392	606	757	1041	1066	1071	1150	1210	
51	30	114	360	475	697	856	904	1377	1406	1466	
52	93	106	339	353	553	764	877	979	1116	1200	
53	216	734	831	836	861	908	912	1017	1152	1271	
54	107	161	564	634	851	922	950	1074	1124	1127	
55	213	367	397	439	631	696	812	1175	1178	1303	
56	136	288	614	707	852	1003	1038	1096	1249	1265	
57	48	157	363	398	586	769	863	920	1282	1351	
58	37	362	540	573	717	849	1119	1131	1143	1174	
59	158	549	584	864	939	1221	1250	1326	1386	1416	
60	52	238	296	299	536	645	745	746	854	895	
61	62	186	372	428	461	485	925	943	1001	1102	
62	19	205	212	625	678	814	1197	1235	1259	1284	
63	364	609	843	949	1035	1058	1179	1263	1292	1308	
64	5	377	554	857	935	959	997	1091	1112	1217	
65	112	140	160	178	340	476	574	590	648	765	
66	287	749	1000	1133	1216	1218	1324	1418	1452	1455	
67	190	481	629	964	1148	1189	1255	1301	1339	1345	
68	68	240	289	412	434	552	610	673	1113	1226	
69	22	249	325	411	474	865	875	930	1297	1310	
70	54	195	263	378	404	449	690	719	724	759	
71	330	469	477	837	1021	1031	1055	1070	1077	1223	
72	89	349	681	826	896	1040	1117	1129	1205	1340	
73	43	236	525	638	804	811	888	1069	1085	1208	
74	9	410	431	516	593	646	973	1020	1165	1407	
75	219	741	756	800	1155	1184	1238	1304	1428	1437	
76	169	371	561	823	870	919	953	1291	1369	1458	
77	297	380	429	1237	1287	1293	1401	1477	1479	1492	
78	15	33	185	215	459	508	844	1075	1088	1146	
79	223	317	370	501	927	1049	1100	1290	1337	1353	
80	39	44	86	375	578	776	778	801	911	1060	
81	173	291	457	512	528	533	563	855	945	1092	
82	40	442	491	532	783	924	940	972	1130	1164	
83	248	334	471	479	703	777	791	815	859	1168	
84	58	109	272	275	409	425	650	652	684	806	
85	97	379	579	658	767	798	969	1275	1314	1395	
86	232	403	486	523	807	994	1045	1089	1281	1305	
87	122	250	271	416	452	509	591	617	726	954	
88	6	129	144	192	356	612	665	982	1101	1151	
89	7	60	101	189	402	699	829	981	1014	1109	
90	13	74	137	163	172	177	270	309	518	522	
91	341	454	521	1008	1032	1107	1158	1186	1280	1323	
92	242	369	541	623	1137	1257	1289	1431	1488	1491	
93	174	179	246	530	538	653	817	832	1073	1213	
94	21	29	405	527	562	613	768	794	976	992	
95	8	34	418	651	891	1110	1122	1236	1294	1311	
96	77	258	333	642	748	1033	1064	1370	1419	1459	
97	65	80	415	975	1059	1145	1201	1380	1417	1440	
98	38	210	229	237	413	660	881	918	921	1015	
99	390	570	893	1054	1139	1232	1327	1329	1336	1402	
100	121	589	639	827	889	915	1162	1376	1391	1443	
101	264	329	389	556	608	772	803	821	822	874	
102	181	478	1019	1072	1396	1470	1475	1482	1486	1493	
103	95	162	276	278	551	731	909	1123	1214	1269	
104	304	506	1076	1095	1105	1161	1169	1190	1199	1348	
105	72	103	266	437	464	970	1067	1266	1273	1384	
106	55	115	520	729	792	810	929	932	1042	1180	
107	292	332	343	560	735	899	948	966	1103	1306	
108	85	117	260	373	1006	1009	1022	1177	1334	1358	
109	94	305	453	460	813	869	882	883	1011	1082	
110	130	265	315	347	480	495	628	773	781	860	
111	51	277	280	319	357	467	700	1160	1224	1231	
112	154	203	490	600	1142	1212	1312	1341	1343	1474	
113	3	180	447	472	641	657	903	958	1316	1317	
114	123	269	419	611	937	941	1090	1154	1204	1245	
115	73	142	558	847	980	984	1030	1106	1191	1298	
116	20	388	559	607	718	848	1247	1464	1472	1478	
117	182	366	513	542	636	675	840	846	1002	1138	
118	63	83	261	539	708	873	1222	1276	1394	1445	
119	133	225	635	674	884	898	987	1136	1194	1362	
120	11	307	515	555	766	872	1421	1460	1461	1473	
121	183	293	440	714	716	960	995	998	1012	1171	
122	41	221	323	342	376	385	687	706	751	910	
123	116	170	878	1044	1278	1331	1346	1467	1468	1476	
124	196	391	565	771	1013	1228	1321	1333	1342	1356	
125	290	326	424	482	655	666	887	968	1261	1296	
126	383	473	517	1196	1309	1328	1423	1484	1487	1490	
127	36	88	141	989	1078	1083	1233	1448	1480	1483	
128	194	231	433	529	569	588	739	1099	1187	1198	
129	267	308	327	441	466	626	775	1430	1442	1449	
130	53	239	505	510	693	1182	1230	1392	1450	1456	
131	143	197	199	382	422	458	632	679	752	763	
132	67	92	227	253	354	468	1079	1126	1140	1252	
133	147	742	805	871	923	1034	1037	1080	1307	1360	
134	82	211	302	544	770	936	1057	1159	1355	1388	
135	585	691	713	789	1043	1052	1120	1374	1412	1438	
136	131	149	191	286	321	592	633	723	738	906	
137	279	499	514	550	637	1114	1375	1400	1404	1471	
138	120	128	350	489	497	572	802	858	1206	1320	
139	32	155	255	259	303	311	351	444	534	774	
140	168	224	243	285	306	401	423	511	524	577	
141	16	28	90	119	132	430	721	845	1023	1047	
142	547	620	715	1170	1227	1243	1286	1299	1378	1393	
143	61	135	962	990	1352	1408	1457	1494	1499	1500	
144	12	18	45	204	688	1156	1220	1264	1422	1453	
145	456	622	686	901	961	1029	1399	1441	1469	1489	
146	152	587	640	671	753	853	1229	1318	1347	1371	
147	218	233	465	595	709	1084	1104	1153	1173	1349	
148	310	420	571	677	727	819	825	894	1068	1389	
149	252	498	566	581	605	668	967	1093	1188	1215	
150	104	148	324	337	621	689	694	737	793	931	

1	0	1	0	1	0	1	0	1	0	1	0	1	0	1	0	1	0	
1	0	0	1	0	1	0	1	0	0	1	1	0	1	0	1	0	1	
1	0	1	0	0	1	0	1	0	0	1	0	1	1	0	1	0	1	
1	0	1	0	1	0	0	1	0	0	1	0	1	0	1	1	0	1	
1	0	1	0	1	0	1	0	0	0	1	0	1	0	1	0	1	1	
0	1	0	1	0	1	0	1	0	1	0	1	0	1	0	1	0	1	
0	1	1	0	1	0	1	0	1	1	0	0	1	0	1	0	1	0	
0	1	0	1	1	0	1	0	1	1	0	1	0	0	1	0	1	0	
0	1	0	1	0	1	1	0	1	1	0	1	0	1	0	0	1	0	
0	1	0	1	0	1	0	1	1	1	0	1	0	1	0	1	0	0	
