1500	150	200	10

6	4	754	778	1416	356	1059	196	
6	1	632	307	1256	982	1382	268	
5	1	806	157	1423	1255	9	
5	4	1344	823	667	698	603	
8	4	703	80	253	252	405	224	391	416	
7	4	1293	821	931	262	702	418	554	
8	6	509	831	1442	1192	358	331	759	219	
5	3	1019	958	296	1129	529	
8	2	883	862	940	1395	254	860	621	565	
9	6	670	548	1034	166	1326	1367	1264	981	30	
7	5	571	96	1419	1211	553	689	1156	
9	6	681	374	147	138	1358	920	239	718	968	
13	5	26	629	578	1483	1420	1202	89	1448	1460	966	1247	732	73	
13	6	923	723	1217	167	866	433	635	648	647	856	1451	492	1072	
6	2	330	610	1436	674	805	1266	
10	4	523	496	127	783	1387	270	233	1275	1470	1218	
11	4	156	311	762	911	1014	549	939	102	1334	123	943	
8	2	514	1155	1390	448	1184	1109	587	272	
4	3	70	769	555	796	
9	3	627	935	730	1268	604	1007	716	248	37	
7	4	844	1259	1102	1104	211	573	506	
6	5	561	540	1061	655	187	532	
2	1	45	613	
9	5	1134	410	42	728	1357	194	1178	992	1446	
5	1	933	919	349	1434	446	
8	4	1249	967	669	388	1319	106	709	1069	
3	1	724	428	1413	
8	4	1152	683	401	1225	715	534	1106	1205	
9	5	110	25	1368	1171	594	137	642	323	18	
5	4	400	845	990	299	329	
10	3	684	457	1084	1491	32	660	1386	827	869	491	
11	5	609	793	16	458	1318	633	191	36	371	486	1024	
7	3	1021	817	1018	755	774	264	1003	
10	6	799	379	1223	504	779	1066	1345	1379	422	781	
11	4	1145	820	40	97	1045	402	71	54	1321	1119	1257	
4	2	1146	586	1228	477	
11	5	322	50	247	1422	217	790	668	1271	1490	24	623	
8	4	149	606	678	1196	1127	878	513	312	
7	5	1378	1376	242	275	977	926	552	
9	5	15	785	986	1405	1435	539	406	1100	808	
7	3	946	816	409	1403	813	1300	274	
2	1	1471	1381	
8	6	212	1433	558	115	1143	1136	1075	1158	
10	3	1080	1011	484	1164	1362	82	234	179	355	1331	
7	5	607	1229	1407	58	1060	354	283	
8	6	1142	530	1036	44	545	173	1406	1375	
7	4	970	1209	938	232	1477	550	310	
8	4	738	1301	849	1303	948	949	479	591	
3	3	225	1166	65	
8	2	146	259	685	1112	308	937	744	436	
4	2	417	300	696	46	
6	1	183	412	1182	380	327	376	
4	1	979	397	922	362	
7	4	470	55	1363	393	824	7	1062	
7	5	62	891	1050	148	160	84	739	
11	7	158	857	1449	344	579	1242	1190	859	888	140	1404	
6	2	519	116	969	747	1095	2	
6	1	164	325	705	1025	626	60	
9	2	505	1437	1441	385	803	180	75	199	735	
5	4	202	634	537	688	108	
7	4	818	1238	1277	1258	1245	756	1175	
9	5	953	398	178	10	368	145	916	38	298	
7	3	834	227	1279	1189	346	894	286	
5	3	890	456	1273	1486	1415	
7	4	1447	598	547	1323	6	366	1270	
6	3	1454	1369	955	1236	1351	962	
7	4	751	494	324	481	260	1393	583	
5	1	421	1013	120	285	727	
9	6	896	27	1168	413	867	1037	840	85	326	
6	3	1077	119	284	898	750	249	
4	2	711	195	932	999	
9	2	1108	1432	1308	828	1203	480	1352	1126	1240	
4	3	1305	766	1051	501	
5	2	1033	1180	745	1325	907	
16	7	163	1208	1227	825	340	101	8	1290	489	974	842	214	544	743	1170	895	
5	1	168	601	1281	454	1215	
10	5	1499	641	1090	113	978	440	1469	1054	69	1191	
8	5	595	994	1071	131	1167	188	468	74	
8	6	447	1476	1087	171	1200	900	508	599	
5	2	1042	830	608	1294	1214	
6	1	1349	336	835	1076	288	384	
4	3	435	892	1078	964	
8	3	1226	1487	280	734	68	1186	811	1022	
7	4	944	1224	597	29	871	520	1444	
6	5	637	396	301	223	521	1455	
8	3	144	1466	1053	742	51	21	535	381	
5	1	559	1356	218	465	263	
8	5	339	1162	1392	928	567	1099	1172	1396	
8	4	541	1199	1310	1093	850	582	1438	1039	
9	4	243	945	936	1336	1138	665	210	1373	1121	
7	2	169	656	483	590	612	1391	469	
6	2	1230	66	213	1311	93	1123	
9	2	701	1485	1085	462	33	658	963	1028	885	
12	8	482	837	1082	350	1195	1101	1173	741	1330	795	1110	971	
8	3	229	203	987	646	1081	1296	1288	48	
12	4	997	1179	1440	434	151	507	909	83	1497	512	1343	1473	
9	5	437	873	109	464	250	1153	1402	1337	841	
11	4	266	884	237	676	954	1383	714	1176	576	100	925	
8	5	934	1320	767	408	812	292	653	699	
7	1	917	1285	952	1111	901	1241	1272	
9	5	1044	581	414	273	238	39	624	1366	31	
12	6	261	753	1120	551	538	1400	518	206	43	245	1496	165	
5	2	516	503	453	314	717	
5	4	404	122	450	1347	1461	
11	3	317	615	1096	843	1450	908	661	1289	279	474	560	
3	3	1193	1063	721	
15	5	498	34	814	133	770	881	430	459	1418	975	333	1122	375	780	1070	
10	3	568	293	251	1265	320	846	208	700	91	359	
5	2	858	135	184	1339	11	
7	1	367	72	124	662	282	788	427	
5	3	996	1183	1430	649	240	
4	4	528	1410	1049	1130	
5	3	192	773	1008	991	786	
10	6	731	643	107	584	625	278	853	221	3	287	
6	5	476	1372	1464	1468	782	347	
6	3	1000	215	98	1016	328	1262	
7	5	1361	776	197	511	193	204	792	
2	1	236	1118	
10	6	1040	1380	373	190	426	177	1174	444	57	200	
12	8	383	809	1055	572	1333	887	1074	851	372	870	822	1031	
8	3	961	1113	1035	1348	757	1324	1388	1412	
8	5	1058	390	114	1091	389	605	90	1335	
4	1	580	564	1017	1329	
5	3	533	651	614	640	664	
6	1	271	1427	47	752	1124	1248	
7	1	161	1269	112	220	1408	500	442	
9	4	121	690	1342	185	1452	833	761	682	241	
4	3	99	1252	1417	906	
7	2	791	1222	118	1144	342	378	903	
12	4	1479	708	706	297	736	666	176	332	117	746	798	425	
10	3	838	1235	35	1465	386	1385	704	1429	77	1207	
12	8	819	1188	794	1346	186	913	209	281	64	618	1046	341	
8	4	222	5	654	1010	902	749	995	880	
13	5	542	289	526	1340	170	622	525	1139	1131	335	415	865	162	
9	5	1426	1216	49	616	1355	570	1052	1398	886	
12	6	763	134	1492	807	104	1047	461	740	802	957	1394	155	
6	1	1149	879	1370	985	1150	1239	
6	4	677	1283	1157	726	439	1032	
1	1	942	
7	2	675	334	848	631	467	1163	875	
5	1	1065	20	485	1424	59	
5	2	244	1280	255	443	998	
5	3	1026	277	303	574	1137	
14	9	1159	722	854	189	1309	1148	304	636	1253	725	719	1006	1232	652	
6	3	915	1488	692	1246	497	639	
7	5	663	76	673	1125	930	154	290	
11	6	563	431	836	600	1384	1284	201	510	1365	1302	801	
8	2	226	1048	105	1341	588	291	488	305	
8	5	777	1079	1161	874	475	126	361	1315	
12	4	905	893	502	1475	515	1478	150	712	951	1421	1103	947	
7	1	81	466	1098	319	1467	775	295	
4	2	758	680	1459	1286	
6	1	205	768	1443	1160	153	1306	
9	5	1088	1482	959	1001	517	1243	556	800	1212	
4	1	369	1322	1374	23	
7	1	78	258	1038	546	1458	1494	1278	
6	2	19	737	1105	1312	707	61	
7	5	536	1	693	771	1304	198	1462	
5	1	1472	543	569	1068	1094	
4	2	713	826	1287	1316	
7	1	1267	1299	1234	478	1194	1317	348	
7	4	876	1425	1371	729	103	589	1313	
5	1	1411	1140	1083	451	343	
10	4	897	993	784	420	228	1439	1177	175	650	1169	
7	2	1389	395	1117	1338	566	56	1456	
6	2	487	839	377	1002	1489	531	
10	7	914	972	748	620	1181	1276	141	1030	1261	1327	
14	8	363	1147	231	804	988	1023	269	22	1233	365	1151	815	1250	657	
11	4	585	1231	645	765	1274	980	921	139	1027	92	863	
7	3	1201	1481	1453	111	918	394	424	
6	5	1015	950	976	797	965	1495	
10	3	910	1291	1056	1295	172	352	95	1237	983	1399	
7	1	929	1004	207	1244	216	855	941	
3	1	407	452	392	
9	6	832	129	455	257	351	1073	473	630	1132	
3	3	86	1219	638	
7	2	152	687	1097	345	927	63	382	
10	6	132	899	1128	617	679	1263	302	1067	1165	306	
8	6	499	182	321	1314	1154	1198	438	1141	
10	5	864	1057	460	592	1005	472	1350	1260	174	577	
10	3	449	1498	904	847	28	88	1414	789	142	1133	
7	3	12	79	490	495	1292	181	956	
11	4	445	1092	14	360	267	235	733	1107	1187	695	370	
10	7	471	1213	527	1500	128	1185	1116	1431	764	1043	
4	2	246	309	94	364	
7	3	1251	1089	1484	575	1254	1282	53	
9	2	694	125	136	659	1298	877	710	1401	628	
9	5	1135	1297	316	720	423	772	357	41	1474	
9	2	973	337	353	387	1332	1064	1012	852	338	
7	5	524	1204	1359	984	868	1445	441	
8	4	1493	403	671	960	265	411	1397	493	
7	3	810	882	1197	432	294	67	989	
10	3	159	672	1364	619	318	1221	829	1480	1206	760	
4	1	463	1210	602	924	
9	3	13	1360	562	130	429	1020	87	315	1115	
10	6	276	697	143	1428	1354	1307	1029	52	313	17	
6	2	593	912	1009	399	1220	889	
8	4	4	1086	557	1114	230	522	1463	419	
9	3	872	691	596	1377	686	611	1409	644	1457	
6	4	1353	861	1328	787	256	1041	

1	363	498	609	819	864	897	997	1040	1108	1159	
2	12	149	192	229	542	637	681	731	914	923	
3	445	449	536	973	1021	1065	1077	1080	1088	1135	
4	146	226	322	482	519	541	838	953	1147	1179	
5	152	505	607	684	817	946	972	1251	1293	1389	
6	34	119	231	339	643	694	793	832	837	1015	
7	4	26	163	205	261	289	435	457	810	816	
8	16	437	447	471	723	758	1018	1092	1201	1297	
9	19	121	164	246	421	606	890	917	929	1044	
10	116	243	276	400	523	581	737	996	1042	1057	
11	132	203	244	595	629	675	777	950	1084	1380	
12	125	330	367	396	722	910	1004	1089	1217	1226	
13	110	568	627	753	754	773	818	844	854	905	
14	398	571	1048	1086	1229	1285	1472	1487	1498	1499	
15	271	374	641	804	935	1033	1162	1208	1432	1440	
16	14	78	169	458	563	806	933	1000	1183	1188	
17	259	748	791	872	873	915	919	1082	1199	1353	
18	266	325	434	463	470	670	751	993	1026	1058	
19	15	50	81	258	280	334	383	414	830	892	
20	404	557	691	821	896	904	994	1011	1120	1318	
21	189	225	317	524	656	701	961	1078	1213	1238	
22	158	301	1227	1249	1280	1310	1427	1479	1484	1491	
23	20	86	147	178	293	390	711	734	763	987	
24	62	277	284	337	484	585	708	814	858	969	
25	32	195	499	528	533	561	876	931	976	1309	
26	107	122	182	703	784	847	882	932	967	1145	
27	79	133	159	215	321	395	548	578	663	713	
28	80	114	161	485	620	1149	1231	1267	1407	1426	
29	134	253	360	697	706	825	848	899	944	1164	
30	135	136	297	551	672	785	797	942	979	1091	
31	25	27	76	183	247	251	252	580	584	730	
32	70	526	660	673	678	1128	1447	1476	1481	1492	
33	109	460	487	1340	1344	1368	1411	1482	1483	1488	
34	267	538	1105	1114	1181	1196	1314	1361	1386	1454	
35	129	212	222	340	412	417	514	596	633	645	
36	144	151	464	659	690	893	1079	1197	1422	1424	
37	490	625	768	807	970	1071	1219	1235	1299	1362	
38	96	278	496	509	755	765	776	952	1146	1291	
39	35	99	527	669	738	770	879	1111	1216	1230	
40	5	632	778	820	823	831	834	857	1265	1269	
41	138	143	168	207	273	307	827	883	1369	1465	
42	49	101	217	350	654	861	1358	1400	1433	1453	
43	40	131	235	431	862	869	1090	1117	1224	1234	
44	55	262	373	502	575	586	794	1161	1301	1466	
45	13	113	466	687	836	934	940	1113	1180	1204	
46	82	227	349	389	736	1428	1449	1475	1485	1493	
47	167	190	202	234	344	388	685	884	1155	1209	
48	420	426	507	515	598	874	1171	1390	1420	1437	
49	320	386	790	799	938	1034	1035	1148	1166	1202	
50	97	166	237	448	1154	1274	1276	1328	1346	1377	
51	476	478	559	846	1053	1182	1319	1348	1442	1500	
52	228	238	615	666	891	1244	1308	1430	1441	1478	
53	177	197	558	646	680	724	898	945	1050	1112	
54	89	309	369	483	592	1168	1222	1279	1359	1395	
55	170	845	1008	1085	1096	1098	1298	1342	1354	1363	
56	304	590	668	1045	1097	1140	1259	1378	1419	1425	
57	98	111	156	385	393	986	1142	1174	1195	1210	
58	157	379	518	579	692	733	849	1013	1056	1326	
59	105	409	413	600	649	877	959	1083	1295	1305	
60	68	230	311	353	597	809	991	1005	1223	1312	
61	94	127	186	250	308	605	702	705	978	1101	
62	115	150	1107	1338	1349	1392	1403	1405	1416	1443	
63	28	47	336	472	530	617	990	1189	1360	1439	
64	120	206	299	594	608	622	766	813	955	1242	
65	1	43	112	345	387	602	839	1294	1300	1320	
66	274	455	710	988	1055	1186	1192	1303	1332	1367	
67	141	516	547	636	679	867	984	1019	1051	1152	
68	10	303	525	572	866	1010	1364	1370	1385	1448	
69	128	494	503	683	1001	1087	1134	1139	1253	1256	
70	418	562	783	881	1131	1160	1190	1263	1376	1384	
71	29	66	191	242	401	430	593	868	936	1016	
72	213	254	319	410	453	752	762	853	913	948	
73	36	72	88	130	300	364	433	843	902	912	
74	45	59	774	824	871	982	1009	1038	1185	1284	
75	8	495	757	1116	1153	1187	1225	1323	1382	1387	
76	6	504	635	676	911	1211	1268	1311	1372	1410	
77	176	185	264	432	517	677	750	928	1014	1333	
78	90	184	429	444	619	695	786	828	954	1030	
79	104	328	450	462	511	712	937	1023	1307	1450	
80	318	397	403	459	546	549	631	767	860	887	
81	42	209	245	269	316	356	811	1093	1102	1143	
82	285	408	574	745	1184	1341	1350	1414	1431	1460	
83	137	171	221	275	553	850	1125	1137	1435	1445	
84	39	208	346	407	744	927	1109	1236	1401	1418	
85	63	118	281	294	539	742	1252	1371	1383	1467	
86	3	257	332	382	582	693	859	966	1064	1074	
87	567	747	771	980	1127	1177	1277	1335	1339	1351	
88	153	380	728	909	975	1025	1099	1104	1173	1322	
89	324	377	399	402	441	467	835	878	985	1020	
90	779	888	908	1150	1283	1290	1423	1434	1438	1496	
91	71	179	564	616	720	1029	1167	1220	1254	1260	
92	22	64	355	540	566	642	951	1066	1124	1157	
93	117	456	618	628	648	696	715	1047	1246	1264	
94	33	481	522	601	634	725	769	826	939	1012	
95	175	236	302	371	461	749	789	1059	1061	1239	
96	54	124	740	764	995	1163	1336	1356	1402	1458	
97	87	333	803	920	1261	1273	1331	1337	1357	1452	
98	58	83	358	486	604	651	658	746	965	1095	
99	172	329	452	513	833	930	1144	1172	1193	1221	
100	93	140	148	351	520	671	686	726	775	851	
101	106	142	180	201	489	554	704	918	964	1073	
102	331	405	610	626	761	802	949	963	1258	1281	
103	218	224	537	714	974	1002	1203	1321	1345	1347	
104	46	188	479	662	829	841	1036	1049	1138	1233	
105	342	661	667	741	812	889	924	958	1060	1198	
106	52	211	255	282	475	510	588	852	1176	1245	
107	295	312	335	465	624	647	698	842	1022	1063	
108	44	75	216	260	423	451	497	721	759	787	
109	7	65	439	440	468	709	727	922	981	1037	
110	223	239	352	394	689	1194	1248	1282	1289	1469	
111	576	1054	1067	1200	1271	1317	1365	1366	1417	1429	
112	57	196	313	368	534	756	960	1028	1069	1247	
113	95	145	174	365	732	856	977	1032	1122	1136	
114	265	621	788	921	1039	1471	1486	1494	1495	1497	
115	214	219	270	296	315	370	957	1075	1304	1324	
116	67	366	392	443	454	545	655	772	1381	1388	
117	51	102	160	193	199	220	357	372	411	682	
118	154	173	436	473	1243	1306	1393	1397	1463	1464	
119	126	290	375	543	544	573	719	880	1156	1228	
120	521	614	855	926	1017	1076	1081	1215	1237	1292	
121	21	165	241	569	612	718	798	885	900	1007	
122	17	31	41	69	74	555	729	1133	1296	1374	
123	415	480	665	716	840	870	962	1024	1062	1151	
124	139	210	232	287	291	314	506	603	611	707	
125	23	56	181	248	613	815	1408	1415	1451	1474	
126	2	194	233	362	378	500	535	583	640	743	
127	256	327	391	427	428	903	1255	1334	1355	1373	
128	77	123	200	263	288	512	587	700	901	1041	
129	442	508	630	998	1241	1270	1391	1404	1406	1409	
130	30	91	338	361	381	717	822	916	1178	1288	
131	187	272	354	419	488	688	1115	1302	1325	1330	
132	639	865	1287	1329	1444	1459	1477	1480	1489	1490	
133	103	556	1006	1132	1165	1175	1214	1316	1394	1421	
134	198	477	492	795	1027	1250	1327	1352	1436	1468	
135	24	100	279	550	565	650	983	1046	1123	1232	
136	37	60	204	292	652	780	907	1068	1103	1121	
137	341	425	438	800	875	1070	1106	1119	1343	1379	
138	53	61	108	155	162	283	305	376	384	424	
139	9	268	306	493	570	653	664	894	1129	1278	
140	84	323	406	474	657	999	1052	1191	1262	1275	
141	48	85	240	560	589	591	623	782	1126	1375	
142	529	735	941	943	1100	1313	1398	1399	1470	1473	
143	18	38	73	416	422	469	925	968	1206	1218	
144	249	577	801	992	1094	1170	1205	1240	1286	1412	
145	347	359	532	644	1130	1272	1396	1413	1461	1462	
146	11	92	343	446	552	599	674	699	792	1031	
147	298	310	501	805	863	906	989	1207	1212	1315	
148	781	796	886	895	1072	1110	1446	1455	1456	1457	
149	326	491	531	638	760	808	1003	1118	1169	1266	
150	286	348	739	947	956	971	1043	1141	1158	1257	

1	0	1	0	1	0	1	0	1	0	1	0	1	0	1	0	1	0	
1	0	0	1	0	1	0	1	0	0	1	1	0	1	0	1	0	1	
1	0	1	0	0	1	0	1	0	0	1	0	1	1	0	1	0	1	
1	0	1	0	1	0	0	1	0	0	1	0	1	0	1	1	0	1	
1	0	1	0	1	0	1	0	0	0	1	0	1	0	1	0	1	1	
0	1	0	1	0	1	0	1	0	1	0	1	0	1	0	1	0	1	
0	1	1	0	1	0	1	0	1	1	0	0	1	0	1	0	1	0	
0	1	0	1	1	0	1	0	1	1	0	1	0	0	1	0	1	0	
0	1	0	1	0	1	1	0	1	1	0	1	0	1	0	0	1	0	
0	1	0	1	0	1	0	1	1	1	0	1	0	1	0	1	0	0	
