1500	150	200	10

8	6	253	953	242	972	541	595	1207	132	
11	5	558	186	1299	523	1467	1037	879	754	1131	73	644	
9	5	1077	765	1488	1078	1072	14	221	178	793	
7	3	687	492	520	519	803	302	1328	
9	2	513	1485	532	875	1407	784	36	384	881	
4	4	647	439	702	728	
4	4	922	928	995	654	
14	7	404	298	110	794	220	1447	71	707	1384	91	10	1071	1048	932	
6	3	199	1045	1004	593	1490	476	
7	1	1168	1114	34	442	536	1050	955	
5	4	860	987	1343	1074	138	
11	4	1025	1489	646	580	1366	382	1491	1001	705	184	1086	
9	5	143	281	1318	852	592	511	338	1029	1359	
4	3	1130	299	748	1192	
6	5	406	522	165	1434	1340	538	
6	1	482	438	361	531	1209	959	
7	4	1272	639	817	479	1241	453	130	
13	5	1368	620	623	918	76	571	1134	546	285	196	896	778	1271	
9	3	300	655	33	916	854	540	415	963	148	
3	1	992	1449	1404	
11	6	668	895	1081	574	1263	819	137	115	900	567	1300	
10	3	853	1305	452	249	1448	1425	269	851	1246	1298	
4	4	1016	597	1173	1436	
6	2	872	67	633	1342	502	1386	
3	1	516	291	1437	
5	4	1022	572	276	144	53	
8	6	968	103	420	1283	1142	292	1451	475	
6	2	1276	832	43	629	304	740	
7	3	1440	255	539	588	1238	154	96	
5	1	1088	864	962	1	840	
7	2	1196	1480	21	869	577	641	345	
6	3	551	1420	1487	69	956	814	
10	3	608	1258	1349	613	534	23	713	1039	822	431	
6	5	1498	17	371	495	311	48	
12	4	1466	45	212	430	1008	808	1176	1041	1191	1475	410	1126	
8	4	375	974	243	1100	8	824	321	589	
7	2	791	1463	731	271	278	173	268	
6	5	1277	709	1454	1171	1381	930	
8	5	1121	1461	1385	681	1377	1244	193	209	
5	2	1169	435	729	1427	119	
10	4	1054	735	308	947	680	725	1275	553	1370	46	
5	1	610	528	264	229	753	
12	8	120	16	1253	464	721	893	1036	306	565	685	526	768	
10	5	188	1105	50	1162	128	136	251	458	403	172	
8	2	372	1106	818	377	443	1179	1149	1303	
3	3	863	7	1470	
6	1	990	897	1458	1400	272	425	
17	6	961	865	877	318	123	1119	662	926	1017	501	1096	153	889	1007	101	61	1015	
7	2	1070	1229	937	181	996	1403	1225	
10	4	602	1046	70	560	582	570	855	712	307	649	
6	4	98	789	1143	648	1439	236	
13	7	530	381	552	1362	821	1361	792	605	1356	518	1465	635	122	
12	5	1287	696	841	1411	1284	829	325	1180	360	760	642	1429	
12	5	638	741	228	1112	1222	283	1034	722	1200	1183	215	1064	
7	2	1214	3	244	151	787	1392	402	
12	5	407	1304	405	118	86	1006	141	1133	63	573	823	503	
11	3	562	1345	1426	739	1061	985	1274	409	585	1367	1028	
12	8	185	671	510	637	1202	104	660	788	892	549	254	1339	
7	2	907	58	160	723	1301	323	388	
7	2	434	827	262	1348	189	960	1146	
6	4	1042	344	828	1247	1095	663	
4	4	925	493	1326	112	
9	5	466	134	905	1215	139	636	1444	296	392	
5	2	887	355	684	258	1265	
11	3	945	923	1102	752	906	1230	800	29	1193	1164	312	
8	3	1097	1267	158	1428	1240	90	1170	94	
8	5	590	524	984	1360	650	1310	1151	689	
12	5	1433	436	859	614	1293	197	5	703	1122	975	601	746	
9	2	714	1231	180	317	2	1477	1336	652	948	
8	6	866	599	284	1264	47	330	491	1415	
10	5	1002	1099	412	1204	594	556	79	316	78	270	
5	4	170	751	1000	88	607	
4	2	694	584	1333	1145	
6	2	874	831	1135	533	1330	124	
6	4	194	367	1108	1354	1111	861	
4	4	986	202	732	954	
7	5	459	200	1482	52	1459	1375	1476	
7	3	1322	408	315	514	1080	1347	1412	
8	6	80	1154	921	627	1198	1394	1178	700	
10	6	771	927	1419	108	13	873	350	591	500	940	
6	5	341	952	880	1090	757	1492	
7	3	230	1165	899	1129	393	399	1155	
14	6	512	878	1147	970	432	1136	389	1011	127	790	1203	49	95	1051	
9	3	287	679	993	421	529	1177	1156	966	547	
6	2	944	950	129	83	1189	356	
8	6	363	326	1418	1269	935	785	845	55	
11	7	385	260	401	756	481	561	938	989	690	1056	1066	
7	3	826	1223	1497	135	155	1101	587	
10	6	576	1270	4	1382	24	603	569	121	469	1220	
10	7	359	379	706	411	1383	1079	214	455	167	1388	
6	4	1393	1013	983	810	201	1399	
8	5	509	1456	842	726	886	166	515	777	
9	5	498	1259	1334	1174	1014	939	967	850	506	
3	1	77	673	38	
7	2	477	1150	1409	450	398	343	336	
12	4	309	1069	1065	1371	448	147	699	1357	427	1324	980	362	
6	5	380	1158	486	1194	218	734	
8	3	1161	727	366	265	1218	1422	1035	131	
6	5	1040	581	795	1452	237	1059	
9	2	675	1252	227	497	42	1438	1423	234	1012	
6	5	1295	708	973	568	1464	1337	
10	5	41	1306	1397	682	224	203	1091	618	451	535	
9	2	324	335	1053	912	1278	936	195	1167	559	
9	3	816	1043	891	1243	395	1031	1033	485	507	
6	2	1236	59	674	6	885	1120	
4	3	275	942	856	319	
8	2	669	1484	517	737	686	1248	314	478	
11	6	444	222	1416	717	232	999	1286	1441	1239	1140	616	
4	3	97	1076	320	216	
5	4	290	653	328	1380	207	
3	2	786	1261	965	
11	6	1018	1358	433	537	460	1472	1127	600	376	1279	566	
6	3	976	250	1435	105	113	1338	
9	2	913	766	625	416	417	329	870	971	473	
6	4	241	1075	1325	882	161	1058	
8	6	862	149	693	830	424	226	1402	724	
11	5	1250	807	718	56	467	982	1049	445	749	775	747	
9	6	159	978	628	1473	643	888	733	505	704	
5	3	1153	1093	745	1245	1311	
5	2	1187	496	615	844	223	
10	7	171	1148	480	1217	152	93	1309	1372	630	1432	
5	2	1190	836	1313	1255	373	
6	1	182	32	463	1052	508	876	
7	4	177	1085	1082	692	612	871	386	
12	6	342	711	331	74	1405	1455	764	1327	1389	1273	799	902	
8	3	289	1379	604	657	1398	446	1469	396	
9	6	211	1038	176	205	353	1026	235	664	267	
8	3	1288	351	1499	116	142	1256	150	1406	
7	4	1159	964	419	92	868	109	575	
9	2	596	743	282	1395	544	1460	1098	867	1234	
14	9	19	1320	1152	20	991	1055	797	915	81	1195	100	413	15	145	
7	5	51	750	1353	525	368	847	783	
2	2	815	1166	
2	1	441	210	
7	5	1211	245	1363	665	658	1160	1181	
6	5	349	917	884	1208	1314	87	
8	4	1206	400	279	1335	977	288	1027	247	
8	2	428	1468	813	357	1141	217	624	257	
5	2	273	1182	1137	543	1188	
6	1	437	1266	609	755	162	1443	
11	4	598	622	1221	1453	911	313	1087	277	1346	457	1352	
7	5	487	910	169	1390	156	1083	334	
3	1	1317	659	1413	
11	6	586	1450	698	672	890	1486	62	263	710	578	1315	
7	3	929	634	846	656	332	1249	730	
1	1	449	
8	4	84	429	782	179	1044	564	117	1280	
7	1	1235	1316	387	1332	583	303	554	
7	2	1163	18	809	12	1355	1290	346	
5	2	259	779	1257	465	266	
11	3	548	619	1281	666	488	1341	107	1019	1062	767	293	
4	4	102	125	472	305	
8	5	898	1446	35	322	843	72	340	820	
3	3	762	780	1228	
4	2	233	1237	1003	1424	
7	1	89	174	772	1376	527	1023	499	
4	2	631	676	1331	1414	
5	4	720	198	490	1132	1364	
8	4	394	462	64	858	1107	1369	114	423	
5	3	811	286	1410	365	75	
5	2	238	25	1212	812	369	
5	3	183	66	352	1030	468	
10	5	9	426	835	949	1401	883	715	28	358	187	
9	3	946	1268	1139	364	414	337	839	1471	555	
9	6	26	1185	231	744	1125	1084	390	557	1073	
5	2	716	1294	1224	274	1329	
3	1	82	579	225	
9	6	146	761	1219	126	773	943	213	219	1260	
7	3	837	470	1242	904	1289	1175	981	
3	3	1104	440	208	
11	7	1094	988	1233	295	1408	391	563	1032	611	1494	1124	
6	2	1063	1344	804	759	1089	1092	
10	4	958	1020	327	1285	310	758	190	934	833	383	
8	6	742	1118	99	1232	27	397	1307	1350	
7	3	774	1302	951	848	1478	719	1500	
7	4	301	192	494	667	1378	191	1213	
10	3	670	1123	1312	801	1254	85	1103	246	1308	1495	
6	3	1457	348	1117	1431	11	997	
9	4	1396	1296	798	901	1417	1319	1115	1421	941	
5	2	474	545	979	1110	924	
7	1	280	796	60	44	374	606	1024	
5	4	661	168	621	489	825	
8	6	248	297	1199	1430	40	206	261	1197	
5	3	30	1251	347	701	1474	
10	4	738	339	691	776	770	133	1442	484	914	695	
6	2	645	461	1374	933	1128	106	
10	6	806	1201	57	140	1047	39	68	805	370	447	
5	2	1057	769	908	683	994	
4	1	688	763	903	909	
9	2	651	1184	1113	626	1157	1005	37	1387	550	
10	7	998	1186	1138	781	632	919	1226	252	1109	1391	
9	6	378	1282	504	1010	1210	1227	157	1291	677	
8	5	204	838	471	640	483	521	1493	1321	
8	6	1365	1462	1060	834	239	22	678	111	
7	2	294	931	969	957	1205	1292	697	
5	4	1351	542	31	894	857	
12	5	849	617	802	1216	164	418	736	354	1021	1116	1009	422	
6	5	456	1496	333	1172	1479	163	
10	4	175	65	920	1481	1067	1262	1323	1373	240	54	
7	1	256	1068	454	1445	1144	1483	1297	

1	9	175	183	404	456	474	512	576	590	602	
2	89	204	298	363	378	806	986	1016	1042	1206	
3	120	524	598	670	771	913	976	1097	1159	1214	
4	82	250	406	428	498	738	860	862	872	925	
5	65	171	273	426	551	558	610	945	1057	1201	
6	259	301	375	513	562	622	742	838	849	968	
7	192	326	516	638	714	791	927	1148	1288	1368	
8	146	177	407	444	548	826	866	1054	1077	1211	
9	16	57	159	194	211	294	309	341	434	482	
10	41	170	694	827	837	946	1022	1085	1161	1190	
11	97	275	380	751	774	887	1351	1396	1463	1468	
12	51	140	324	339	437	522	716	816	931	961	
13	289	668	898	1076	1121	1163	1182	1250	1276	1295	
14	80	351	470	619	952	1118	1267	1268	1393	1419	
15	26	158	182	199	280	349	599	661	1070	1123	
16	3	222	248	493	765	786	835	1104	1231	1296	
17	77	262	297	344	385	741	1168	1277	1287	1302	
18	110	480	669	691	828	832	969	1082	1221	1253	
19	66	99	186	530	735	796	815	990	1045	1088	
20	185	230	284	342	466	586	608	813	920	1002	
21	300	645	727	878	958	1158	1185	1223	1229	1312	
22	202	750	929	987	1094	1114	1196	1199	1266	1322	
23	18	366	776	944	1020	1040	1235	1306	1345	1348	
24	43	438	487	1013	1038	1069	1147	1153	1217	1259	
25	509	596	970	1046	1353	1365	1430	1461	1481	1484	
26	108	149	180	320	408	692	762	807	853	964	
27	357	461	471	1428	1462	1480	1488	1496	1498	1499	
28	32	84	228	359	432	494	545	631	655	1067	
29	381	895	1304	1374	1385	1397	1418	1426	1446	1456	
30	134	291	372	801	809	865	923	957	1139	1154	
31	17	70	165	189	335	379	429	552	794	937	
32	143	441	486	629	640	978	1063	1254	1294	1343	
33	238	960	983	1065	1258	1344	1440	1450	1466	1485	
34	67	181	308	617	634	687	696	718	877	897	
35	327	998	1136	1247	1281	1317	1362	1433	1453	1458	
36	60	405	483	572	620	633	675	731	841	1053	
37	532	761	798	802	947	1299	1371	1411	1416	1437	
38	102	245	271	317	623	780	874	911	1216	1270	
39	33	116	174	253	394	523	676	739	901	918	
40	4	40	103	244	287	711	1106	1130	1252	1349	
41	19	448	517	679	709	921	951	1018	1043	1060	
42	21	164	168	255	256	281	436	612	688	766	
43	34	76	147	364	418	419	647	680	720	770	
44	25	85	188	198	220	389	597	671	717	743	
45	12	151	227	233	782	818	848	979	988	1011	
46	125	127	318	609	625	666	864	984	1099	1236	
47	265	282	331	933	1232	1242	1358	1417	1420	1457	
48	13	210	377	699	869	1025	1093	1169	1272	1382	
49	35	118	123	152	241	443	693	910	1186	1219	
50	45	59	290	433	706	736	745	916	1119	1316	
51	44	231	463	639	821	1233	1240	1334	1447	1467	
52	299	354	420	613	621	1068	1102	1284	1285	1379	
53	126	528	571	581	584	922	974	1052	1112	1128	
54	30	86	488	737	817	829	1021	1037	1194	1218	
55	169	212	325	1047	1282	1318	1320	1361	1487	1489	
56	430	651	871	917	1074	1138	1165	1187	1262	1269	
57	98	304	464	479	682	755	859	875	1061	1152	
58	74	133	264	442	653	662	789	879	962	985	
59	414	560	752	792	949	1000	1105	1305	1342	1355	
60	20	92	462	496	681	721	754	769	787	811	
61	2	24	69	88	440	646	1095	1103	1264	1319	
62	232	492	627	906	1006	1075	1078	1261	1395	1442	
63	416	454	489	542	908	935	1184	1325	1363	1392	
64	47	50	278	459	544	781	893	907	1081	1323	
65	400	508	659	698	831	842	846	1115	1134	1230	
66	142	206	260	374	520	546	574	582	614	748	
67	411	510	537	604	1283	1293	1360	1377	1435	1497	
68	39	162	197	628	744	880	899	1198	1228	1274	
69	367	477	667	686	726	1036	1113	1244	1341	1405	
70	105	176	306	315	387	435	708	876	905	926	
71	58	286	514	603	800	891	999	1108	1135	1215	
72	173	361	519	1150	1166	1241	1357	1390	1410	1454	
73	5	29	64	160	402	409	605	626	868	886	
74	570	804	830	912	991	1142	1237	1394	1409	1460	
75	224	401	439	763	858	1008	1072	1263	1332	1354	
76	333	386	534	723	732	785	953	965	993	1137	
77	93	337	427	674	996	1141	1157	1222	1243	1331	
78	565	650	795	882	1055	1162	1212	1256	1278	1401	
79	1	128	161	313	352	452	536	703	779	790	
80	109	136	417	450	490	606	685	808	819	836	
81	193	371	460	580	928	1005	1251	1257	1309	1310	
82	71	285	412	424	497	526	531	632	637	773	
83	113	205	421	504	607	657	834	973	1024	1174	
84	107	242	279	283	702	943	992	1180	1202	1356	
85	56	156	217	395	525	539	707	797	845	855	
86	249	467	495	884	1245	1286	1398	1434	1449	1455	
87	218	453	484	577	852	1098	1176	1338	1378	1384	
88	23	295	672	712	803	812	1010	1014	1116	1122	
89	368	569	725	810	903	1143	1151	1209	1333	1441	
90	27	310	449	465	583	914	1034	1131	1171	1173	
91	243	398	1203	1210	1324	1366	1445	1472	1477	1478	
92	49	302	343	365	939	1129	1227	1407	1421	1443	
93	91	382	588	919	1019	1125	1193	1204	1336	1408	
94	31	139	347	615	713	759	950	1017	1100	1145	
95	203	213	322	360	529	756	1009	1031	1372	1383	
96	75	137	216	266	330	630	839	840	843	942	
97	141	200	268	393	481	663	665	1003	1205	1224	
98	68	166	239	329	729	856	915	982	1030	1079	
99	8	22	303	307	348	355	501	561	784	854	
100	115	246	594	641	772	805	867	890	936	938	
101	14	226	592	722	1107	1313	1326	1482	1486	1491	
102	10	81	251	472	518	579	678	1049	1127	1132	
103	6	62	276	319	353	652	758	825	883	1111	
104	95	190	873	956	1033	1301	1373	1402	1448	1465	
105	150	214	468	485	740	972	1041	1133	1164	1335	
106	73	196	201	350	533	636	847	1110	1425	1473	
107	135	292	656	896	1026	1080	1172	1381	1444	1471	
108	42	72	269	689	764	824	904	977	1001	1039	
109	321	507	734	934	989	1096	1292	1347	1403	1413	
110	121	153	391	543	554	959	1144	1239	1328	1452	
111	445	760	778	851	885	1087	1177	1226	1248	1290	
112	52	112	195	311	397	701	705	844	1004	1117	
113	104	208	225	332	340	600	749	822	894	967	
114	155	252	277	370	541	568	660	673	683	768	
115	346	870	1050	1140	1289	1308	1369	1376	1427	1459	
116	491	563	595	728	889	1091	1109	1175	1191	1195	
117	36	37	235	556	863	975	994	1062	1090	1188	
118	209	261	431	511	1032	1207	1255	1431	1438	1464	
119	719	930	1071	1120	1249	1275	1364	1415	1422	1423	
120	63	157	219	221	515	664	775	1051	1179	1200	
121	11	119	455	591	601	611	724	788	1178	1291	
122	138	376	446	814	892	1101	1149	1167	1183	1238	
123	7	100	274	288	296	336	458	540	642	1156	
124	144	191	373	415	502	553	585	593	624	757	
125	111	114	129	229	369	384	399	413	521	715	
126	15	79	215	403	447	555	684	1197	1271	1340	
127	172	237	328	469	616	618	881	1048	1192	1234	
128	316	338	549	1084	1213	1375	1404	1424	1451	1470	
129	48	90	257	263	573	644	695	833	1311	1400	
130	178	451	527	746	909	966	1089	1380	1479	1483	
131	83	254	258	538	1007	1023	1297	1307	1399	1414	
132	101	154	179	658	767	941	1083	1370	1387	1436	
133	38	106	314	643	971	1044	1170	1327	1329	1412	
134	423	635	861	900	1027	1029	1035	1208	1279	1367	
135	46	78	345	550	710	823	1337	1350	1359	1389	
136	96	334	478	1189	1476	1492	1493	1494	1495	1500	
137	28	323	473	547	559	888	1059	1124	1246	1273	
138	132	475	799	963	1330	1346	1469	1474	1475	1490	
139	94	130	270	312	410	422	589	690	747	793	
140	145	167	247	267	777	857	954	1126	1146	1160	
141	124	131	234	457	697	932	995	1181	1314	1429	
142	240	390	500	850	924	955	980	1058	1064	1391	
143	55	61	122	148	207	272	396	476	948	1092	
144	53	87	184	383	564	733	753	1015	1225	1406	
145	362	425	505	566	567	783	981	1012	1155	1339	
146	117	293	305	358	392	535	557	587	700	1028	
147	163	503	575	648	704	1056	1260	1265	1300	1388	
148	54	187	499	506	578	730	1086	1220	1280	1298	
149	356	649	820	1303	1315	1321	1352	1386	1432	1439	
150	223	236	388	654	677	902	940	997	1066	1073	

1	0	1	0	1	0	1	0	1	0	1	0	1	0	1	0	1	0	
1	0	0	1	0	1	0	1	0	0	1	1	0	1	0	1	0	1	
1	0	1	0	0	1	0	1	0	0	1	0	1	1	0	1	0	1	
1	0	1	0	1	0	0	1	0	0	1	0	1	0	1	1	0	1	
1	0	1	0	1	0	1	0	0	0	1	0	1	0	1	0	1	1	
0	1	0	1	0	1	0	1	0	1	0	1	0	1	0	1	0	1	
0	1	1	0	1	0	1	0	1	1	0	0	1	0	1	0	1	0	
0	1	0	1	1	0	1	0	1	1	0	1	0	0	1	0	1	0	
0	1	0	1	0	1	1	0	1	1	0	1	0	1	0	0	1	0	
0	1	0	1	0	1	0	1	1	1	0	1	0	1	0	1	0	0	
