400	40	50	10

10	3	314	207	325	171	36	360	375	256	34	309	
11	5	276	246	67	217	263	57	177	226	125	214	58	
11	3	366	81	368	340	141	142	269	55	241	240	92	
8	3	221	248	168	56	229	339	156	385	
7	2	12	22	175	191	228	52	32	
10	4	201	153	297	381	371	400	306	336	154	279	
5	3	180	49	9	247	13	
6	1	17	181	147	319	173	311	
9	2	238	268	354	95	280	54	182	198	14	
9	2	174	321	64	122	62	352	265	75	170	
7	4	274	37	262	133	51	259	70	
7	2	61	169	393	107	74	254	89	
5	4	278	30	272	136	103	
6	3	225	239	100	320	145	131	
8	5	212	323	151	369	159	216	155	111	
8	4	380	362	391	47	382	227	167	199	
7	3	316	356	187	161	312	293	134	
5	2	266	255	350	299	345	
12	5	388	372	59	86	397	41	200	127	209	115	104	160	
11	7	384	183	387	304	152	192	108	16	40	105	139	
5	4	222	96	66	45	98	
8	6	260	91	342	196	327	101	85	138	
8	6	237	87	10	328	364	11	379	23	
11	5	83	313	162	204	163	286	341	18	322	365	99	
7	2	140	310	157	113	294	143	38	
6	2	377	15	291	68	376	373	
6	2	190	144	332	348	235	117	
9	2	4	378	358	252	42	78	166	346	124	
7	3	137	343	347	317	135	386	1	
7	4	349	119	224	281	329	205	270	
7	2	110	218	395	233	129	29	178	
12	4	20	43	77	26	367	305	264	102	33	19	326	351	
7	4	208	193	44	232	31	289	114	
10	5	28	48	298	5	21	295	132	333	284	123	
7	2	337	398	257	194	210	271	234	
9	2	39	186	292	176	73	35	158	211	324	
9	3	363	146	303	344	60	399	126	185	80	
5	4	283	359	374	184	213	
9	6	6	296	308	370	261	148	223	301	72	
10	4	206	338	330	275	230	383	396	94	2	251	
9	2	90	318	282	335	287	165	219	315	76	
14	5	267	273	97	361	150	334	290	130	27	46	84	307	3	71	
8	6	69	109	202	390	215	121	164	357	
4	4	203	63	53	82	
5	4	355	249	50	220	300	
6	2	389	250	195	25	8	79	
7	4	392	128	258	331	188	197	245	
11	6	118	7	242	244	112	106	116	189	24	243	285	
6	2	353	253	236	288	231	302	
9	3	149	277	65	394	179	172	88	120	93	

1	6	28	83	174	190	203	221	366	380	389	
2	39	61	110	140	149	180	201	267	283	321	
3	4	12	17	49	81	206	212	222	277	316	
4	20	63	69	118	137	208	237	273	296	310	
5	43	65	109	248	250	276	313	337	338	388	
6	22	64	97	153	157	193	246	323	353	359	
7	44	77	144	151	238	363	374	377	384	398	
8	15	169	181	268	274	314	343	361	368	372	
9	26	90	113	122	168	183	202	207	218	225	
10	59	175	195	294	308	325	340	387	392	395	
11	128	143	171	233	354	362	378	390	393	394	
12	62	86	186	239	260	278	304	318	349	369	
13	36	48	152	191	347	352	358	367	391	397	
14	41	53	95	141	162	179	215	292	298	356	
15	7	30	91	96	142	146	147	192	258	282	
16	121	204	232	242	252	253	266	269	355	360	
17	47	66	67	100	150	187	244	291	297	317	
18	55	56	161	319	332	334	370	375	381	382	
19	87	135	164	217	227	272	290	312	330	371	
20	5	10	107	236	261	263	275	331	342	348	
21	21	31	37	130	188	200	255	280	320	328	
22	27	54	119	129	163	173	196	197	228	230	
23	38	42	112	167	229	262	286	295	303	327	
24	127	145	265	288	305	341	344	350	364	383	
25	25	46	57	78	148	241	249	256	257	264	
26	9	50	60	82	84	108	194	223	335	339	
27	16	18	29	74	75	106	133	177	184	210	
28	40	101	102	132	156	159	224	240	254	287	
29	34	176	199	235	289	357	386	396	399	400	
30	8	73	116	172	231	247	271	293	306	307	
31	45	89	105	126	166	216	220	245	281	299	
32	3	33	35	51	52	85	94	165	185	189	
33	2	71	88	259	309	322	329	333	336	345	
34	1	19	24	70	134	155	182	205	209	226	
35	13	68	92	111	115	120	139	154	198	234	
36	79	104	125	138	158	170	178	213	219	243	
37	14	32	80	117	136	211	285	311	376	385	
38	11	93	251	279	284	300	301	302	326	346	
39	72	98	214	270	315	324	351	365	373	379	
40	23	58	76	99	103	114	123	124	131	160	

1	0	1	0	1	0	1	0	1	0	1	0	1	0	1	0	1	0	
1	0	0	1	0	1	0	1	0	0	1	1	0	1	0	1	0	1	
1	0	1	0	0	1	0	1	0	0	1	0	1	1	0	1	0	1	
1	0	1	0	1	0	0	1	0	0	1	0	1	0	1	1	0	1	
1	0	1	0	1	0	1	0	0	0	1	0	1	0	1	0	1	1	
0	1	0	1	0	1	0	1	0	1	0	1	0	1	0	1	0	1	
0	1	1	0	1	0	1	0	1	1	0	0	1	0	1	0	1	0	
0	1	0	1	1	0	1	0	1	1	0	1	0	0	1	0	1	0	
0	1	0	1	0	1	1	0	1	1	0	1	0	1	0	0	1	0	
0	1	0	1	0	1	0	1	1	1	0	1	0	1	0	1	0	0	
