400	40	50	10

7	1	387	39	81	84	331	45	15	
10	6	326	328	34	234	277	23	290	218	104	259	
7	3	392	224	72	229	116	8	132	
10	5	378	194	344	190	267	44	125	216	300	180	
2	1	115	297	
8	6	356	399	1	11	130	16	334	61	
5	3	251	101	325	192	217	
9	2	181	123	129	59	221	168	193	97	275	
8	4	368	25	373	117	350	156	64	276	
6	2	188	56	361	4	330	345	
8	5	265	110	131	178	395	3	29	266	
8	4	295	35	169	191	308	166	205	159	
10	5	384	310	396	342	343	250	273	282	271	360	
10	5	49	311	50	47	55	174	14	296	62	36	
10	7	121	189	120	248	388	231	93	88	203	19	
11	7	222	246	46	27	235	107	286	287	60	210	32	
8	6	6	341	66	215	375	327	96	292	
7	4	386	338	185	30	379	382	165	
7	1	260	323	269	141	289	161	78	
8	2	367	37	263	213	257	351	347	187	
7	1	87	173	366	179	149	240	283	
6	4	207	262	355	150	305	268	
7	2	369	186	288	177	255	238	241	
8	2	357	377	352	320	370	184	91	5	
6	5	380	230	348	144	76	321	
7	3	103	128	227	124	105	199	274	
7	5	111	236	198	24	252	74	152	
4	1	336	142	261	157	
10	3	324	176	322	400	86	95	393	102	65	354	
7	3	398	245	12	254	41	364	79	
7	2	258	80	272	391	197	204	376	
6	4	58	52	114	242	208	146	
11	4	247	83	119	136	201	160	214	126	17	75	89	
4	2	7	349	219	279	
11	6	134	196	77	315	358	31	365	195	20	122	26	
9	6	313	281	163	332	153	10	314	145	280	
9	3	109	389	353	158	256	183	301	293	340	
9	4	359	143	200	138	92	307	253	140	108	
5	3	98	244	139	100	162	
8	3	312	171	390	371	167	2	82	28	
9	6	71	239	329	170	48	298	303	67	225	
8	2	333	38	90	223	232	68	212	33	
12	8	155	363	137	151	383	284	63	264	243	304	69	175	
13	8	346	172	53	291	233	51	270	209	57	113	318	133	21	
6	4	73	18	164	319	299	206	
5	4	397	148	147	337	182	
14	8	42	394	381	237	385	54	306	127	226	106	249	40	202	112	
10	6	372	317	294	94	154	374	335	362	70	228	
8	6	9	118	339	309	220	135	285	278	
8	4	85	302	316	13	22	43	211	99	

1	71	103	121	134	222	295	324	346	368	369	
2	35	58	109	115	176	188	189	196	246	313	
3	46	77	87	98	172	265	356	372	380	389	
4	6	42	49	85	155	173	181	258	315	317	
5	9	260	326	333	357	358	359	363	384	398	
6	25	110	120	137	207	245	251	322	323	336	
7	31	247	310	377	386	392	394	397	399	400	
8	1	80	101	111	118	151	312	328	341	353	
9	73	131	171	248	272	338	365	378	383	396	
10	53	83	148	269	294	339	352	381	387	388	
11	11	56	66	86	185	239	291	309	367	373	
12	27	38	52	94	95	119	178	186	220	230	
13	30	147	169	194	235	237	302	320	348	361	
14	39	141	244	344	366	385	390	391	393	395	
15	128	143	190	197	215	233	281	288	311	379	
16	12	34	154	177	179	204	224	329	371	382	
17	37	50	107	135	165	170	191	234	236	284	
18	48	63	102	114	158	198	200	262	342	376	
19	4	7	51	81	90	117	136	231	264	289	
20	54	84	144	195	243	255	267	316	343	370	
21	13	65	72	138	142	149	227	238	263	270	
22	47	123	209	213	250	286	330	350	355	374	
23	93	161	201	242	256	298	306	325	335	349	
24	22	55	160	240	285	303	331	354	362	375	
25	3	24	44	57	129	150	174	223	229	241	
26	59	76	116	124	125	156	163	183	184	219	
27	18	88	127	130	216	261	273	278	301	321	
28	92	139	192	214	232	277	305	327	332	337	
29	43	45	67	96	126	157	167	257	283	307	
30	2	14	20	105	153	208	217	292	304	308	
31	10	29	64	69	100	113	221	226	254	297	
32	8	23	106	162	164	175	211	282	296	318	
33	16	68	78	168	182	225	279	290	300	314	
34	15	41	82	91	133	145	199	249	252	268	
35	5	21	62	74	193	218	266	271	287	351	
36	17	60	97	122	146	293	319	334	345	347	
37	26	40	70	166	253	280	299	340	360	364	
38	36	75	79	99	104	132	187	202	203	205	
39	19	61	140	152	180	210	212	228	259	274	
40	28	32	33	89	108	112	159	206	275	276	

1	0	1	0	1	0	1	0	1	0	1	0	1	0	1	0	1	0	
1	0	0	1	0	1	0	1	0	0	1	1	0	1	0	1	0	1	
1	0	1	0	0	1	0	1	0	0	1	0	1	1	0	1	0	1	
1	0	1	0	1	0	0	1	0	0	1	0	1	0	1	1	0	1	
1	0	1	0	1	0	1	0	0	0	1	0	1	0	1	0	1	1	
0	1	0	1	0	1	0	1	0	1	0	1	0	1	0	1	0	1	
0	1	1	0	1	0	1	0	1	1	0	0	1	0	1	0	1	0	
0	1	0	1	1	0	1	0	1	1	0	1	0	0	1	0	1	0	
0	1	0	1	0	1	1	0	1	1	0	1	0	1	0	0	1	0	
0	1	0	1	0	1	0	1	1	1	0	1	0	1	0	1	0	0	
