400	40	50	10

10	7	298	301	208	260	34	154	224	7	140	365	
8	5	235	52	292	29	161	356	155	145	
11	4	271	329	238	92	282	53	41	323	193	267	246	
9	2	334	48	84	340	19	332	218	249	288	
6	5	293	14	320	188	330	109	
7	5	264	226	164	295	283	391	160	
10	6	351	227	303	103	290	78	321	136	308	258	
5	2	374	158	196	399	159	
5	2	157	61	36	98	4	
8	4	120	172	105	1	212	341	126	367	
8	6	203	65	214	100	198	363	50	75	
9	4	152	387	116	345	315	51	63	179	244	
6	3	107	331	192	280	139	398	
9	3	350	130	23	259	81	311	121	128	13	
8	6	318	27	162	93	272	32	194	108	
10	4	95	394	362	364	180	60	20	326	230	355	
14	9	167	47	141	205	276	294	17	69	169	289	234	18	118	115	
11	7	83	240	59	175	275	270	197	281	300	104	305	
6	4	44	389	371	30	337	168	
8	5	73	220	243	57	31	213	360	397	
4	3	201	9	268	11	
7	1	221	35	347	253	262	131	325	
7	4	251	299	386	82	97	77	343	
8	2	28	379	204	183	306	119	186	184	
9	2	202	132	346	33	215	222	338	199	302	
11	7	344	173	146	353	286	25	16	125	231	219	245	
11	7	352	369	255	134	396	149	185	170	58	342	39	
9	5	209	248	91	348	328	176	8	358	366	
8	2	5	297	349	191	122	380	236	312	
8	6	273	117	317	390	151	74	372	80	
4	3	46	166	287	90	
8	2	114	70	43	210	237	339	135	195	
5	1	375	217	64	373	55	
9	3	313	324	381	42	144	102	22	56	232	
10	3	376	89	177	71	153	314	322	10	223	111	
6	3	333	206	257	233	2	187	
8	2	310	284	250	395	85	21	241	254	
5	4	392	307	361	266	279	
8	2	181	94	49	309	163	263	357	110	
7	2	383	123	86	88	207	225	239	
9	6	327	87	171	265	67	178	37	6	112	
7	5	54	261	228	382	99	79	150	
12	8	335	393	174	156	200	400	3	368	388	182	190	106	
7	4	66	229	40	285	278	319	385	
9	2	370	274	129	68	189	96	336	354	269	
7	4	378	138	101	72	24	38	45	
10	5	211	252	256	133	242	304	137	147	15	113	
8	3	384	142	143	76	12	124	277	127	
5	2	26	359	291	148	316	
6	1	377	247	165	296	62	216	

1	157	211	264	310	333	335	344	350	376	392	
2	46	130	173	181	202	209	313	352	375	383	
3	54	83	95	114	123	201	248	251	307	324	
4	66	70	89	107	167	240	261	273	299	334	
5	28	48	91	117	271	370	384	386	393	394	
6	86	132	174	203	217	229	284	318	327	331	
7	9	59	87	221	228	298	329	369	374	381	
8	42	47	152	158	171	206	238	274	293	301	
9	26	35	44	73	84	88	92	141	144	265	
10	5	14	67	196	205	317	347	378	379	382	
11	64	175	178	208	220	252	255	276	282	351	
12	129	146	256	260	320	361	362	377	389	390	
13	27	61	133	134	156	226	253	257	364	373	
14	68	102	166	177	204	207	275	294	348	359	
15	34	37	43	65	99	180	183	189	235	242	
16	6	53	71	120	151	225	250	268	297	340	
17	19	60	227	243	328	346	349	387	395	396	
18	36	41	82	96	116	154	192	270	303	304	
19	23	33	52	94	98	103	142	149	153	200	
20	20	74	137	162	172	259	314	371	399	400	
21	17	40	105	143	280	287	291	323	345	353	
22	81	185	214	215	247	285	286	315	322	332	
23	25	57	69	138	170	193	222	224	233	311	
24	1	10	16	22	30	49	147	266	290	292	
25	2	3	58	76	97	121	164	176	191	210	
26	7	85	112	169	188	218	295	306	338	342	
27	4	8	29	31	79	100	139	148	165	197	
28	12	51	93	119	125	198	212	213	223	239	
29	55	101	128	161	262	278	330	360	363	368	
30	78	90	131	187	231	289	296	309	319	336	
31	63	72	109	234	272	281	283	325	326	337	
32	24	56	77	163	237	267	316	341	356	358	
33	111	124	186	230	249	321	339	354	388	397	
34	11	15	21	32	136	150	246	263	279	288	
35	13	18	38	135	168	182	199	219	277	300	
36	62	104	113	118	126	127	155	159	194	195	
37	122	145	216	241	305	308	343	372	385	391	
38	39	50	108	140	160	190	232	357	380	398	
39	75	80	110	179	184	236	254	258	269	302	
40	45	106	115	244	245	312	355	365	366	367	

1	0	1	0	1	0	1	0	1	0	1	0	1	0	1	0	1	0	
1	0	0	1	0	1	0	1	0	0	1	1	0	1	0	1	0	1	
1	0	1	0	0	1	0	1	0	0	1	0	1	1	0	1	0	1	
1	0	1	0	1	0	0	1	0	0	1	0	1	0	1	1	0	1	
1	0	1	0	1	0	1	0	0	0	1	0	1	0	1	0	1	1	
0	1	0	1	0	1	0	1	0	1	0	1	0	1	0	1	0	1	
0	1	1	0	1	0	1	0	1	1	0	0	1	0	1	0	1	0	
0	1	0	1	1	0	1	0	1	1	0	1	0	0	1	0	1	0	
0	1	0	1	0	1	1	0	1	1	0	1	0	1	0	0	1	0	
0	1	0	1	0	1	0	1	1	1	0	1	0	1	0	1	0	0	
