400	40	50	10

13	7	90	275	119	303	266	155	394	223	206	284	178	221	384	
11	3	112	32	377	330	262	367	283	96	63	218	184	
12	6	350	249	168	144	124	325	87	324	99	64	219	301	
7	4	276	54	47	36	41	143	252	
6	3	213	58	237	299	15	127	
11	6	37	379	300	48	318	307	105	381	164	339	334	
7	3	169	268	198	203	277	297	66	
7	1	228	135	1	201	234	171	19	
8	4	199	60	43	390	351	280	208	59	
10	5	250	238	315	243	241	272	204	46	11	205	
7	4	17	395	31	222	39	233	142	
7	4	9	173	267	51	189	149	398	
10	3	8	343	347	253	269	370	111	366	246	117	
11	7	364	73	103	295	153	102	311	113	387	338	194	
9	4	361	70	136	389	226	227	365	392	69	
7	2	236	24	320	322	156	2	294	
8	2	196	18	181	260	4	161	100	310	
3	2	126	193	94	
7	4	133	163	354	270	293	329	137	
8	2	217	191	165	388	146	292	115	122	
12	8	363	49	239	353	306	67	304	5	278	20	158	258	
5	1	296	327	130	254	251	
8	6	56	109	132	188	81	107	91	212	
7	5	383	134	167	274	312	34	323	
5	4	145	75	281	216	129	
10	6	358	152	78	231	183	83	139	147	110	255	
5	3	357	30	86	321	74	
11	4	341	230	162	40	337	82	10	71	97	247	248	
8	4	244	232	386	314	179	186	291	118	
9	6	68	279	57	190	131	28	106	397	80	
4	4	286	27	369	38	
7	2	141	50	344	195	362	76	140	
8	2	319	6	256	340	209	176	375	245	
9	4	368	356	14	25	214	44	317	53	166	
9	2	298	72	302	400	385	180	114	160	154	
6	1	326	95	308	348	202	98	
10	5	159	174	21	393	332	170	197	229	79	52	
9	3	374	26	264	336	35	372	240	55	396	
3	3	391	331	335	
11	3	355	282	290	376	157	101	313	7	175	84	45	
5	4	215	225	108	3	62	
6	3	185	305	257	128	93	224	
10	7	380	177	359	123	342	29	104	345	16	88	
7	1	259	148	192	200	265	399	382	
8	6	182	360	210	261	316	285	273	207	
13	8	371	235	125	61	352	23	328	116	138	172	150	289	22	
4	4	309	263	65	89	
7	5	346	373	92	378	187	242	287	
5	3	220	13	33	42	121	
10	6	77	151	12	211	85	271	349	333	120	288	

1	77	169	215	236	244	296	346	358	363	380	
2	24	182	199	220	298	350	355	371	374	383	
3	49	90	112	228	250	309	326	357	368	373	
4	8	9	17	68	141	159	177	238	249	268	
5	72	151	168	174	198	235	286	341	343	359	
6	32	133	152	173	203	239	259	279	282	361	
7	12	26	30	70	125	232	353	364	391	395	
8	56	60	61	73	92	126	213	275	356	360	
9	14	37	78	103	136	144	196	225	302	352	
10	58	95	217	230	263	295	319	347	377	379	
11	31	43	119	124	148	163	253	290	300	320	
12	6	21	25	50	109	162	210	211	303	315	
13	40	85	132	135	214	256	322	344	354	389	
14	1	57	123	145	264	266	271	276	325	330	
15	44	54	65	155	262	267	306	327	336	349	
16	23	35	195	277	367	378	386	390	394	400	
17	27	67	185	187	261	337	351	372	376	393	
18	51	190	226	243	304	305	314	332	333	340	
19	13	47	82	86	108	170	188	189	201	227	
20	87	153	157	191	197	231	234	269	328	369	
21	5	38	134	193	241	342	362	365	370	385	
22	29	48	75	131	180	229	270	278	283	324	
23	18	96	99	104	116	167	183	192	308	318	
24	3	28	36	111	114	130	200	222	240	274	
25	83	101	102	179	181	254	316	317	331	348	
26	10	41	120	139	165	223	257	265	272	311	
27	33	138	206	237	260	280	297	307	321	345	
28	4	55	64	74	105	113	143	186	284	313	
29	7	42	62	76	81	106	128	156	172	209	
30	71	79	121	281	299	381	387	388	392	397	
31	20	97	107	146	149	175	176	202	242	252	
32	16	63	91	98	140	150	204	219	285	292	
33	39	46	52	66	69	80	147	160	208	216	
34	2	11	15	89	93	161	212	312	338	366	
35	59	94	164	171	273	288	291	375	398	399	
36	84	110	205	224	233	246	247	251	293	294	
37	34	53	100	127	154	178	207	255	289	301	
38	19	88	129	158	218	287	323	329	335	339	
39	45	115	117	118	142	166	184	221	245	310	
40	22	122	137	194	248	258	334	382	384	396	

1	0	1	0	1	0	1	0	1	0	1	0	1	0	1	0	1	0	
1	0	0	1	0	1	0	1	0	0	1	1	0	1	0	1	0	1	
1	0	1	0	0	1	0	1	0	0	1	0	1	1	0	1	0	1	
1	0	1	0	1	0	0	1	0	0	1	0	1	0	1	1	0	1	
1	0	1	0	1	0	1	0	0	0	1	0	1	0	1	0	1	1	
0	1	0	1	0	1	0	1	0	1	0	1	0	1	0	1	0	1	
0	1	1	0	1	0	1	0	1	1	0	0	1	0	1	0	1	0	
0	1	0	1	1	0	1	0	1	1	0	1	0	0	1	0	1	0	
0	1	0	1	0	1	1	0	1	1	0	1	0	1	0	0	1	0	
0	1	0	1	0	1	0	1	1	1	0	1	0	1	0	1	0	0	
