400	40	50	10

8	5	340	156	152	325	310	119	5	106	
11	3	11	149	28	294	83	98	133	112	144	66	82	
5	2	55	327	282	292	116	
8	4	393	183	129	238	259	108	135	312	
6	5	120	354	52	79	216	296	
13	6	31	131	25	50	395	58	270	298	217	196	54	99	86	
6	4	157	336	128	233	68	383	
9	3	273	126	372	227	304	73	110	180	13	
8	4	316	272	332	104	262	15	75	95	
8	3	166	376	96	222	141	322	277	368	
7	5	64	244	45	370	27	23	47	
8	6	65	223	303	60	363	18	42	287	
14	8	93	323	394	74	375	331	329	358	121	302	369	252	2	384	
11	3	32	168	209	386	345	193	240	214	195	103	41	
8	3	182	188	208	360	366	176	279	251	
8	4	362	388	286	234	235	167	84	35	
6	2	29	203	202	200	317	123	
7	3	357	229	105	125	215	300	361	
4	3	199	26	359	62	
8	2	7	194	284	347	289	71	328	137	
7	4	43	147	335	85	191	146	61	
6	2	39	186	172	314	356	111	
4	4	143	275	153	242	
4	2	391	352	49	339	
11	6	92	387	346	228	245	333	89	236	118	158	364	
6	3	246	237	307	46	165	10	
4	1	396	117	175	250	
8	2	148	107	159	266	115	88	320	230	
9	5	192	309	138	344	377	155	170	218	184	
5	4	136	9	338	163	76	
9	5	390	72	127	190	321	264	247	318	204	
11	3	210	94	241	226	124	30	173	109	132	12	130	
7	5	201	315	330	301	355	90	33	
5	3	263	161	81	290	151	
11	3	162	221	269	382	56	373	337	67	232	101	367	
6	4	169	48	288	299	213	343	
6	3	51	16	313	297	177	6	
11	4	36	261	324	380	400	291	255	145	211	140	4	
6	5	231	57	295	265	14	181	
11	3	239	243	374	134	365	378	205	187	100	267	308	
8	3	283	80	59	179	154	174	178	281	
5	1	91	306	8	280	40	
9	5	19	353	268	371	397	70	311	379	139	
9	5	87	1	113	285	319	260	254	189	350	
7	4	34	334	274	224	3	197	20	
4	4	198	21	341	44	
10	6	53	164	399	17	102	24	22	122	248	97	
13	8	381	220	389	385	342	276	258	348	271	256	160	249	212	
11	5	69	219	392	142	38	207	171	225	305	351	293	
14	9	150	185	349	77	278	326	398	37	63	253	257	78	114	206	

1	64	65	143	157	231	273	340	381	391	393	
2	7	11	36	87	91	126	150	166	210	220	
3	19	31	51	69	94	156	169	182	239	275	
4	32	34	55	136	152	162	188	192	243	244	
5	1	29	43	93	149	183	199	221	325	336	
6	16	26	28	57	194	208	219	269	309	323	
7	168	261	294	334	353	374	389	390	392	394	
8	9	74	113	120	128	147	185	246	295	306	
9	209	283	313	335	338	349	372	375	382	385	
10	48	56	77	80	131	138	198	201	241	285	
11	21	53	85	92	129	148	203	274	278	297	
12	25	45	59	164	223	263	268	316	324	326	
13	72	238	284	357	362	371	373	380	386	387	
14	83	107	202	229	327	345	346	347	354	360	
15	50	98	315	341	344	376	388	398	399	400	
16	134	179	227	228	272	330	331	337	342	359	
17	127	133	159	163	259	365	370	395	396	397	
18	39	44	70	105	226	233	286	301	304	329	
19	142	177	186	190	289	303	310	311	358	378	
20	60	96	119	153	154	193	205	266	291	319	
21	17	27	37	38	52	67	187	265	276	282	
22	5	8	63	115	121	224	352	363	366	377	
23	3	23	58	76	100	124	234	245	253	258	
24	79	174	197	222	235	257	260	302	333	348	
25	30	71	73	102	106	112	191	207	240	270	
26	20	155	161	171	172	200	332	355	369	379	
27	14	78	89	110	144	146	167	225	271	298	
28	66	125	180	214	217	236	237	255	267	280	
29	49	114	145	173	196	252	254	305	307	317	
30	18	54	61	109	118	141	170	178	181	211	
31	6	24	46	84	104	195	216	256	288	321	
32	40	99	108	117	140	206	215	281	314	328	
33	22	62	88	132	135	160	165	232	264	308	
34	2	12	13	42	81	90	103	122	292	312	
35	101	123	175	242	248	249	262	290	299	320	
36	10	15	41	68	86	97	137	139	158	176	
37	33	75	116	213	247	250	322	339	351	383	
38	4	35	151	277	279	293	300	318	343	356	
39	95	111	189	204	212	218	230	251	364	384	
40	47	82	130	184	287	296	350	361	367	368	

1	0	1	0	1	0	1	0	1	0	1	0	1	0	1	0	1	0	
1	0	0	1	0	1	0	1	0	0	1	1	0	1	0	1	0	1	
1	0	1	0	0	1	0	1	0	0	1	0	1	1	0	1	0	1	
1	0	1	0	1	0	0	1	0	0	1	0	1	0	1	1	0	1	
1	0	1	0	1	0	1	0	0	0	1	0	1	0	1	0	1	1	
0	1	0	1	0	1	0	1	0	1	0	1	0	1	0	1	0	1	
0	1	1	0	1	0	1	0	1	1	0	0	1	0	1	0	1	0	
0	1	0	1	1	0	1	0	1	1	0	1	0	0	1	0	1	0	
0	1	0	1	0	1	1	0	1	1	0	1	0	1	0	0	1	0	
0	1	0	1	0	1	0	1	1	1	0	1	0	1	0	1	0	0	
