50	5	15	10

2	1	24	5	
2	2	20	11	
2	1	26	45	
4	2	23	15	36	43	
3	1	12	40	39	
4	1	8	27	19	48	
3	2	34	38	37	
3	2	31	50	14	
5	2	17	13	47	42	9	
3	3	28	4	16	
5	3	46	49	25	1	6	
4	4	29	22	33	30	
3	2	35	3	10	
2	2	32	44	
5	4	18	2	7	21	41	

1	12	17	18	23	24	26	29	31	34	46	
2	2	8	13	15	22	32	35	38	49	50	
3	3	5	7	25	27	28	33	36	40	47	
4	1	4	19	20	21	30	39	42	43	44	
5	6	9	10	11	14	16	37	41	45	48	

1	0	1	0	1	0	1	0	1	0	1	0	1	0	1	0	1	0	
1	0	0	1	0	1	0	1	0	0	1	1	0	1	0	1	0	1	
1	0	1	0	0	1	0	1	0	0	1	0	1	1	0	1	0	1	
1	0	1	0	1	0	0	1	0	0	1	0	1	0	1	1	0	1	
1	0	1	0	1	0	1	0	0	0	1	0	1	0	1	0	1	1	
0	1	0	1	0	1	0	1	0	1	0	1	0	1	0	1	0	1	
0	1	1	0	1	0	1	0	1	1	0	0	1	0	1	0	1	0	
0	1	0	1	1	0	1	0	1	1	0	1	0	0	1	0	1	0	
0	1	0	1	0	1	1	0	1	1	0	1	0	1	0	0	1	0	
0	1	0	1	0	1	0	1	1	1	0	1	0	1	0	1	0	0	
