50	5	15	10

2	1	12	6	
2	2	11	33	
4	4	49	23	18	19	
2	2	44	4	
1	1	15	
4	2	42	39	40	10	
5	4	43	38	30	3	17	
4	4	7	32	25	2	
4	1	29	37	13	28	
5	2	9	45	22	41	50	
3	1	26	8	35	
3	1	47	20	1	
2	1	48	34	
5	3	24	14	27	31	21	
4	4	5	46	36	16	

1	5	7	9	24	42	43	44	47	48	49	
2	11	14	15	23	26	29	34	38	45	46	
3	4	18	20	22	27	30	32	36	37	39	
4	3	8	12	13	16	19	25	31	40	41	
5	1	2	6	10	17	21	28	33	35	50	

1	0	1	0	1	0	1	0	1	0	1	0	1	0	1	0	1	0	
1	0	0	1	0	1	0	1	0	0	1	1	0	1	0	1	0	1	
1	0	1	0	0	1	0	1	0	0	1	0	1	1	0	1	0	1	
1	0	1	0	1	0	0	1	0	0	1	0	1	0	1	1	0	1	
1	0	1	0	1	0	1	0	0	0	1	0	1	0	1	0	1	1	
0	1	0	1	0	1	0	1	0	1	0	1	0	1	0	1	0	1	
0	1	1	0	1	0	1	0	1	1	0	0	1	0	1	0	1	0	
0	1	0	1	1	0	1	0	1	1	0	1	0	0	1	0	1	0	
0	1	0	1	0	1	1	0	1	1	0	1	0	1	0	0	1	0	
0	1	0	1	0	1	0	1	1	1	0	1	0	1	0	1	0	0	
