50	5	15	10

4	1	14	21	4	45	
2	2	36	46	
3	1	12	1	38	
4	1	10	2	33	30	
5	1	42	18	24	40	32	
5	3	34	50	39	26	29	
3	1	27	16	19	
3	2	25	43	47	
5	3	6	48	9	22	13	
1	1	17	
3	3	37	3	28	
3	1	15	35	7	
4	1	49	41	11	23	
1	1	8	
4	4	44	31	20	5	

1	6	8	10	12	15	34	36	42	44	49	
2	1	14	18	25	27	31	35	37	48	50	
3	2	7	9	16	20	21	24	39	41	43	
4	3	4	11	17	19	22	26	33	38	40	
5	5	13	23	28	29	30	32	45	46	47	

1	0	1	0	1	0	1	0	1	0	1	0	1	0	1	0	1	0	
1	0	0	1	0	1	0	1	0	0	1	1	0	1	0	1	0	1	
1	0	1	0	0	1	0	1	0	0	1	0	1	1	0	1	0	1	
1	0	1	0	1	0	0	1	0	0	1	0	1	0	1	1	0	1	
1	0	1	0	1	0	1	0	0	0	1	0	1	0	1	0	1	1	
0	1	0	1	0	1	0	1	0	1	0	1	0	1	0	1	0	1	
0	1	1	0	1	0	1	0	1	1	0	0	1	0	1	0	1	0	
0	1	0	1	1	0	1	0	1	1	0	1	0	0	1	0	1	0	
0	1	0	1	0	1	1	0	1	1	0	1	0	1	0	0	1	0	
0	1	0	1	0	1	0	1	1	1	0	1	0	1	0	1	0	0	
