50	5	15	10

2	2	44	31	
2	2	16	5	
3	2	7	41	23	
2	1	49	33	
5	1	35	50	27	28	8	
4	2	48	37	13	30	
2	2	36	19	
4	3	9	10	6	3	
4	1	25	2	42	24	
4	2	29	38	32	45	
3	1	15	1	22	
4	2	12	39	14	11	
4	1	47	21	46	18	
4	4	17	4	34	40	
3	3	26	43	20	

1	9	12	17	25	26	29	35	36	44	48	
2	4	10	15	19	37	38	39	47	49	50	
3	1	2	7	14	16	21	27	32	33	34	
4	6	13	28	31	40	41	42	43	45	46	
5	3	5	8	11	18	20	22	23	24	30	

1	0	1	0	1	0	1	0	1	0	1	0	1	0	1	0	1	0	
1	0	0	1	0	1	0	1	0	0	1	1	0	1	0	1	0	1	
1	0	1	0	0	1	0	1	0	0	1	0	1	1	0	1	0	1	
1	0	1	0	1	0	0	1	0	0	1	0	1	0	1	1	0	1	
1	0	1	0	1	0	1	0	0	0	1	0	1	0	1	0	1	1	
0	1	0	1	0	1	0	1	0	1	0	1	0	1	0	1	0	1	
0	1	1	0	1	0	1	0	1	1	0	0	1	0	1	0	1	0	
0	1	0	1	1	0	1	0	1	1	0	1	0	0	1	0	1	0	
0	1	0	1	0	1	1	0	1	1	0	1	0	1	0	0	1	0	
0	1	0	1	0	1	0	1	1	1	0	1	0	1	0	1	0	0	
