50	5	15	10

3	3	50	42	5	
5	1	7	16	14	47	4	
5	1	8	3	44	38	17	
5	4	23	49	36	37	25	
4	1	19	26	27	11	
5	4	13	28	1	43	21	
3	3	33	32	34	
1	1	10	
2	2	48	45	
3	2	35	41	22	
2	1	40	24	
4	4	2	20	39	9	
1	1	30	
3	3	18	46	6	
4	3	15	31	29	12	

1	2	7	8	13	15	18	19	23	33	40	
2	3	16	20	26	28	32	35	48	49	50	
3	1	10	14	30	31	34	36	42	44	45	
4	5	27	29	37	38	39	41	43	46	47	
5	4	6	9	11	12	17	21	22	24	25	

1	0	1	0	1	0	1	0	1	0	1	0	1	0	1	0	1	0	
1	0	0	1	0	1	0	1	0	0	1	1	0	1	0	1	0	1	
1	0	1	0	0	1	0	1	0	0	1	0	1	1	0	1	0	1	
1	0	1	0	1	0	0	1	0	0	1	0	1	0	1	1	0	1	
1	0	1	0	1	0	1	0	0	0	1	0	1	0	1	0	1	1	
0	1	0	1	0	1	0	1	0	1	0	1	0	1	0	1	0	1	
0	1	1	0	1	0	1	0	1	1	0	0	1	0	1	0	1	0	
0	1	0	1	1	0	1	0	1	1	0	1	0	0	1	0	1	0	
0	1	0	1	0	1	1	0	1	1	0	1	0	1	0	0	1	0	
0	1	0	1	0	1	0	1	1	1	0	1	0	1	0	1	0	0	
