2400	200	250	12

8	3	2113	604	710	2039	1998	691	1877	1107	
13	7	676	193	1118	1586	209	1880	1195	807	1042	2151	1957	1894	1953	
8	4	1131	1292	2040	1700	1935	1995	692	1747	
13	8	493	2226	2314	2326	886	967	1621	2048	448	90	824	2036	863	
11	3	770	2333	122	1491	458	1165	376	1544	206	1576	2021	
8	4	739	374	650	73	389	1955	806	2265	
5	4	2084	2273	1520	1645	161	
9	3	1330	216	1972	318	1037	365	1179	1106	1664	
8	6	567	705	203	1758	848	16	944	964	
8	2	1217	1855	1146	2329	869	1121	1355	1610	
7	3	2090	1345	391	1864	1097	1471	1541	
7	4	136	1198	234	696	1001	1560	1857	
10	4	1615	1558	513	2400	2394	1308	195	1388	836	2051	
6	3	355	269	621	629	128	62	
13	4	1581	1903	1686	1283	268	1392	127	1288	730	259	2366	1439	1934	
8	3	1323	2302	2252	942	2258	260	1137	1746	
9	2	2172	1111	145	286	451	180	1481	368	2120	
10	4	728	256	1016	534	164	498	1174	2207	799	2361	
11	4	1890	176	2044	1462	1127	370	102	211	635	1644	1417	
7	5	1537	897	988	1577	726	1391	1785	
13	6	1788	108	105	200	1885	2160	378	2199	1499	1771	2007	1477	932	
7	2	1055	418	489	1712	627	737	291	
10	3	1632	1458	2212	684	986	1015	1255	1639	1438	397	
12	8	1844	1583	1013	1168	2034	486	1164	4	2320	1114	579	1734	
11	6	850	1364	2378	1565	2193	1515	1725	1706	1948	1109	1361	
7	3	1738	596	14	1902	135	755	1874	
11	3	1143	1140	1006	2287	2365	2041	1305	1366	1731	762	1511	
10	6	1372	2078	826	1842	1528	1513	1917	512	372	395	
6	2	719	1775	1836	1025	909	1067	
9	5	2150	1390	1847	548	514	2002	1030	698	2256	
6	4	1478	524	2276	2292	1351	405	
11	3	2065	1840	30	214	2111	2189	1041	753	1433	471	1413	
9	6	441	1336	31	1194	2097	70	273	1420	478	
8	6	2005	1448	1945	1585	1516	1936	2101	53	
12	8	416	951	628	561	121	1616	1889	1402	2237	2069	198	1115	
13	6	1584	1876	1685	160	1320	322	1091	103	1681	2267	829	678	2093	
11	4	1899	1083	1667	1274	1400	825	871	1858	1245	1128	158	
8	3	754	1160	733	1026	900	1357	1264	1021	
12	6	1054	1629	2294	1223	1527	923	1699	641	1997	1090	1316	1166	
10	3	1939	1230	356	1012	2134	68	910	1464	2221	1136	
12	5	1306	330	1180	990	2130	347	971	711	2218	1737	141	314	
9	2	2008	2200	1893	2180	1258	114	1964	952	13	
9	2	349	341	1802	443	2336	319	2087	630	1184	
12	6	1762	638	19	1251	1089	1633	1196	1834	1487	1027	2331	257	
8	3	155	1768	881	2132	401	2070	1687	1991	
11	3	2206	404	1803	2128	2373	2295	1056	1976	170	554	2148	
10	3	2356	2117	140	2176	1450	1113	813	40	449	313	
10	5	357	978	652	570	423	2182	933	267	328	1918	
3	1	2204	2358	1193	
15	8	1786	1263	436	1079	207	2122	1311	67	935	480	492	2029	508	1489	183	
9	6	1350	1406	645	2385	1098	1049	126	822	751	
8	3	1461	1050	450	566	1662	1385	539	2313	
15	6	1469	1580	101	936	1199	212	320	1548	1704	619	111	335	1444	1631	950	
9	6	623	1327	906	308	194	2192	1714	188	1070	
3	1	1215	156	920	
5	4	138	1904	943	1100	403	
14	6	973	2052	1526	1374	408	1465	2131	940	2184	1282	1680	768	769	750	
12	5	518	874	2240	1436	1018	1931	373	736	2197	1723	792	1656	
10	5	2055	1219	1238	86	1884	812	875	46	2115	2280	
7	5	1521	2072	1145	2277	118	517	873	
3	1	1839	2308	1708	
6	5	2037	1815	687	1760	639	2139	
9	4	2205	2143	680	1875	312	425	847	1150	474	
7	5	915	1260	79	610	1859	2022	1766	
9	5	37	2094	1307	1589	1761	880	1779	1281	2066	
10	6	531	2030	1028	311	941	2046	1470	1207	798	2293	
9	6	1144	110	2211	1659	902	624	1474	1575	1058	
9	6	2063	1463	1774	1749	1701	1479	1453	1811	1602	
12	4	1368	331	1930	1104	1325	516	550	1673	1549	804	1744	75	
15	5	299	290	387	558	402	1214	497	1952	303	2003	1038	796	2370	656	670	
8	4	44	1328	179	1609	1773	1832	1023	1403	
8	4	2201	2239	1153	99	412	428	985	1689	
13	7	1715	2383	1801	791	752	386	1440	310	1086	270	45	947	2168	
6	3	1852	2374	633	2306	49	1304	
17	7	843	1777	1603	782	2190	2257	152	2357	285	1426	1796	337	815	2009	1227	2010	1061	
8	5	1588	473	95	1496	607	777	959	1763	
7	3	572	837	1554	1284	1956	1161	235	
6	3	515	1314	298	903	1574	1171	
9	4	1837	1891	2342	1932	1824	232	785	586	1598	
7	5	1611	2232	2215	61	2298	2077	989	
11	4	1552	1519	2323	177	1244	208	1607	1892	309	1649	1933	
9	3	1206	1457	1897	713	856	1724	2023	384	1425	
9	6	76	859	592	1570	766	968	421	2045	1116	
8	4	1813	1994	1170	255	306	419	924	433	
9	2	1175	326	631	615	2138	1597	1216	171	1309	
11	6	595	1159	509	475	21	1790	963	20	1101	995	828	
5	2	767	1984	1557	1435	87	
12	4	174	945	1618	742	284	56	1387	1944	2019	1378	1371	338	
7	3	1982	364	470	2110	2396	817	840	
8	6	1538	2353	1428	186	907	1053	1980	1299	
15	5	249	1806	1564	557	1617	855	1190	2399	1691	1066	578	648	452	1674	1394	
13	6	1741	541	1273	1229	213	725	278	994	388	119	462	2249	748	
11	5	962	457	1432	154	165	1373	424	2100	549	297	1210	
10	4	966	664	1642	916	1500	1881	655	2186	734	1916	
10	6	2076	1755	321	704	2073	1186	1652	1492	1124	1449	
14	6	1383	2263	1783	2071	413	1014	1869	219	1752	2166	453	694	1986	2269	
6	3	775	1317	972	1915	2235	1992	
9	4	839	2228	1421	1235	1525	1954	2384	1172	1269	
6	2	27	1060	658	1443	1208	969	
9	2	399	601	854	1870	123	1849	1094	1508	150	
10	3	2344	1434	342	464	1431	921	738	1209	1460	385	
9	3	339	965	925	1337	926	2014	2137	685	1620	
8	6	2175	1623	735	1108	185	763	1619	466	
9	4	1728	759	1005	2194	1663	1279	2049	415	975	
6	4	2254	1653	2042	2397	201	781	
12	6	911	1707	1381	2031	1720	1197	957	1665	1191	1411	2140	2261	
12	4	1075	369	92	2345	2153	1452	2348	1923	2136	564	1573	1151	
9	2	1148	244	649	573	2156	336	1524	329	2033	
13	5	100	1202	1082	1072	487	1222	2179	2278	1961	96	1271	238	1416	
9	5	358	2322	960	1007	918	1862	1409	1821	50	
12	7	2229	69	304	340	1319	620	795	591	1792	1241	1717	71	
12	6	1924	2290	2282	1446	151	2061	89	2178	970	245	1276	2162	
18	9	2038	2248	1863	38	1009	1532	2018	1315	1418	272	15	354	784	1841	877	1057	159	382	
10	7	1126	2284	301	1338	605	2349	2332	827	1542	688	
9	4	432	1594	588	504	1770	575	998	1942	788	
8	6	643	1045	1993	1084	184	528	773	991	
9	4	479	1726	1254	175	48	1949	2335	81	816	
9	2	300	1074	137	2016	345	594	1628	190	1142	
8	6	2297	2367	1668	1099	1540	1112	946	1033	
12	7	315	858	434	2109	2163	178	1259	1268	2187	93	1970	999	
10	7	898	1501	265	938	868	2096	677	1267	1401	241	
9	4	2004	1224	1606	1887	611	1182	679	996	1950	
7	4	1232	440	1888	2220	1059	505	467	
9	3	552	1722	279	1592	1130	1441	1595	618	392	
7	1	1092	129	1969	2104	888	1177	1826	
5	2	271	2102	2	72	1756	
7	4	2262	98	2372	1497	1578	1498	1505	
8	4	1791	715	94	1036	55	1765	520	559	
11	7	2364	1833	571	532	446	359	930	1019	371	1838	1236	
10	3	511	1590	1507	934	1365	913	1804	2354	1096	57	
6	2	1817	2164	878	362	1052	1039	
13	4	231	2126	905	634	646	2355	2158	481	157	431	2264	1529	1599	
14	5	1819	1973	106	1627	1966	1293	1382	1294	1637	2060	344	225	469	695	
14	9	134	797	502	707	1693	1291	1784	1359	1261	1816	2006	1848	1571	682	
8	2	764	204	507	266	2091	1551	849	538	
6	3	2224	2011	1850	2279	608	1799	
10	3	2098	2064	7	683	276	2154	2288	663	2068	522	
14	6	1343	1407	2244	1967	1290	801	889	1807	2337	228	463	1684	1234	2285	
5	1	2000	896	666	482	281	
8	3	2026	716	2327	1742	892	1455	239	802	
13	6	2328	581	2347	2360	2217	6	1302	1076	1120	904	1988	1810	841	
12	4	709	2133	1176	703	1866	343	218	1657	883	1605	1110	2222	
6	4	1634	162	811	2247	465	1660	
6	2	1376	130	2213	429	1231	124	
11	6	525	1797	979	1990	1782	1071	580	2233	2080	1814	2027	
8	4	417	1189	380	109	1721	226	9	838	
13	5	307	1342	1192	1272	901	1419	1908	2161	1408	1830	2170	1522	11	
16	10	2352	2067	2324	1201	1286	814	2216	1769	1389	2388	1253	1287	1613	2341	296	743	
8	6	2125	125	1135	2105	1093	131	1155	1808	
11	5	1601	1979	210	724	147	741	2203	444	2241	833	1493	
6	5	955	2145	1767	1913	2369	2274	
11	4	240	714	113	1835	1809	1831	1985	786	1247	1579	153	
13	7	2346	251	1483	2271	852	1861	1572	1265	1536	1545	1289	332	1805	
6	2	1475	1929	393	1920	857	35	
13	5	821	984	1181	890	91	529	700	223	702	2311	690	1326	1	
9	3	1169	2227	361	2382	1772	617	2368	937	32	
9	3	1895	1781	1614	544	853	477	1249	758	1386	
9	6	483	133	657	1938	2363	1670	1531	1733	887	
9	3	1798	948	956	1379	1927	1829	1640	1865	1793	
8	6	1911	1069	632	26	1696	1910	2376	1795	
10	5	383	1278	2001	1846	2246	912	2099	1886	1506	262	
10	4	472	1987	2114	706	1669	264	1732	1459	1713	324	
11	3	1445	879	1983	3	2242	1907	2250	258	1716	565	196	
7	2	954	2024	2375	18	1740	115	1872	
10	3	1543	1630	503	2389	1414	1661	454	1546	800	5	
6	2	1596	494	1220	292	1375	981	
15	5	2152	1454	1341	609	1250	409	2243	25	1412	1257	1624	1043	327	317	1563	
11	3	1482	689	2191	958	598	1648	1077	1828	760	2054	1262	
11	7	1827	447	1275	2245	1384	148	1239	2392	2050	654	455	
9	3	2272	980	1017	1754	809	142	1242	1651	771	
13	5	672	536	589	1977	2129	47	1981	2103	1710	2289	366	173	1451	
13	6	287	551	2188	1163	112	1252	1569	1156	1963	526	1002	17	2025	
10	7	169	867	2059	2238	1313	316	406	227	2142	1295	
8	3	1926	899	1851	872	2167	1873	2371	490	
10	4	1503	1561	2147	220	653	662	146	834	1989	202	
14	5	2359	461	1424	2236	197	1332	1046	2304	1065	1187	430	360	2214	794	
8	3	1510	1800	352	675	1941	1073	976	1248	
5	3	1154	2135	1555	283	2260	
8	2	2013	1034	1818	667	2202	23	1285	929	
8	2	927	476	540	757	1626	2195	1167	1468	
10	7	1671	1324	1370	681	2253	606	793	1909	243	1937	
12	5	246	865	1211	2144	2316	1185	2303	774	2127	2119	2086	1703	
11	3	1883	613	521	1296	222	1398	191	1246	80	1102	460	
7	3	2088	1882	1466	34	1117	908	2219	
11	3	2124	2398	488	1340	2075	420	2208	1404	1641	661	1694	
16	9	2315	1914	983	1678	139	1087	1233	977	2017	808	1622	1647	1960	1518	1377	2047	
11	4	1022	720	305	779	1868	2043	1523	2053	199	224	1843	
8	2	1318	65	85	891	740	818	1679	2165	
10	5	864	543	928	603	987	233	761	2391	1429	2350	
7	3	42	523	1759	2321	1203	2299	1504	
13	5	1739	2057	1344	533	2121	1683	917	599	790	674	2362	280	1688	
8	2	1149	1539	1380	1395	939	1467	1062	1878	
8	6	2035	1354	261	1301	1352	659	2379	1298	
7	3	949	1896	2089	747	323	1040	1654	
13	5	1226	2343	1672	2159	2141	1962	1188	568	1530	379	2112	1695	1958	
10	3	438	1048	1356	1011	500	697	1906	577	1612	143	
8	3	491	810	582	861	181	1676	584	1369	
9	5	2177	2223	1697	377	562	1871	527	1905	1122	
13	7	2377	2231	893	1608	616	2259	2174	187	2183	495	1476	506	1940	
15	6	334	2062	1103	746	1650	1405	2281	2386	43	1922	381	668	2266	600	1334	
9	5	1158	1925	1003	2056	590	1823	1787	445	1562	
10	4	2296	851	247	1666	2118	1853	642	1204	953	254	
7	1	2268	555	919	1310	530	625	765	
6	1	275	1485	1591	787	282	1256	
16	8	860	60	993	252	1123	144	1996	1604	1636	1415	1718	2381	1266	1139	749	593	
11	6	2330	1729	895	1004	2081	1349	1423	894	563	1946	84	
9	6	1582	1473	597	236	622	2393	1820	2012	1312	
6	1	1682	1141	2334	712	2015	1789	
4	3	2171	636	1353	1553	
10	3	1711	2106	293	1559	217	1064	789	58	1978	722	
13	5	1879	723	644	363	1322	1928	205	230	1024	33	997	333	1900	
14	9	2020	776	1743	2181	263	583	1035	1690	831	1780	992	778	1698	1512	
8	6	346	168	2338	1105	545	1635	2157	229	
6	4	427	1020	2390	2149	250	1971	
12	8	1029	862	1362	215	400	2270	1200	117	2107	673	29	59	
8	5	556	1776	28	2255	686	537	1147	54	
11	3	167	882	24	772	2309	585	1132	351	182	2092	1427	
9	5	74	1134	442	1646	1221	819	1339	41	2095	
11	3	830	1437	411	1735	576	699	2032	253	1550	2351	1919	
17	10	1822	535	1218	237	407	2198	519	756	727	1119	1280	1860	1556	1502	1335	1157	2275	
8	2	1514	805	2318	1912	1031	1943	1533	1593	
14	9	1751	277	1047	1702	884	149	745	2209	116	459	1999	931	701	708	
8	3	2225	693	803	1297	2387	221	2108	2230	
7	1	1968	192	1764	2317	39	982	350	
10	5	1745	846	914	88	1825	2116	669	1422	2286	1000	
10	6	1494	1921	496	2079	1750	1854	1129	569	12	1133	
11	7	1719	166	842	2310	468	64	2196	8	501	1399	10	
7	1	1363	922	2251	1736	2395	1396	163	
10	3	398	1655	547	63	2300	132	396	394	1447	2340	
15	5	2305	832	51	729	1044	22	1162	553	1472	2058	242	1677	1078	82	189	
11	6	2155	1125	1692	2074	1081	439	1063	1240	2312	640	1757	
11	4	274	574	499	1959	1410	2173	288	1397	1567	1183	2123	
9	6	1625	1495	845	426	1300	637	1329	665	1730	
8	2	1212	671	302	2325	780	97	1080	1974	
6	3	325	560	1088	1068	1358	2301	
8	4	1333	546	422	870	1442	1347	1010	295	
6	2	626	348	1213	120	823	1727	
7	3	1509	1178	1709	1705	1490	744	866	
7	2	717	1568	2234	1032	1205	1303	1484	
15	5	614	367	1566	974	1008	651	2083	2380	107	660	885	731	1331	2307	1901	
12	5	2146	2082	1643	718	961	294	2291	612	66	52	2339	1547	
6	1	437	2185	721	2169	1587	1845	
4	2	1228	1270	414	1367	
18	10	1393	1638	2283	353	783	1867	1321	83	1480	435	410	1360	587	2085	1237	1085	77	1748	
6	3	1152	1346	1965	820	1675	1243	
9	4	248	2210	835	732	1534	1975	1753	390	1430	
8	5	1794	375	844	485	2319	484	78	1600	
12	7	1517	542	1486	1898	289	172	1951	602	1348	1778	647	1225	
8	6	2028	1947	1488	876	1456	1051	1535	1095	
10	6	1277	510	1173	1812	1138	1856	456	104	36	1658	

1	138	169	491	493	719	1206	1330	1469	1582	1671	1844	1879	
2	248	643	676	966	1075	1323	1457	1475	1517	1543	1745	1786	
3	42	398	556	672	728	1494	1819	1939	2315	2352	2356	2377	
4	76	572	843	898	973	1154	1226	1306	1584	1715	1788	1852	
5	74	274	383	432	927	955	1461	1473	1509	1615	1719	2210	
6	155	709	859	1228	1611	1632	1741	1914	1968	1973	2005	2088	
7	240	595	664	949	1383	1728	1751	2037	2065	2254	2305	2383	
8	167	1777	1813	1895	2013	2038	2328	2330	2343	2359	2364	2374	
9	846	867	1217	1343	1538	1581	1926	2146	2172	2248	2263	2296	
10	44	108	249	271	346	541	542	1537	1552	1833	1890	2090	
11	461	767	851	1134	1363	1407	1580	1583	1711	1739	1775	1883	
12	136	277	299	914	922	962	1594	1806	1863	1994	2067	2125	
13	231	518	1022	1054	1149	1558	2008	2124	2135	2225	2226	2346	
14	37	125	399	483	536	597	759	911	1092	1212	1263	1333	
15	369	571	717	837	860	1013	1047	1448	1603	1783	2205	2229	
16	27	38	60	168	251	349	835	1324	1424	1596	1629	1630	
17	192	247	290	552	850	1178	1514	1896	2177	2224	2236	2314	
18	134	334	720	732	839	899	983	1126	1159	1486	1924	2063	
19	88	106	275	754	993	1111	1278	1781	1837	1903	2143	2231	
20	145	387	531	1370	1393	2011	2126	2152	2155	2272	2326	2338	
21	1273	1445	1678	1827	1882	1899	1982	2071	2171	2200	2206	2232	
22	69	404	821	915	1005	1125	1350	1642	1798	1855	2106	2215	
23	100	174	287	574	592	797	1168	1501	1729	1836	2020	2055	
24	166	197	315	436	623	879	882	980	1034	1050	1158	1458	
25	133	472	897	1570	1627	1822	2004	2026	2057	2059	2228	2294	
26	193	441	457	581	1202	1260	1601	1738	1876	1893	1945	1984	
27	416	427	476	1277	1672	2000	2098	2150	2194	2201	2251	2290	
28	447	832	893	1372	1564	1568	1921	2030	2113	2117	2133	2145	
29	510	723	830	1169	1454	1638	1685	1702	1851	1898	1929	1983	
30	105	535	540	613	671	782	1020	1483	1510	1979	2062	2094	
31	364	515	716	905	1029	1318	1482	1686	2190	2212	2268	2271	
32	210	305	567	896	1904	1925	1987	2076	2239	2282	2284	2297	
33	256	289	357	511	551	633	636	916	1017	1045	1173	1232	
34	300	358	525	614	693	705	764	842	1198	1275	1283	1376	
35	442	496	523	558	864	988	1223	1336	1344	1539	1588	1590	
36	494	546	596	776	954	978	1009	1160	1332	1341	1432	1507	
37	268	473	810	862	1046	1153	1368	1406	1519	1557	1634	1759	
38	14	101	204	246	302	499	609	934	1016	1229	1485	1527	
39	65	252	307	1500	1591	1743	1762	1817	1897	1902	2082	2322	
40	85	140	422	440	450	513	644	852	1614	1768	1776	1791	
41	92	363	367	1103	1362	1364	1800	2034	2035	2078	2114	2234	
42	139	341	413	417	601	943	948	1074	1083	1314	1327	1554	
43	95	172	213	286	588	770	865	881	1003	1014	1028	1087	
44	402	470	557	652	779	891	1144	1322	1503	1643	1755	1911	
45	200	234	339	486	509	638	713	936	1025	1211	1342	1625	
46	265	311	352	689	746	1577	1707	1869	2283	2310	2324	2333	
47	51	99	219	437	724	951	1421	1463	1709	1764	1794	1839	
48	110	805	1307	1328	1381	1521	2052	2102	2159	2185	2244	2262	
49	216	886	1055	1365	1667	1891	2001	2180	2223	2227	2325	2345	
50	154	826	1392	1617	1682	1692	1802	1861	2089	2144	2181	2188	
51	165	263	304	355	533	543	555	780	803	941	1069	1123	
52	293	353	634	874	938	965	1233	1274	1345	1373	1534	1555	
53	31	375	418	451	475	566	714	721	739	925	1801	1840	
54	30	906	1100	1446	1663	1846	1951	1975	2084	2121	2240	2257	
55	127	129	176	507	675	783	1143	1176	1353	1559	1650	1722	
56	162	279	438	544	582	1148	1250	1437	1797	1818	1969	2164	
57	646	657	706	844	1048	1405	1753	2079	2153	2175	2342	2353	
58	98	137	151	503	534	856	913	1105	1146	1436	1592	2031	
59	374	870	1141	1356	1380	1623	2246	2273	2302	2308	2316	2318	
60	160	214	266	411	680	853	967	1135	1218	1395	1754	1888	
61	237	684	703	740	855	939	1131	1219	1337	1842	2105	2220	
62	3	602	791	854	945	1566	1959	2211	2355	2378	2389	2398	
63	147	545	956	984	1140	1442	1659	1705	2044	2061	2074	2191	
64	308	958	960	1199	1526	1966	2104	2141	2169	2252	2323	2329	
65	28	61	321	409	412	912	1082	1220	1589	1870	1938	2046	
66	340	1079	1093	1185	1214	1495	1608	1669	1683	1720	1962	2024	
67	19	179	479	488	604	650	725	858	868	1192	1230	1467	
68	283	301	331	1188	1635	1767	1804	2099	2158	2176	2242	2298	
69	361	497	923	1059	1197	1224	1292	1400	1450	1885	1930	1972	
70	704	718	1018	1618	1825	1868	2096	2304	2347	2367	2372	2382	
71	144	393	407	428	845	974	1152	1251	1374	1466	1666	1697	
72	135	583	735	787	1118	1163	1164	1190	1348	1653	1668	1875	
73	34	130	203	356	485	710	742	747	895	1007	1528	1881	
74	152	681	752	979	1008	1201	1513	1699	1736	1803	2016	2132	
75	284	443	481	489	502	589	667	696	729	811	977	1089	
76	97	215	521	707	1272	1565	1977	2073	2157	2213	2238	2306	
77	79	207	377	424	1044	1130	1288	1390	1932	1996	2202	2247	
78	21	570	645	986	1181	1354	1428	1532	1726	1812	1847	2129	
79	164	298	434	598	651	1235	1662	1952	2018	2110	2118	2193	
80	217	244	278	766	902	1006	1012	1385	1693	1712	1724	1750	
81	56	401	655	888	1758	1990	2083	2109	2128	2327	2360	2375	
82	330	504	568	610	1117	1742	1790	1993	2091	2111	2160	2396	
83	24	47	628	1296	1315	1319	1604	1815	2040	2042	2122	2260	
84	122	264	775	918	1108	1138	1410	1435	1621	1752	1928	2116	
85	177	261	312	426	548	561	928	2166	2204	2243	2255	2287	
86	386	400	649	919	1244	1254	1270	1293	1470	1491	1520	1530	
87	22	25	378	532	616	809	901	1189	1379	1561	1646	1770	
88	89	157	222	458	687	994	1194	1782	2163	2245	2259	2281	
89	861	872	1317	1850	2317	2373	2380	2386	2395	2397	2399	2400	
90	73	112	212	573	884	1221	1384	1691	1700	1866	2097	2174	
91	730	1113	1310	1824	2043	2134	2173	2270	2319	2365	2385	2394	
92	121	345	390	408	425	446	1004	1081	1387	1636	1856	1935	
93	603	726	757	869	1297	1301	1414	2039	2279	2295	2334	2336	
94	68	641	733	1066	1170	1419	1655	1859	1867	2077	2198	2217	
95	2	113	148	232	282	303	439	813	878	987	1011	1084	
96	142	292	388	468	741	957	1258	1291	1321	1465	1551	1735	
97	825	961	1313	1398	1523	1908	2028	2303	2321	2344	2357	2390	
98	194	903	926	1099	1180	1320	1340	1761	1774	1853	2072	2199	
99	233	547	578	624	818	848	890	1064	1311	1418	2100	2149	
100	64	380	642	666	847	1338	1396	1441	1585	1626	1772	1981	
101	83	187	208	505	575	772	963	1165	1175	1186	1382	1606	
102	67	181	343	477	942	1200	1294	1347	1415	1516	1633	1967	
103	149	272	285	325	530	576	774	1065	1145	1434	2156	2167	
104	6	184	250	917	1026	1062	1162	1177	1308	1515	1637	1854	
105	20	91	908	1072	1665	1778	1835	1947	2253	2258	2309	2363	
106	15	109	205	423	453	606	761	990	1430	1749	2056	2147	
107	39	529	793	1015	1032	1238	1290	1440	1462	1826	1931	2048	
108	269	318	319	599	1196	1708	1784	1862	1920	2017	2023	2064	
109	191	310	560	585	745	789	1037	1412	1488	1809	2022	2178	
110	123	180	186	326	389	391	429	562	790	1060	1187	1205	
111	114	260	359	376	430	620	801	1909	1927	2075	2127	2130	
112	86	195	498	968	1207	1255	1648	1670	1936	2014	2119	2182	
113	178	259	414	553	700	876	900	907	1132	1352	1586	1616	
114	519	648	659	1088	1474	1480	1609	1718	1721	1873	2081	2086	
115	379	435	658	756	1300	1661	1864	2183	2189	2203	2366	2381	
116	107	175	218	288	677	819	1077	1239	1439	1481	1574	1676	
117	7	49	119	229	316	320	354	584	590	617	808	1359	
118	209	347	410	935	1035	1127	1679	1955	2060	2131	2192	2196	
119	43	608	660	889	910	930	1246	1426	1525	1572	1607	1732	
120	465	514	727	1010	1101	1257	1302	1587	1652	1831	1922	2003	
121	117	431	487	755	892	971	982	1019	1119	1496	1690	1796	
122	230	255	1038	1349	1472	1490	1834	1880	1995	2107	2112	2161	
123	58	185	306	370	480	970	1024	1076	1267	1279	1624	1892	
124	163	484	796	985	1080	1104	1204	1553	1725	1884	1998	2103	
125	80	236	365	373	674	940	1043	1086	1171	1203	1259	1548	
126	16	33	63	381	1357	1360	1760	1823	1907	1985	2277	2387	
127	131	763	831	1063	1071	1339	1499	1657	1941	1944	2058	2070	
128	223	242	322	492	711	997	1280	1619	1887	2209	2250	2300	
129	371	611	673	1388	1397	1423	1478	1687	1695	1704	1706	1773	
130	48	452	607	686	736	1091	1121	1252	1268	1284	1303	1487	
131	8	118	132	539	587	683	786	1155	1266	1497	1567	1917	
132	103	270	517	694	1056	1325	1346	1409	1622	1807	1949	1978	
133	70	102	337	351	549	1179	1242	1452	1575	1780	1860	2041	
134	45	220	258	691	812	1041	1261	1401	1408	1459	1714	1889	
135	1058	1098	1443	1492	1849	1871	1912	1913	1948	2264	2337	2348	
136	333	419	625	626	631	637	753	836	1001	1049	1195	1540	
137	348	362	396	456	500	516	619	621	871	1247	1286	1556	
138	126	226	342	368	482	697	972	1222	1264	1329	1355	1369	
139	276	294	528	594	615	632	814	947	992	1068	1304	1569	
140	72	653	773	777	795	924	1174	1433	1560	1660	1771	1816	
141	849	1021	1150	1391	1677	2053	2179	2197	2216	2218	2299	2354	
142	281	344	501	822	995	1139	1265	1456	1651	1832	1954	1964	
143	327	403	420	448	647	669	778	880	1027	1109	1766	1830	
144	309	495	537	605	991	998	1156	1208	1628	1710	1878	1906	
145	116	454	1120	1595	1986	2007	2051	2138	2170	2289	2349	2368	
146	467	618	798	1078	1531	1681	1737	1769	1828	2184	2187	2335	
147	464	627	629	662	665	699	1649	1701	1785	1976	2006	2085	
148	23	273	406	885	904	1052	1183	1477	1942	2137	2208	2291	
149	18	190	243	512	612	622	702	909	1039	1097	1431	1479	
150	4	1137	1240	1361	1544	1808	1838	1877	2049	2087	2101	2165	
151	104	146	221	459	591	715	806	807	1053	1107	1237	1389	
152	141	201	245	538	550	933	1031	1042	1453	1610	1674	1740	
153	206	227	784	989	1129	1285	1645	1647	1689	1811	1848	2219	
154	9	94	225	323	875	1231	1673	1698	1703	1716	1723	1730	
155	314	421	474	785	1792	2029	2151	2311	2320	2362	2369	2371	
156	384	1256	1546	1960	2195	2312	2370	2379	2388	2391	2392	2393	
157	111	444	577	800	815	1036	1073	1305	1455	1549	1571	1787	
158	360	462	469	737	792	1051	1167	1241	1253	1799	1957	2019	
159	712	921	1023	1124	1402	1900	1988	1997	2267	2278	2358	2384	
160	53	90	199	952	1096	1276	1287	1367	1420	2002	2237	2332	
161	211	350	445	471	829	834	1142	1215	1536	1915	1974	1999	
162	78	87	392	565	695	1102	1182	1249	1579	1612	1756	1858	
163	239	524	976	1030	1112	1213	1484	1578	1597	1613	1961	2235	
164	120	317	478	527	692	738	1248	1282	1886	1989	2045	2276	
165	161	182	228	241	335	336	372	460	580	731	804	894	
166	29	55	66	96	143	202	291	1094	1209	1464	1874	1905	
167	508	679	682	690	944	1471	1498	1524	1956	2009	2032	2154	
168	395	433	751	765	883	1326	1535	1779	1841	1963	1965	2069	
169	115	124	415	563	586	722	744	802	929	959	1090	1114	
170	93	668	678	824	1191	1529	1747	2162	2186	2221	2233	2269	
171	52	156	760	1122	1245	1316	1403	1476	1502	1639	1857	1923	
172	81	170	198	253	297	526	828	838	1438	1506	1821	1894	
173	36	267	295	554	1002	1115	1116	1271	1605	1820	2136	2241	
174	463	639	656	771	1550	1602	1810	1943	1970	2120	2214	2274	
175	26	40	564	685	827	1110	1331	1358	1444	1713	1765	1946	
176	13	17	490	506	569	820	931	1216	1378	1399	1425	1518	
177	10	12	84	394	1512	1684	2050	2207	2292	2307	2331	2341	
178	41	758	841	1136	1147	1210	1375	1404	1504	1680	1696	1901	
179	46	328	329	635	698	768	781	1085	1227	1234	1600	1746	
180	817	920	1371	1429	1449	1576	1910	1958	2054	2092	2095	2108	
181	128	171	324	366	449	630	640	953	999	1128	1366	1468	
182	196	338	1489	1631	1675	1731	1971	2015	2033	2115	2148	2266	
183	173	224	520	701	975	1533	1541	1545	1599	1933	2036	2249	
184	54	280	579	877	1172	1193	1641	1717	1829	1934	1991	2012	
185	5	71	153	238	769	799	937	1057	1106	1312	1335	1451	
186	62	734	762	1289	1918	2010	2230	2288	2301	2351	2361	2376	
187	1	188	950	969	1593	1640	1733	1940	1953	2142	2168	2265	
188	82	823	1161	1269	1351	1377	1411	1413	1422	1460	1511	1573	
189	397	663	670	748	1236	1281	1295	1416	1505	1562	1937	1980	
190	661	1067	1166	1262	1658	1757	1992	2025	2066	2080	2093	2222	
191	296	749	964	1298	1789	1872	2068	2139	2280	2285	2293	2339	
192	77	257	522	593	654	863	996	1040	1225	1299	1447	1916	
193	750	857	866	1243	2021	2047	2123	2140	2286	2313	2340	2350	
194	35	50	816	946	981	1184	1309	1542	1598	1664	1744	1865	
195	32	57	59	235	254	600	794	833	1133	1386	1688	1694	
196	189	887	1070	1394	1493	1644	1727	1734	1793	1843	1919	1950	
197	183	405	559	688	788	1061	1095	1151	1417	1427	1508	1620	
198	150	159	262	332	385	743	932	1033	1157	1748	1763	1795	
199	75	158	382	455	466	1334	1522	1563	1654	1805	1814	1845	
200	11	313	708	840	873	1000	1547	1656	2027	2256	2261	2275	

1	0	1	0	1	0	1	0	1	0	1	0	1	0	1	0	1	0	1	0	1	0	
1	0	0	1	0	1	0	1	0	1	0	0	1	1	0	1	0	1	0	1	0	1	
1	0	1	0	0	1	0	1	0	1	0	0	1	0	1	1	0	1	0	1	0	1	
1	0	1	0	1	0	0	1	0	1	0	0	1	0	1	0	1	1	0	1	0	1	
1	0	1	0	1	0	1	0	0	1	0	0	1	0	1	0	1	0	1	1	0	1	
1	0	1	0	1	0	1	0	1	0	0	0	1	0	1	0	1	0	1	0	1	1	
0	1	0	1	0	1	0	1	0	1	0	1	0	1	0	1	0	1	0	1	0	1	
0	1	1	0	1	0	1	0	1	0	1	1	0	0	1	0	1	0	1	0	1	0	
0	1	0	1	1	0	1	0	1	0	1	1	0	1	0	0	1	0	1	0	1	0	
0	1	0	1	0	1	1	0	1	0	1	1	0	1	0	1	0	0	1	0	1	0	
0	1	0	1	0	1	0	1	1	0	1	1	0	1	0	1	0	1	0	0	1	0	
0	1	0	1	0	1	0	1	0	1	1	1	0	1	0	1	0	1	0	1	0	0	
