2400	200	250	12

5	1	1544	1868	61	1046	16	
13	7	780	132	796	1216	995	2042	1855	1953	408	156	6	8	241	
8	2	26	1349	2008	1017	418	811	1514	799	
13	8	154	1440	1558	1699	2256	1043	738	897	1799	2357	1968	2388	1167	
9	4	1322	59	345	225	1680	2069	1383	2285	47	
17	7	1657	1404	1796	477	70	85	579	1386	1553	1060	881	401	183	317	1771	409	1937	
7	1	1104	1360	194	1480	2036	1641	448	
12	8	669	1948	2277	350	1109	2135	2389	1297	1263	2120	1202	373	
6	1	2167	637	804	860	294	326	
3	3	1394	1860	1149	
14	5	718	1681	1409	1607	1292	226	490	1352	1670	1883	1548	875	2181	633	
10	7	583	2034	1599	816	1321	1846	2278	507	1188	1537	
9	6	1914	1807	432	281	1742	433	534	1120	1224	
11	5	1255	475	2130	2021	293	1760	1169	2393	346	1132	2288	
6	4	472	1373	2229	2339	1899	1934	
9	5	2399	2320	696	149	1700	1052	1803	2236	817	
13	6	1111	1800	1994	1068	1575	1567	1023	1319	1220	806	1432	813	1867	
12	7	2013	1316	563	2137	2044	1540	511	2337	2190	301	1918	1406	
13	8	920	36	1841	2174	663	473	1079	125	2043	1905	1649	825	134	
12	8	2031	1157	1230	1985	1507	905	176	193	449	1890	251	1428	
10	3	770	1286	1813	877	311	58	463	1121	2397	1074	
8	2	598	714	1359	1027	1451	786	602	1754	
14	5	1212	1571	242	1898	775	111	1763	2356	2	105	1789	1585	485	1648	
6	4	713	1165	573	683	1819	1233	
10	7	2047	1275	2170	1510	2012	613	1786	1550	1153	1474	
11	6	1191	291	1875	2303	1020	2350	1323	1536	1939	744	19	
8	6	1246	2396	1831	1234	2306	1231	168	1337	
11	3	2259	2210	2255	1181	697	525	1943	930	48	2015	44	
12	5	917	443	262	1885	2160	2195	1063	1839	2265	1927	1186	234	
10	6	648	308	1417	2243	195	535	102	1697	966	2349	
12	8	1341	1724	2083	2247	309	2119	1310	1930	1619	679	1070	1433	
5	1	2381	2316	1048	1733	1653	
11	4	2378	1873	1497	1925	246	1460	1144	503	2018	2391	548	
9	5	751	554	376	1745	352	2178	1007	529	33	
14	5	1515	1436	1995	135	951	1303	833	2185	393	2098	2241	244	934	454	
10	6	1276	2364	838	1344	1588	880	469	743	1833	359	
17	6	504	1844	1854	1597	1650	1179	253	2166	886	35	1185	1288	1793	603	1991	2143	2286	
9	2	1269	1244	945	1600	1957	975	1609	1033	2299	
13	5	2023	2099	749	129	627	1143	2258	520	2219	1107	1305	2372	623	
6	5	2383	1956	1207	615	612	495	
10	3	764	1454	347	1215	1254	1462	851	1038	929	189	
7	5	1166	2133	2154	1294	2073	1992	280	
5	1	854	1779	533	1563	181	
7	1	855	2211	133	1805	1704	1036	1551	
10	3	379	1353	1093	1339	808	567	2260	2323	2215	1277	
11	3	862	12	753	1201	398	938	2274	1437	837	2017	239	
8	6	182	859	1465	1810	208	2153	974	2014	
10	5	1	1031	774	2108	1155	1306	268	1605	1221	1559	
10	6	1924	1541	67	937	514	950	1903	453	1156	2374	
16	10	484	1390	192	1664	1642	138	252	2003	1411	2361	640	1376	1750	2319	1696	824	
11	6	566	632	1955	377	955	121	1654	931	894	1539	1307	
18	10	834	976	1580	436	2300	1808	2037	471	1595	988	984	701	2362	2051	863	427	73	2039	
7	4	1596	86	1439	1616	2355	2304	27	
8	5	654	1901	1471	1030	2287	1842	2149	1178	
11	5	1576	2188	2224	296	273	545	2307	2309	1325	798	977	
12	8	1752	2162	1532	978	1334	1826	430	649	1635	969	2273	1114	
12	7	668	582	672	2009	300	829	2124	238	571	590	1491	1618	
6	4	1517	653	621	1698	646	178	
15	7	271	1210	2087	1631	236	1318	2139	1848	1821	126	1253	758	438	827	1784	
4	1	2398	1211	478	1311	
7	5	911	1271	1816	2282	1694	279	994	
9	3	1380	1237	1475	92	481	196	1802	1916	1775	
9	3	574	288	470	80	260	2182	2262	2127	1730	
9	5	1949	2212	1083	399	818	267	464	1119	2201	
8	2	1336	892	1936	882	1495	979	1710	1067	
9	4	506	387	1100	167	1645	869	310	607	1692	
12	6	479	1938	2394	610	452	303	1365	867	338	857	1279	940	
11	6	1412	1356	184	128	285	2040	1617	2275	1308	1289	62	
11	3	1979	1424	1628	848	1587	482	1589	914	1267	767	2079	
13	8	120	782	1889	13	942	2175	2373	144	1715	462	964	1187	2060	
13	4	1015	200	1837	434	904	1193	732	369	114	2298	1858	23	459	
12	4	923	1384	1780	493	466	190	468	1622	1608	1672	2248	1892	
10	5	1814	1667	1012	1429	421	491	1972	517	2048	910	
8	6	1651	2237	2010	204	1387	428	625	110	
6	3	1727	2257	2111	1147	2005	899	
15	8	1260	591	2218	2054	1192	1797	416	143	807	2122	518	450	1345	965	1621	
5	3	292	1601	1446	2136	907	
12	7	1652	1545	2125	444	909	2214	876	1604	2019	425	1719	1045	
7	5	895	1228	1225	1511	1523	1748	1226	
8	4	2207	413	1986	2082	2296	188	1458	445	
13	8	1912	1378	2091	358	276	1920	2113	218	298	1527	407	1238	887	
8	2	118	1293	687	1037	1977	1915	609	830	
10	6	2176	1917	1080	21	2020	836	63	257	1227	888	
4	2	390	1489	1684	1959	
9	3	108	1247	1661	655	2102	756	906	357	441	
7	3	1503	1964	158	1174	1521	512	1472	
10	6	378	1703	2067	1644	1304	1695	1950	2293	380	700	
6	2	1583	2191	1840	1018	1735	1332	
10	5	2329	1146	1135	1355	1223	83	831	1443	1405	635	
9	6	983	1112	1579	1828	599	2387	1069	415	148	
9	4	946	1195	2318	2217	1175	500	1908	1010	210	
9	6	1205	1198	1116	1016	1659	215	1372	750	233	
9	4	240	879	1556	1133	505	1728	1500	890	884	
12	7	935	45	954	1911	9	693	913	431	103	1391	2158	383	
8	4	1636	2140	659	94	1330	423	3	629	
12	8	2270	717	457	559	488	2128	1505	1176	1940	526	1614	411	
11	3	1320	1287	1285	1206	777	729	483	1333	1084	990	1783	
3	2	921	492	1092	
11	6	1904	1612	1741	773	306	1665	724	2032	299	2138	2056	
7	2	1581	256	1395	1393	1331	1983	2239	
15	9	939	232	249	51	595	337	1257	1594	1180	1342	2363	1778	801	1019	1788	
13	5	1484	1976	1280	719	918	1476	1106	1870	150	1145	395	657	2147	
5	4	593	1001	611	335	2327	
12	5	1296	1464	2360	2093	1952	2252	1569	706	307	797	1761	467	
13	4	901	1283	1711	228	963	2002	2234	1357	2179	643	1602	1993	1820	
9	2	703	404	538	258	2065	866	539	2305	1217	
14	6	992	32	998	1362	1931	278	1702	1758	320	15	739	1795	1077	7	
12	6	1335	2006	2066	689	624	903	1668	509	2117	76	2281	2370	
3	2	2071	2311	1852	
13	8	993	858	1739	850	815	678	2088	1029	2103	163	2209	1929	1140	
12	5	2267	250	1611	1552	936	68	2205	845	1971	956	402	37	
6	1	733	2134	439	2272	1392	343	
7	5	406	2104	1769	199	748	1794	597	
8	4	197	639	1743	1508	878	2169	91	1591	
11	5	1562	1420	682	88	2222	217	1164	2000	660	1209	541	
18	10	1034	709	1732	1172	1087	476	1422	1026	265	2245	82	1076	348	746	455	1941	340	841	
8	3	1714	902	1470	460	56	2173	521	530	
9	4	1413	275	1881	2269	1256	2342	962	1501	1753	
9	6	1486	826	1368	900	2279	1538	1154	2196	1438	
14	6	747	2016	557	2112	2202	127	1746	2058	1236	2250	2189	1830	549	565	
6	5	1072	2334	344	81	1862	791	
9	3	631	537	89	2004	446	1441	2114	2340	1213	
6	3	2347	1013	793	54	952	2315	
12	8	1646	1897	1102	968	487	893	186	587	2184	1988	1124	1865	
9	2	642	839	2268	620	1270	277	698	1066	1606	
8	3	1693	1749	883	170	2294	209	2199	1935	
10	3	57	1686	2062	212	1252	2145	1755	1062	1129	2276	
13	5	403	456	542	437	1790	2244	499	1300	2366	2161	41	731	1832	
9	4	96	1487	737	2280	1933	2338	2326	179	1707	
8	5	1570	745	645	1078	2312	1975	1851	1374	
7	4	540	1039	1243	1509	1818	1399	924	
8	4	985	656	943	1627	221	2375	2183	1457	
6	4	677	2223	213	536	1259	323	
11	6	2187	2024	1425	1640	1163	2208	1456	1011	1764	2308	2180	
5	2	1942	1534	1126	123	1824	
8	3	1110	1388	2064	641	1777	2251	1415	1874	
5	3	661	1200	810	2314	1194	
15	7	2109	211	1675	52	2376	145	254	1272	1459	330	864	2352	382	2007	1787	
7	5	98	1990	2061	1535	788	2118	686	
6	1	2146	349	489	2192	2116	960	
11	4	1896	1705	1265	1199	501	261	2385	790	442	2221	949	
8	2	852	1240	1400	1134	1677	1000	2313	2131	
11	3	1346	1747	2077	420	1014	2351	410	74	1028	1804	1723	
4	2	1418	1298	1490	1998	
4	4	916	1258	1219	334	
12	6	2240	723	1249	2052	1856	581	991	604	516	1059	2092	874	
7	4	1377	1877	2263	1845	272	2226	2101	
8	6	2045	2070	53	362	2026	1407	164	2325	
8	5	561	1250	1996	1838	1103	1772	1050	728	
14	7	1947	596	1314	1434	1887	1843	1268	113	1546	386	2346	2213	2089	891	
11	3	1731	2292	1449	360	166	2177	2141	1792	1042	676	1295	
13	7	1633	1122	1338	2317	405	101	2059	77	1251	720	871	435	785	
9	3	417	896	201	584	374	1369	17	1759	1222	
9	4	1857	2225	1572	1530	695	1361	1389	115	1401	
10	4	1492	1923	585	508	1261	216	1421	342	2110	231	
12	5	2367	1945	2028	318	274	761	1351	1970	55	515	2283	685	
14	6	336	1414	1071	1419	1398	2203	1426	865	588	1099	1183	1626	1560	671	
14	7	2038	1488	1770	776	712	727	1481	843	1242	385	772	2354	1561	1447	
14	6	2081	147	1326	87	778	1740	255	1329	1171	1082	2295	42	555	821	
7	1	2100	1685	715	1159	2380	2382	1367	
10	6	2344	1801	873	1690	1461	287	527	1184	1047	1049	
11	3	958	1549	1613	1982	1021	948	203	1057	2365	2345	245	
15	7	2254	919	1512	384	926	1781	259	2132	1004	1907	2249	1131	1893	1138	1229	
16	7	1504	1137	1554	1142	959	247	650	202	1776	2264	2335	2227	980	844	1886	759	
8	4	1506	1639	1578	2330	614	1958	754	325	
9	4	1150	1969	651	702	1278	2022	205	270	736	
13	8	66	1051	605	1089	1666	198	562	1757	928	1040	812	1485	1568	
6	2	670	79	49	1170	11	1096	
10	4	1482	1445	2011	353	861	214	177	941	1385	1812	
16	8	173	1044	1402	2078	1098	412	1850	783	29	22	95	986	1765	2001	2105	381	
7	4	779	2129	1866	2233	849	1566	589	
9	2	853	2197	171	1097	1513	1768	1922	222	1829	
12	4	266	570	1035	1006	1218	981	971	1978	722	100	1967	519	
11	6	339	1473	1679	227	175	140	944	2321	161	1906	763	
11	3	1946	375	351	1262	1022	2231	2289	1479	1371	1834	1531	
6	1	356	494	2159	65	1689	117	
9	3	1177	2220	1370	224	1782	1315	142	2186	1590	
9	5	2151	71	2126	2290	319	2371	885	1502	652	
11	7	290	1118	628	1879	1756	868	1557	2156	809	1643	1152	
6	4	2369	1410	1064	1196	766	30	
9	2	1981	1849	528	735	1160	2331	1708	1127	819	
7	4	2266	781	31	2343	742	2200	768	
12	8	2068	1827	2107	1299	1701	544	847	1190	153	1301	2194	1442	
11	5	1660	2228	331	692	1744	2310	1266	1773	363	755	711	
14	8	1610	414	1241	2121	2030	953	1584	2106	426	760	1736	1214	822	794	
10	4	626	2271	1910	1884	1974	1115	1658	606	1139	1577	
6	4	999	2152	1469	1713	1900	1565	
12	5	691	2238	69	846	1676	2353	157	832	312	2232	237	2085	
10	3	1264	1691	229	638	1430	1586	2090	666	987	1002	
9	6	564	1162	619	146	1397	1366	104	752	1671	
8	4	2164	139	1281	39	1173	1529	1811	172	
11	6	2235	673	524	1673	970	220	130	664	486	1815	1960	
9	6	1282	1032	1061	1662	1468	116	721	2336	1091	
6	5	1951	2076	1894	155	1005	927	
7	2	769	1737	207	820	124	327	4	
9	4	2377	160	84	546	1738	644	2206	2204	440	
6	3	1751	616	792	18	594	552	
14	7	1859	543	1878	1403	741	870	617	1208	560	1864	1582	2332	1499	72	
11	5	630	1592	313	1284	1128	842	1431	1444	297	1182	1348	
13	4	577	1722	1687	835	636	1632	1669	1823	1522	368	321	1720	1876	
8	4	622	522	1130	762	840	1204	480	1767	
6	1	2097	2150	1525	1624	716	889	
11	5	78	1543	997	2348	40	1564	828	1313	2368	726	925	
12	6	2302	1435	25	707	2297	1593	2063	1919	389	1638	1088	75	
9	2	2284	1533	658	1350	1054	1926	371	1354	1528	
13	4	151	805	1656	1997	1961	1073	1524	2390	1615	2242	823	2072	1683	
11	6	2246	372	600	1682	705	50	872	1448	2165	1518	419	
15	7	1547	1477	2400	1809	397	1101	1123	264	1452	547	1053	1625	1498	2144	569	
6	2	688	1105	1987	354	675	424	
8	6	2324	1463	2163	982	2096	2384	2157	592	
8	6	1725	1467	1309	757	578	180	1075	2193	
11	6	708	2253	1158	119	784	38	230	43	97	1328	1427	
9	4	787	1125	932	447	957	1721	601	474	740	
5	2	502	2025	1766	795	2341	
7	4	1932	684	5	328	1629	1317	269	
17	7	973	1189	361	933	1709	304	60	112	898	392	550	1108	1364	422	1863	396	2075	
5	2	1232	131	1888	1081	1574	
12	6	458	2216	2084	1327	2057	1516	1416	169	1483	2379	2053	800	
9	4	152	1999	191	1895	961	93	710	1379	1113	
11	5	1519	1494	2027	1358	1798	1453	1141	394	1382	608	1882	
8	4	1688	814	355	2261	1008	996	1466	364	
4	3	1836	1871	429	647	
11	3	315	1095	1239	1647	235	1774	586	1603	1965	1151	302	
7	1	908	922	283	2148	690	1041	324	
9	3	1847	341	366	558	1136	2080	2392	2198	572	
8	3	1302	1347	1573	1984	2359	1526	2301	1717	
13	8	1718	243	1785	1729	618	496	333	329	1869	1312	332	1835	1973	
9	5	1928	391	46	284	556	2050	532	137	2074	
13	7	912	370	2095	513	1086	1450	1245	681	2322	2094	989	498	1090	
7	3	1542	1408	1630	2046	1853	106	206	
7	5	580	365	1962	694	14	2049	314	
6	1	967	1056	1340	1003	1825	90	
6	3	1274	64	2395	162	1117	1343	
12	5	1148	1678	662	789	1555	1197	667	2171	1290	972	1712	704	
15	8	461	99	1496	24	802	1623	765	1944	2333	1168	1024	1817	1980	109	1455	
8	4	248	1806	136	2033	322	553	1954	680	
5	3	223	400	159	915	1025	
8	6	510	771	1085	1161	1009	465	2115	1598	
11	7	141	286	1423	1880	28	107	1989	497	2291	388	1248	
5	3	2230	20	575	122	1203	
16	7	2123	1520	451	1674	1706	219	2055	2035	2086	305	2029	1363	947	1734	1913	1822	
12	5	1655	734	1872	1663	165	263	634	1762	665	2328	1381	1055	
9	3	1493	1634	1637	1324	1094	316	185	187	2142	
5	2	568	2172	1058	803	1902	
4	4	699	1478	856	2041	
8	5	1273	2358	10	1891	1726	1291	295	1921	
4	3	1963	282	551	1620	
4	4	531	1065	1235	1966	
8	6	1909	1861	1716	367	34	1375	2155	2386	
10	4	1396	674	725	730	174	2168	576	1791	289	523	

1	108	118	154	315	677	718	992	999	1191	1255	1396	1547	
2	96	182	626	703	770	958	983	1212	1646	1681	1951	2109	
3	32	510	747	780	855	1015	1034	1110	1177	1718	1979	2097	
4	120	379	642	654	708	920	939	998	1269	1377	1388	1492	
5	406	475	751	779	839	1111	1341	1571	1714	2016	2266	2344	
6	26	141	152	417	583	1095	1246	1260	1515	1576	1633	1657	
7	200	266	339	403	461	568	668	834	908	1302	1349	1981	
8	661	911	1751	1800	1836	1923	1949	2038	2246	2302	2377	2378	
9	57	173	211	506	591	709	922	976	1205	1506	1652	1909	
10	78	456	484	771	912	1148	1271	1336	1752	2164	2240	2259	
11	98	139	291	542	570	1347	1435	1545	1610	1816	1904	1912	
12	356	504	723	1335	1562	1580	2253	2254	2324	2383	2398	2399	
13	197	372	564	585	892	917	1276	1596	1686	1896	1946	1947	
14	25	443	557	577	787	1424	1482	1857	1875	2013	2031	2187	
15	99	1320	1675	1861	1963	2162	2207	2225	2235	2320	2329	2367	
16	554	561	566	1849	1994	2081	2129	2152	2188	2220	2267	2268	
17	376	630	632	648	696	733	935	1362	1436	1549	1655	1897	
18	370	620	674	691	1044	1273	1420	1477	1693	1945	1990	2006	
19	147	151	160	375	437	859	1198	1250	1274	1287	1346	1493	
20	1	262	631	699	713	734	919	1247	1378	1486	1583	1724	
21	436	458	670	896	1165	1440	1488	1503	1660	2068	2091	2146	
22	52	574	580	669	682	902	993	1031	1239	1244	1322	1478	
23	223	242	413	862	923	1068	1285	1496	1532	1814	1877	1885	
24	292	479	537	1146	1293	1504	1628	1790	2024	2045	2062	2064	
25	12	365	1249	1413	1418	1827	1837	1948	1964	2216	2238	2300	
26	89	132	378	805	826	973	1137	1716	1770	1914	2034	2160	
27	336	707	895	1072	1158	1282	1487	1519	1592	1688	1722	1873	
28	434	573	1296	1703	1807	1808	1859	2023	2123	2167	2244	2284	
29	119	286	290	313	351	848	852	858	916	946	1102	1298	
30	499	1353	1512	1575	2067	2195	2303	2334	2347	2358	2396	2400	
31	10	582	1063	1189	1636	1661	1938	2066	2112	2218	2223	2270	
32	361	600	764	769	1166	1264	1554	1962	1995	2054	2176	2230	
33	66	135	240	349	414	641	1195	1368	1402	1454	1520	1656	
34	45	404	784	1326	1612	1647	1691	1844	1997	2037	2095	2151	
35	954	1414	1517	1543	1639	1986	2078	2224	2263	2364	2376	2394	
36	24	296	838	1013	1093	1157	1678	1839	1854	1928	1931	2008	
37	229	358	432	502	904	968	1281	1412	1425	1542	1732	1847	
38	88	232	283	540	596	951	1071	1162	1567	2028	2083	2140	
39	36	69	243	717	978	1300	1316	1384	1404	1484	1599	1898	
40	391	451	781	1017	1200	1258	1303	1473	1581	1725	1741	1809	
41	79	86	249	774	1419	1497	1558	1572	1674	1737	1924	1936	
42	276	513	563	598	796	933	1570	1578	1644	1687	1731	1942	
43	145	384	638	921	997	1051	1122	1739	1841	1920	2004	2133	
44	318	639	793	802	816	853	856	945	1098	1430	1467	1682	
45	59	71	149	213	288	508	833	985	1211	1469	1651	1749	
46	271	281	487	1321	1394	1597	1640	1777	1801	1831	2100	2107	
47	412	457	622	673	814	1172	1304	1334	1370	1541	1891	1901	
48	87	308	538	637	782	1118	1193	1338	1344	1650	1679	1705	
49	46	662	705	846	854	1423	1706	1785	1889	2076	2104	2202	
50	31	219	776	789	1112	1270	1465	1530	1587	1796	1999	2052	
51	284	400	494	524	528	543	610	687	737	753	873	1142	
52	628	1179	1262	1390	1685	1810	1826	2126	2197	2271	2280	2297	
53	235	253	341	355	778	1232	1261	1555	1780	1856	1880	1911	
54	127	689	1339	1845	1878	2130	2222	2277	2292	2317	2330	2348	
55	9	482	695	1240	1463	1600	1699	1742	2041	2125	2134	2366	
56	192	254	489	493	593	605	1023	1085	1403	1996	2185	2247	
57	20	278	387	741	745	1356	1398	1709	1740	1871	1957	1961	
58	171	217	309	350	444	452	472	1586	1613	1745	1747	1850	
59	201	397	653	1073	1494	1729	2021	2055	2150	2166	2191	2212	
60	40	293	879	1192	1449	1667	1743	1769	2071	2077	2161	2192	
61	51	67	277	304	420	616	656	659	715	909	1089	1100	
62	64	94	224	272	712	773	870	1216	1508	1797	2070	2099	
63	430	694	698	1265	1634	1727	1782	1866	1879	2082	2113	2148	
64	207	466	477	617	783	995	1083	1104	1241	1272	1408	1666	
65	70	212	256	303	619	624	749	943	1163	1417	1623	1664	
66	198	218	250	258	282	416	581	672	804	1037	1360	1445	
67	13	28	29	208	556	559	690	792	835	937	1032	1361	
68	143	366	367	470	732	967	1097	1125	1533	1593	2047	2050	
69	274	405	488	514	636	645	688	1012	1087	1161	1234	1286	
70	901	1230	1314	1471	1524	1695	2011	2063	2119	2211	2256	2257	
71	683	1043	1101	1275	1373	1985	2137	2154	2159	2214	2228	2290	
72	319	558	595	649	727	900	1199	1201	1283	1579	2170	2243	
73	129	347	471	522	725	893	932	1252	1294	1588	1632	1872	
74	50	53	133	306	446	1030	1109	1434	1507	1642	1894	1917	
75	191	362	618	735	926	1589	1669	1955	1956	2009	2208	2261	
76	138	227	765	886	2025	2135	2174	2306	2311	2343	2390	2395	
77	41	85	190	216	1020	1039	1123	1130	1627	1690	1925	1976	
78	194	264	693	761	876	1035	1215	1280	1470	1510	1663	1950	
79	39	184	195	579	1008	1464	1604	1823	1932	1944	2044	2128	
80	575	880	913	991	1086	1206	1389	1409	1461	1505	1774	2210	
81	35	255	273	337	1299	1450	1601	1760	1887	2084	2121	2233	
82	730	808	1116	1207	1210	1309	1365	1452	1456	1564	1701	1713	
83	275	377	399	658	820	996	1014	1386	1544	1615	2035	2087	
84	34	84	252	942	1315	1350	1439	1781	1868	1982	2042	2065	
85	14	38	80	107	155	287	398	914	1006	1185	1330	1380	
86	146	175	344	527	866	903	1208	1631	1665	1855	1910	2019	
87	101	236	429	757	1054	1056	1080	1228	1319	1429	1522	1595	
88	560	621	627	807	867	1009	1254	1267	1310	1881	1884	2027	
89	159	248	331	478	762	1066	1231	1462	1828	2086	2203	2242	
90	128	221	468	476	719	731	775	883	975	1726	1840	1974	
91	60	124	393	418	777	1005	1115	1318	1400	1426	1525	1556	
92	22	170	259	300	865	1225	1421	1422	1624	1813	1926	1930	
93	81	95	167	186	562	882	959	1143	1219	1480	1698	1711	
94	140	165	298	469	1169	1237	1327	1481	1622	1756	2036	2108	
95	111	174	230	285	390	531	663	905	918	1021	1243	1288	
96	360	988	1176	1397	1806	1832	1838	1900	2012	2057	2139	2145	
97	112	166	228	327	544	1011	1065	1155	1284	1311	1630	1746	
98	421	447	604	684	948	984	1245	1441	1495	1511	1895	2132	
99	433	578	714	1133	1375	1476	1553	1658	1676	2255	2258	2296	
100	368	465	473	615	872	1061	1128	1136	1150	1220	1490	2090	
101	21	54	586	666	738	829	843	955	986	1001	1257	1358	
102	263	369	588	716	742	828	1016	1164	1218	2058	2226	2279	
103	158	546	692	850	897	898	1306	1509	1819	1864	1933	1977	
104	43	701	847	963	1313	1594	1799	1989	2269	2318	2353	2375	
105	122	460	536	1135	1448	1516	1607	1673	1765	2020	2040	2061	
106	599	646	1060	1180	1197	1236	1603	1757	1764	1805	2163	2177	
107	501	551	982	1078	1292	1395	1416	1608	1700	1848	1915	1969	
108	131	203	823	915	1079	1160	1534	1744	1843	1860	2122	2124	
109	162	836	952	1106	1540	1637	1668	1755	2003	2059	2175	2282	
110	305	352	539	634	944	981	1268	1779	2293	2351	2360	2362	
111	65	121	136	169	260	380	392	423	743	938	1134	1324	
112	61	176	729	1103	1329	1611	1635	1645	1694	1704	2033	2274	
113	157	246	279	518	767	860	971	1026	1041	1052	1057	1126	
114	410	439	516	545	700	877	970	1259	1437	1460	1552	1870	
115	114	125	150	188	226	345	450	535	810	868	1018	1062	
116	18	490	509	511	550	851	878	936	1094	1203	1662	1821	
117	113	268	655	881	1059	1233	1393	1672	1818	1919	2026	2030	
118	49	68	168	1557	2051	2073	2080	2200	2307	2333	2369	2371	
119	505	1181	1606	1940	2156	2217	2305	2331	2350	2387	2392	2393	
120	3	815	849	1546	1965	2092	2096	2205	2237	2248	2272	2308	
121	353	832	885	1168	1170	1331	1459	1762	1766	1953	2010	2079	
122	63	220	321	587	613	837	957	1175	1352	1355	1411	1475	
123	115	697	863	1105	1323	1351	1366	1527	1605	1721	1738	1978	
124	386	614	651	667	724	840	845	1174	1242	1489	1536	1573	
125	5	238	316	532	1359	1702	1786	1983	2049	2117	2171	2184	
126	104	130	247	567	665	1970	2101	2314	2337	2346	2361	2365	
127	56	497	525	547	571	811	842	1108	1410	1468	1502	1535	
128	55	102	116	534	650	681	950	961	979	1022	1064	1159	
129	199	202	225	702	818	1677	1728	1903	2098	2213	2251	2322	
130	311	346	453	678	869	1099	1291	1659	1697	1720	1803	1939	
131	126	267	338	483	500	612	1024	1235	1256	1609	1641	1670	
132	385	594	1566	1582	1908	2093	2094	2141	2260	2298	2310	2312	
133	74	664	953	966	1278	1290	1514	1858	1876	1975	2178	2182	
134	257	464	722	772	972	1038	1144	1333	1458	1776	1798	2043	
135	185	389	425	644	744	806	1007	1183	1415	1431	1708	1958	
136	137	408	431	590	1190	1196	1453	1952	1987	2229	2241	2309	
137	265	486	496	766	1763	2111	2291	2338	2345	2373	2381	2389	
138	92	354	515	788	861	1053	1145	1297	1616	1617	1689	1758	
139	58	214	1000	1173	1446	1584	1719	2022	2173	2231	2294	2339	
140	215	333	492	1521	1538	2002	2165	2168	2236	2245	2250	2252	
141	320	629	809	1117	1132	1147	1194	1263	1626	2198	2264	2265	
142	77	611	1491	1518	1529	1883	1984	1988	2072	2155	2287	2357	
143	4	15	103	395	533	606	640	1204	1565	1793	1971	2046	
144	100	261	295	675	1010	1141	2088	2106	2114	2190	2206	2326	
145	11	23	153	187	329	987	1227	2136	2169	2328	2340	2355	
146	177	312	1340	1817	1846	2120	2288	2335	2359	2384	2385	2386	
147	584	1376	1815	2234	2316	2323	2332	2342	2354	2356	2368	2380	
148	93	123	342	407	463	721	1046	1266	1654	1853	2232	2275	
149	503	526	739	928	1028	1407	1513	1852	2089	2215	2278	2321	
150	164	180	1092	1223	1372	1548	1569	1750	1773	1960	2017	2102	
151	388	931	1029	1048	1139	1184	1308	1342	1357	1483	1625	2005	
152	76	83	91	193	334	401	1684	1772	1795	1804	1862	2179	
153	205	322	324	1119	1444	1618	1833	1967	2018	2029	2032	2074	
154	363	609	652	1069	1202	1680	1980	2227	2262	2283	2349	2379	
155	82	144	328	427	520	589	750	752	989	1004	1033	1149	
156	210	270	330	335	424	449	969	1040	1156	1171	1466	1943	
157	204	359	1003	1124	1345	2118	2183	2219	2273	2325	2327	2391	
158	310	576	1075	1077	1253	1523	1550	1638	1890	1907	2142	2189	
159	7	161	183	301	607	657	756	795	1238	1710	2069	2153	
160	2	426	445	512	754	974	1364	1383	1629	1791	1792	1842	
161	105	244	394	481	790	831	906	941	1107	1251	2116	2157	
162	97	117	196	289	857	875	929	934	962	1343	1619	1715	
163	297	357	491	553	748	1027	1082	1153	1305	1391	1443	1563	
164	422	441	1042	1076	1363	1382	1526	1865	1918	1966	2281	2295	
165	251	348	442	603	817	864	894	956	994	1036	1432	1498	
166	106	314	1067	1683	1954	2158	2201	2301	2352	2363	2370	2372	
167	42	178	791	1869	1968	2000	2103	2181	2289	2313	2315	2319	
168	383	643	760	947	1151	1312	1802	1906	2249	2299	2304	2336	
169	142	706	746	1050	1121	1325	1392	1551	1671	1696	1717	1874	
170	156	206	799	891	1182	1317	1479	1499	1972	2374	2388	2397	
171	294	720	736	758	960	965	1131	1735	1794	1905	1916	2144	
172	402	448	462	798	812	930	1154	1301	1451	1501	1778	1992	
173	317	455	786	874	1047	1213	1279	1500	1723	1991	2014	2172	
174	73	517	676	726	1084	1348	1405	1734	1736	1941	2204	2239	
175	209	239	440	523	813	1088	1120	1371	1614	1768	2053	2127	
176	30	37	163	269	299	340	374	686	925	964	990	1025	
177	454	980	1337	1457	1485	1560	1830	1893	1913	2221	2341	2382	
178	75	189	237	280	382	549	710	1049	1385	1712	1771	2048	
179	109	326	419	555	660	679	890	1167	1387	1867	1922	2085	
180	179	302	411	548	671	1328	1379	1602	1789	1811	1888	2115	
181	48	521	1114	1138	1295	1649	1851	2110	2143	2180	2186	2209	
182	307	332	428	602	635	871	1081	1369	1775	1863	1899	1927	
183	396	507	529	597	755	797	1074	1214	1221	1539	1707	1730	
184	6	19	233	438	530	625	1096	1129	1381	1591	2001	2015	
185	27	222	572	1113	1224	1585	1621	1748	1834	2105	2147	2199	
186	181	373	409	633	763	888	1058	1217	1367	1406	1428	1590	
187	459	498	680	704	907	949	1277	1332	1733	2149	2193	2196	
188	33	172	565	608	801	822	825	841	1178	1187	1427	1761	
189	17	495	803	977	1186	1209	1289	1653	1753	1754	1825	2075	
190	44	72	415	541	552	601	824	827	1248	1577	1998	2007	
191	519	887	1019	1070	1438	1759	1822	1829	1835	1882	2039	2060	
192	90	231	480	794	821	899	940	1045	1574	1783	1929	1993	
193	234	371	474	728	768	844	1127	1188	1643	1692	1788	1937	
194	245	467	485	647	830	1091	1226	1354	1374	1820	1892	1902	
195	8	16	110	325	569	592	623	711	889	1152	1401	1559	
196	62	148	343	884	910	1055	1090	1307	1561	1568	1598	1812	
197	241	323	927	1399	1433	1447	1455	1767	1934	1935	2131	2138	
198	435	740	1537	1784	1886	1959	1973	2056	2194	2276	2285	2286	
199	134	685	759	785	800	819	1222	1442	1472	1474	1528	1824	
200	47	364	381	924	1002	1140	1229	1531	1620	1648	1787	1921	

1	0	1	0	1	0	1	0	1	0	1	0	1	0	1	0	1	0	1	0	1	0	
1	0	0	1	0	1	0	1	0	1	0	0	1	1	0	1	0	1	0	1	0	1	
1	0	1	0	0	1	0	1	0	1	0	0	1	0	1	1	0	1	0	1	0	1	
1	0	1	0	1	0	0	1	0	1	0	0	1	0	1	0	1	1	0	1	0	1	
1	0	1	0	1	0	1	0	0	1	0	0	1	0	1	0	1	0	1	1	0	1	
1	0	1	0	1	0	1	0	1	0	0	0	1	0	1	0	1	0	1	0	1	1	
0	1	0	1	0	1	0	1	0	1	0	1	0	1	0	1	0	1	0	1	0	1	
0	1	1	0	1	0	1	0	1	0	1	1	0	0	1	0	1	0	1	0	1	0	
0	1	0	1	1	0	1	0	1	0	1	1	0	1	0	0	1	0	1	0	1	0	
0	1	0	1	0	1	1	0	1	0	1	1	0	1	0	1	0	0	1	0	1	0	
0	1	0	1	0	1	0	1	1	0	1	1	0	1	0	1	0	1	0	0	1	0	
0	1	0	1	0	1	0	1	0	1	1	1	0	1	0	1	0	1	0	1	0	0	
