2400	200	250	12

10	5	464	564	43	365	775	349	945	974	172	768	
11	3	1859	1736	1748	252	649	643	2226	2375	2073	1883	2341	
13	7	1524	1213	817	1860	288	2143	542	830	392	1989	1638	903	105	
8	6	2388	282	2296	1998	1301	281	14	434	
10	7	280	2222	2379	1281	1854	408	414	1216	755	2102	
11	7	1427	559	1099	1691	968	154	256	1782	1596	275	1084	
10	4	2237	841	2095	2294	866	710	1237	2223	734	1012	
10	6	431	720	1104	260	575	1465	1244	1085	1504	907	
6	5	28	346	2163	1746	1720	316	
6	2	1714	76	1687	1803	1189	610	
8	5	1238	2317	93	1616	2218	1225	1689	1866	
8	4	1819	2013	1791	149	322	215	1289	47	
8	4	2084	1571	918	2355	840	930	2195	2192	
7	4	220	581	1723	2040	965	1661	552	
11	3	430	1093	2298	2085	2053	2111	1451	1516	973	1449	265	
11	4	341	1328	749	799	2257	1549	188	1533	2168	1323	1629	
17	6	548	128	1049	1510	1027	1177	2311	1970	730	1287	1847	2181	1455	1592	1602	1824	568	
10	3	1452	1437	724	1544	309	1644	528	1308	1812	1624	
7	1	2201	251	1831	432	1173	1488	59	
16	6	1507	2129	1648	1503	1133	2309	1505	1202	986	1059	662	1628	847	524	1241	73	
15	9	2165	2384	2157	1968	551	1182	1670	911	1725	450	1551	1247	1320	1123	1044	
7	5	1081	1887	1408	1834	2136	1129	1482	
13	7	497	1468	529	2056	1588	2242	1885	1575	1735	1999	46	535	546	
9	4	1879	1546	1674	337	1018	1252	1221	537	300	
9	2	1056	2151	1966	1931	117	713	400	1379	1673	
7	5	226	2271	2285	1995	835	997	1057	
12	7	1542	583	2148	1040	228	178	1212	1807	2146	1964	1484	909	
12	6	1450	1158	1138	1462	54	953	1236	2185	2373	2289	2046	1802	
10	7	1611	932	213	1870	2126	754	422	578	871	2145	
10	6	822	1317	1258	1284	1933	2058	682	1118	511	2357	
11	4	1378	2398	1711	2167	406	34	404	1306	1979	1997	711	
12	4	1147	2394	363	1849	1082	2270	1185	2092	1394	707	2212	689	
8	5	1880	703	132	227	977	541	1396	61	
9	6	1993	1297	843	1640	1101	743	1469	140	2121	
16	9	999	1727	1928	1672	2322	100	142	231	402	697	236	858	1305	1717	2303	676	
13	7	1243	1031	810	2150	748	269	112	1242	456	757	2396	2368	33	
11	7	372	1168	2241	1167	1971	1140	527	2066	407	204	42	
15	7	1756	82	89	1958	2065	440	67	1459	1319	1083	2347	2304	182	1270	995	
8	6	791	2346	2006	486	1601	1512	1762	1121	
15	8	2044	979	271	1578	53	838	1077	1413	208	530	752	2016	1586	1068	936	
12	4	2280	202	1654	27	1279	900	725	2075	1359	574	184	2162	
10	4	785	560	1617	2003	1361	2278	653	32	2387	962	
2	1	1861	102	
11	3	1639	2042	2358	933	445	2170	160	650	2190	1298	609	
12	7	2339	1806	554	1637	623	715	1778	1856	1945	1926	1948	1128	
10	6	2184	468	849	1779	99	2118	2206	355	1594	301	
12	4	558	1256	2344	1425	1991	1265	655	225	298	1566	777	1921	
9	5	2176	1875	312	1497	1598	761	1302	1092	1666	
10	5	60	113	1119	1659	647	2336	1330	845	36	1694	
10	7	556	919	750	164	2214	294	1210	1470	540	1446	
12	4	870	811	1388	1564	1523	123	175	360	1264	448	291	709	
12	6	2196	106	2293	1473	131	888	1246	1738	2365	733	1010	207	
10	7	1331	1923	1728	1397	818	2323	232	1414	1248	15	
7	2	1195	504	2248	201	2015	1070	940	
6	1	1275	1519	397	1412	1041	2376	
6	2	1159	1321	736	1126	532	815	
9	6	2307	1949	1722	1000	803	48	878	624	1266	
9	5	864	1932	902	245	2052	585	1192	672	2194	
7	2	2100	1398	427	633	1407	2299	658	
6	4	723	181	84	287	1590	781	
7	5	966	518	1107	1914	1163	762	2131	
8	2	789	1539	2361	827	1267	742	1105	589	
13	4	2018	989	38	1554	1122	1486	1343	1740	2377	1233	56	334	645	
7	2	1067	644	347	2189	92	1685	433	
12	8	1911	1286	1760	221	101	129	1440	1061	2281	582	120	2306	
9	6	2096	303	190	1368	1257	1047	340	299	2224	
5	4	570	1064	1022	1353	2399	
10	5	1636	1054	1166	1517	2060	631	168	620	1680	2318	
11	7	139	1324	1960	844	2158	2216	1335	367	1897	1572	778	
9	5	2269	2112	692	319	700	1285	2219	861	2135	
7	3	277	2348	2238	922	1840	378	443	
6	3	2331	1583	489	2283	1005	784	
12	7	949	1345	2072	1037	1705	833	1142	463	867	851	1775	1204	
12	4	1909	1872	640	2087	1042	2186	2081	255	794	1985	1754	1322	
9	4	746	1169	1494	846	1364	912	145	533	2107	
17	7	2063	1531	2025	1908	1089	770	2261	982	152	964	1603	1947	2359	45	1815	1143	2252	
12	7	1348	959	553	1913	477	1229	1148	614	1750	960	2305	2203	
5	2	852	1288	955	70	680	
8	6	2159	1193	304	1156	469	1110	211	1967	
12	7	1251	44	21	783	327	158	1475	688	1151	829	1514	1456	
10	3	985	664	1260	214	2234	1518	315	1699	1650	1001	
11	3	270	921	701	591	1476	2374	1280	1071	885	669	1442	
7	3	634	1063	472	1339	872	898	1814	
12	5	16	1433	1577	2310	1610	22	2023	66	75	2127	1548	1434	
6	1	1373	1175	996	373	766	2295	
6	2	1719	744	814	217	1965	1402	
11	4	1132	478	1828	1415	1597	1776	165	1946	586	1224	1172	
17	9	1976	326	420	1086	1881	1079	802	2390	23	1371	666	86	853	1316	109	1922	753	
13	7	1508	517	1576	1752	2282	1992	1535	461	1585	2297	1350	1761	1827	
10	3	2068	1069	1249	1375	305	860	679	1726	163	2275	
10	3	229	1098	1865	336	565	1113	1051	1845	1703	1369	
5	4	1208	2329	1232	505	1141	
9	4	230	1187	659	515	1773	1569	451	1886	1290	
8	3	1698	447	924	1161	295	667	594	684	
6	3	988	1384	1786	1155	262	665	
15	9	1941	395	279	2022	1447	562	1034	173	1606	1757	1938	179	1165	119	2276	
12	8	328	1028	1655	958	555	1951	153	352	602	712	842	1239	
12	7	2211	1190	398	79	1732	1587	2089	403	1839	1498	2101	233	
3	1	2198	1100	1730	
19	8	694	1937	1314	967	1891	2351	19	1149	413	1929	183	1768	389	41	1641	1631	2350	2233	375	
15	8	2239	1608	1709	332	2071	969	1526	286	1604	1310	2353	1076	1385	50	1325	
8	6	235	1785	1715	1841	685	1716	500	2000	
10	7	800	1708	1963	792	1570	200	2114	1429	828	2389	
8	2	189	887	2175	148	1021	1002	2383	13	
6	3	1562	1863	2115	774	951	1303	
13	7	642	728	249	1821	1623	646	243	947	998	1613	1183	1300	1347	
6	5	2360	516	2182	1530	1362	1036	
6	2	1625	1798	2054	1652	579	796	
12	6	1874	816	1894	727	2083	793	1492	2314	52	1686	1769	283	
11	3	1743	1927	449	2050	459	39	739	143	780	550	57	
8	6	1432	91	1114	1354	2080	361	942	1788	
11	6	695	1062	1219	1313	342	2263	882	396	1444	1178	825	
9	3	514	1905	1441	1541	187	1755	1420	1924	1278	
14	6	1312	1850	587	234	1605	1477	1176	167	617	150	1117	626	1593	1972	
17	7	1207	771	1700	2099	708	377	1753	77	1152	1669	1387	329	2246	1496	462	673	1269	
12	5	1783	1131	615	446	436	1009	8	1763	943	1109	1088	1481	
14	9	886	481	1139	401	956	1582	2137	850	1025	2031	821	595	596	2120	
8	3	423	2074	1409	2209	203	772	2279	619	
11	3	1733	674	2002	1435	1635	2055	1857	2193	1780	547	444	
7	5	2034	1835	1793	116	1797	1627	484	
5	2	1365	952	1969	1006	348	
12	8	2183	1271	2362	1759	2256	1774	1389	1643	1676	901	1360	980	
14	7	156	865	2264	2274	210	2245	756	1358	483	877	1646	1795	944	2316	
17	6	963	2154	972	1980	675	1372	2301	2049	1150	1014	1227	1550	1184	1690	1180	1925	1424	
12	7	501	166	219	324	1188	290	984	1822	2141	2138	824	826	
6	1	927	2370	1066	480	411	2235	
10	4	115	30	2291	961	1702	875	2086	1662	2371	212	
8	5	78	2308	1816	731	862	834	831	1430	
5	1	1263	1823	2061	1454	380	
12	4	1065	2225	2220	97	1790	897	2335	1657	180	699	1	1383	
16	6	1196	177	307	2043	2021	2292	635	254	1250	1046	2142	176	2215	904	24	670	
8	3	419	690	2122	1695	1952	2363	544	2382	
10	4	1959	1007	1115	224	1426	1419	917	2364	890	716	
15	7	2104	502	521	910	64	2039	1838	1848	2029	1721	399	1917	2047	1799	2067	
8	5	2011	369	1741	1154	417	1153	735	1015	
7	3	1404	1718	1679	479	1953	1826	1545	
11	3	1181	259	1805	503	2078	1532	1094	536	686	1810	856	
8	2	455	1366	874	763	1642	1223	94	2199	
7	2	272	1543	476	1052	2082	2354	1632	
8	6	353	1376	418	1731	1277	987	357	1534	
12	6	285	37	776	320	2334	652	1547	629	376	1766	807	1796	
8	6	1293	883	1157	740	147	592	2187	485	
11	4	2091	1893	240	1697	1374	2253	1048	741	2108	819	264	
10	3	539	1656	302	702	7	584	74	98	798	809	
5	3	1087	782	1197	1458	2213	
7	1	1869	1537	512	2333	1567	2231	63	
8	3	1472	379	1333	415	759	345	2008	1620	
7	4	1770	493	1957	2048	1500	1573	2267	
7	3	1235	192	769	990	627	71	651	
11	4	2393	130	671	391	2140	678	1612	359	1268	1483	1622	
13	7	1626	923	1392	3	1910	2236	1737	2326	87	1255	2328	509	855	
15	7	1026	1033	751	992	1344	1915	2166	920	1495	1772	1309	1675	2032	1029	937	
6	5	1431	1664	218	2378	891	250	
10	4	1377	534	4	557	321	1130	2197	134	1326	1254	
9	2	934	1509	68	508	2240	1222	1234	1214	2007	
5	4	1899	1956	1868	506	2385	
14	5	1527	1240	1862	1259	1855	939	1390	2144	1438	1102	388	747	384	1589	
3	1	1529	1205	2367	
8	3	1226	1391	1493	482	26	1445	2149	2180	
4	4	889	1039	1884	2272	
5	1	488	1386	1808	1220	1729	
8	5	1393	1647	2262	598	1461	839	25	9	
15	9	641	223	1217	325	2232	1579	1681	356	2255	127	2045	892	601	383	1990	
8	4	1581	1918	1684	648	745	2392	1600	297	
10	6	906	1174	62	2161	1030	2319	1801	522	465	1683	
14	8	2207	138	638	2019	2217	1146	926	343	1747	2105	239	1525	137	1618	
4	4	1261	1800	2251	612	
11	6	1555	284	545	1035	257	2204	35	1853	144	983	496	
8	6	1771	1912	2327	1327	804	1370	1171	1013	
8	3	1164	1474	1876	473	2230	186	2273	2300	
9	3	1852	103	787	2110	2200	1749	83	2152	124	
9	2	848	1692	1645	2139	1789	72	1521	393	1984	
8	4	2324	1479	410	273	1977	1480	196	1487	
10	4	606	1127	1501	366	719	1634	2171	2041	1405	981	
6	2	222	1416	1820	1898	1591	2124	
6	3	151	1742	2093	1630	385	813	
8	5	1580	1712	330	1902	362	276	2290	1900	
10	5	2391	1457	779	1502	1043	1978	566	458	428	873	
7	4	1352	2397	1936	2266	2337	1215	198	
10	4	293	491	1903	1295	2380	1436	1318	308	159	197	
12	7	2228	2001	2028	2249	605	1209	1950	2320	498	2356	51	580	
7	1	1696	1934	1983	2321	2247	1382	335	
12	4	125	2372	171	1671	1792	1201	1342	820	2288	1706	1111	1804	
8	3	368	29	296	20	1556	1245	2349	382	
11	5	1830	241	1940	1633	1460	859	1162	928	122	729	1346	
9	3	576	1464	1125	1784	2088	421	1667	350	425	
12	8	2229	706	96	2014	2132	1982	1901	1660	1145	2325	2178	1023	
10	5	2395	2302	1072	2366	788	317	155	2024	2345	767	
9	4	216	242	247	31	2244	563	599	1944	531	
10	3	2208	267	2343	2284	1074	2286	681	808	471	1916	
9	4	194	905	1363	2205	1024	916	705	726	121	
10	7	1050	1349	426	470	790	1351	935	571	371	1522	
8	4	2076	17	1962	1704	993	1134	65	836	
10	7	600	657	318	1658	258	561	2051	543	2113	1987	
7	2	1315	12	1003	442	2312	1787	1668	
9	2	90	292	306	1274	1124	786	2188	654	2094	
8	3	492	2259	1851	1552	1942	795	460	1019	
12	8	1895	206	209	2258	1199	169	1106	1561	1565	2268	1463	2079	
9	4	806	141	2313	971	881	1540	2130	1599	10	
12	4	507	1609	1311	1020	1060	1882	1011	738	1986	108	854	354	
11	6	1038	1693	390	1584	1777	1186	2027	261	1120	1832	405	
8	2	1211	1448	1135	2070	1478	1304	1973	1619	
10	7	876	1299	1112	925	161	1017	2033	323	1381	2005	
10	4	549	338	868	5	2134	616	1008	978	1867	1621	
9	3	409	1355	1818	618	513	525	1417	893	95	
14	6	895	1411	1939	1906	311	1053	157	1595	510	613	394	1538	1091	1707	
7	1	495	1200	832	1095	630	2330	637	
13	5	364	1568	439	632	1203	1231	1400	2119	1103	494	2153	1896	195	
14	7	1336	2287	1179	1276	2059	572	412	424	1907	696	1520	1272	2010	1809	
14	7	2037	608	1557	2012	2177	603	85	2338	1206	1649	107	2260	416	1471	
11	6	2125	2265	1825	1410	1811	1296	1764	1724	1904	1329	577	
5	4	370	289	2202	2400	339	
7	4	441	1607	691	879	1873	660	1490	
5	4	677	896	429	1767	1198	
12	5	1878	693	1935	1075	863	1745	174	1994	1273	1794	58	639	
3	3	1341	1073	1665	
6	3	1443	118	1844	722	344	1262	
9	6	899	1511	880	2069	765	2009	957	656	487	
11	7	1116	1688	704	636	773	2004	823	1943	2077	1080	126	
11	4	1356	1734	1401	199	2064	114	457	1485	1466	1765	523	
11	5	975	1228	1032	135	313	1817	1974	2017	358	2123	2036	
11	5	668	80	1283	2174	1291	884	238	1892	146	1016	1558	
6	3	136	2117	88	2352	18	857	
9	6	1332	1710	526	714	1097	1380	1282	1677	1096	
10	3	1975	1058	191	1428	1337	915	2210	661	2062	931	
4	3	593	948	1491	1651	
9	2	2103	1713	1357	467	1615	2133	333	1513	104	
7	3	941	1422	913	278	2155	475	2128	
8	6	1663	1004	894	2315	437	1739	2098	2191	
9	3	438	1528	908	1877	1045	1836	1930	588	1136	
5	1	1170	1144	1653	1678	2147	
9	2	801	2090	1191	205	994	1955	253	2386	1453	
9	4	266	2173	193	1395	991	1418	268	2342	1871	
8	4	1499	1439	764	1423	2109	1560	1858	683	
5	2	1515	1682	1553	162	2169	
8	3	2106	11	1988	466	1292	81	2164	310	
10	4	1294	1961	687	597	2156	351	69	490	1614	110	
8	2	2	698	954	2254	1338	185	1744	453	
10	3	263	2035	2250	1574	1954	1467	1194	1846	1108	2097	
9	5	1981	111	1090	1078	611	869	2277	1137	520	
11	3	2369	2172	663	1813	170	1334	621	1403	452	246	1421	
10	3	244	1920	1307	797	1253	914	2221	538	732	40	
11	4	1842	2340	2030	1340	717	374	1758	1399	49	274	946	
14	9	519	1160	1489	1890	1406	1536	1833	760	718	805	331	737	607	2057	
6	5	2243	950	1563	929	1055	499	
8	2	628	55	604	970	721	6	474	1996	
10	5	1559	1829	976	622	625	454	1506	2381	2179	133	
15	7	435	1781	2160	314	590	1864	1230	567	2332	237	569	758	2038	2116	386	
10	7	1701	573	248	2020	1888	387	938	2026	837	1751	
9	3	1218	2227	1843	812	1889	381	1837	1919	1367	

1	16	125	216	423	539	723	1116	1243	1663	1852	2063	2196	
2	60	576	641	746	852	1004	1377	1427	1432	1770	1859	1911	
3	235	548	949	975	1026	1164	1238	1336	1542	1756	2068	2100	
4	113	694	1312	1688	2084	2165	2183	2207	2228	2287	2339	2360	
5	519	864	934	1235	1524	1580	1819	1830	2103	2104	2159	2269	
6	106	1132	1251	1509	1701	1959	1975	2013	2034	2112	2125	2184	
7	128	497	514	559	1286	1332	1531	1626	1878	2198	2243	2293	
8	44	266	516	870	899	950	1099	1452	1581	1785	2091	2096	
9	82	91	156	230	244	441	534	1196	1356	1507	1893	1909	
10	220	222	240	368	431	785	865	966	1160	1365	1869	1932	
11	89	280	303	502	642	902	1007	1038	1489	1715	2011	2129	
12	677	894	1050	1067	1527	1611	1656	1697	1712	1872	1941	1981	
13	4	136	229	353	364	455	507	668	791	1056	1187	1271	
14	78	270	369	644	1341	1472	1713	1918	2280	2324	2372	2384	
15	328	430	518	583	806	952	1345	1511	1562	1734	1890	2151	
16	241	341	395	488	800	927	932	1093	1195	1331	1352	1474	
17	151	171	1240	1607	1698	1791	1958	2106	2157	2222	2265	2308	
18	90	293	435	640	822	963	1031	1065	1433	1555	1825	2025	
19	558	923	1218	1349	1406	1473	1609	1648	1691	1862	1937	2076	
20	17	131	223	468	501	1033	1147	1357	1393	1464	1671	1696	
21	272	419	1294	1431	1733	1923	1976	2227	2264	2369	2388	2397	
22	29	141	263	292	674	906	999	1783	1934	2037	2044	2074	
23	139	284	285	608	895	1125	1256	1410	1571	1693	1920	2087	
24	811	848	1098	1193	1760	1940	2229	2239	2346	2379	2391	2393	
25	21	166	181	226	1100	1211	1275	1314	1388	1450	1719	1816	
26	2	138	177	492	849	1174	1207	1288	1311	1398	1727	1899	
27	306	438	941	1058	1416	1557	1564	1806	1863	1874	1966	2065	
28	130	554	560	691	967	979	1392	1636	1779	1820	2148	2237	
29	62	149	326	504	771	1317	1617	1865	1880	1898	1993	2018	
30	493	704	783	816	1297	1348	1528	1895	1928	2172	2317	2331	
31	3	28	84	307	390	557	879	1208	1324	1784	1835	2001	
32	330	467	810	921	1119	1159	1181	1217	1258	1503	2012	2035	
33	93	206	336	600	628	1281	1293	1700	1730	2274	2362	2395	
34	37	190	271	409	690	896	1169	1374	1559	1584	1736	1850	
35	440	491	636	886	1028	1131	1748	1843	1894	1936	1983	2211	
36	322	372	720	773	841	1437	1672	1879	1960	2154	2176	2225	
37	67	325	573	659	728	908	1104	1315	1479	1659	1710	1961	
38	321	526	638	693	1042	1404	1777	1792	1902	1905	2003	2028	
39	189	242	259	1133	1441	1728	2095	2122	2161	2201	2232	2307	
40	744	972	1049	1168	1568	1578	1718	1842	1877	2115	2150	2294	
41	279	556	581	955	985	1228	1468	1510	1579	1633	1637	1714	
42	209	663	1115	1186	1781	2022	2173	2186	2220	2241	2259	2322	
43	68	282	529	664	1027	1284	1411	1692	1829	1851	1876	1969	
44	277	706	814	888	989	1179	1813	2249	2253	2258	2309	2340	
45	194	251	698	731	1030	1546	1608	1647	1908	1939	2006	2043	
46	38	99	587	692	919	1069	1107	1226	1260	1376	1397	1577	
47	210	887	1307	1460	1684	1931	1980	2019	2266	2296	2302	2344	
48	224	1259	1741	1743	1875	1933	2208	2245	2262	2298	2313	2394	
49	312	521	774	1020	1087	1167	1425	1625	1709	1861	1962	2058	
50	96	379	418	623	750	756	1505	1616	1695	1704	1855	2056	
51	53	55	115	214	247	410	647	876	1060	1089	1274	1276	
52	363	481	724	1006	1124	1177	1563	1731	1798	1957	1998	2059	
53	478	657	883	1299	1588	2004	2085	2088	2099	2319	2329	2336	
54	12	191	202	234	252	715	776	1199	1321	1552	1639	2002	
55	319	426	473	570	701	727	959	1409	1499	1583	1664	2160	
56	213	346	486	489	770	1003	1139	1401	1428	1523	1645	1968	
57	100	260	320	593	748	1355	1448	1681	1991	2014	2083	2117	
58	327	420	703	751	971	988	1032	1426	1457	1759	2218	2242	
59	269	314	553	598	606	675	687	801	1073	1154	1384	1419	
60	31	103	135	142	347	649	779	954	1361	1508	1891	1942	
61	76	97	421	844	1048	1081	1328	1333	1502	1544	1849	2250	
62	1072	1202	1386	1435	1443	1497	1679	1687	1801	1949	2021	2030	
63	111	112	782	1249	1786	1935	2090	2132	2182	2217	2234	2310	
64	80	245	370	464	597	838	859	881	929	1158	1519	1537	
65	356	429	439	517	551	749	789	905	948	976	1043	1191	
66	169	248	545	1075	1114	1283	1378	1515	1529	1576	1654	1811	
67	30	289	332	470	508	564	634	1054	1554	1635	1841	1903	
68	267	401	549	708	799	866	993	1086	1337	1373	1439	1539	
69	199	296	338	417	793	1190	1201	1205	1295	1447	1518	1574	
70	27	164	315	377	604	632	1112	1166	1610	1831	1927	2048	
71	11	170	318	643	1035	1805	2052	2072	2248	2278	2334	2351	
72	818	1277	1674	1790	1906	2139	2175	2271	2315	2343	2370	2398	
73	132	685	862	1134	1354	1605	1793	1882	2163	2261	2283	2311	
74	22	117	227	398	495	653	682	939	1011	1127	1138	1658	
75	304	397	591	897	1122	1200	1342	1366	1459	1536	1854	1970	
76	217	231	503	910	956	1090	1106	1203	1213	1491	1601	2042	
77	313	622	868	1340	1372	1716	1742	1767	1833	2158	2189	2209	
78	70	205	834	1182	1363	1512	1530	1543	1723	1818	1910	2020	
79	402	447	449	652	863	1078	1146	1246	1368	1517	1699	1817	
80	193	442	479	512	700	925	982	1319	1476	1582	1752	1913	
81	64	311	738	968	1156	1885	2081	2216	2244	2312	2321	2358	
82	337	605	915	1066	1501	1708	1778	1914	2053	2214	2301	2366	
83	19	161	192	302	823	1053	1738	1881	2226	2236	2255	2284	
84	203	219	408	563	590	1149	1153	1375	1461	1615	1762	1870	
85	432	730	933	1358	1737	1771	1873	2049	2080	2205	2254	2256	
86	20	43	79	221	445	477	695	735	880	1412	1477	1494	
87	413	671	1395	1598	1711	1982	2177	2326	2333	2335	2348	2361	
88	123	148	201	215	255	257	365	476	986	994	1732	1753	
89	5	157	515	572	702	817	889	2023	2069	2111	2167	2257	
90	625	786	1037	1040	1587	1773	1953	1974	2050	2060	2118	2134	
91	361	469	790	970	1335	1486	1963	1978	2238	2323	2374	2375	
92	154	459	562	680	1110	1422	1774	1864	2039	2089	2174	2202	
93	483	843	846	918	1052	1556	1808	1828	1943	2055	2071	2073	
94	362	522	648	741	1034	1055	1059	1162	1173	1231	1257	1351	
95	249	258	717	775	928	992	1077	1280	1291	1338	1462	1549	
96	118	158	406	736	1229	1245	1285	1912	2206	2210	2282	2292	
97	585	603	764	772	935	969	1024	1074	1082	1225	1745	1821	
98	116	173	412	437	616	1126	1170	1954	1986	2064	2137	2247	
99	34	87	305	571	760	788	1083	1279	1400	1475	1575	1657	
100	122	185	294	355	615	874	917	1017	1135	1492	1606	1992	
101	102	349	926	1413	1547	1561	1595	1682	1929	2027	2119	2314	
102	39	276	763	877	922	1150	1640	1739	1860	2040	2108	2285	
103	288	565	631	1045	1071	1130	1287	1344	1389	1540	1591	1655	
104	174	618	900	958	1209	1391	1526	1670	1722	1857	2188	2349	
105	7	108	792	795	1014	1079	1121	1334	1565	1643	1735	1956	
106	77	127	662	714	1176	1988	2082	2130	2230	2270	2355	2365	
107	167	175	228	256	827	1041	1047	1152	1261	1705	2143	2204	
108	35	65	584	1021	1062	1192	1265	1362	2045	2126	2219	2286	
109	218	286	454	561	769	820	836	1018	1103	1210	1364	1853	
110	710	797	802	977	1097	1390	1669	1757	1787	1836	1840	1971	
111	88	188	374	378	391	566	688	884	1263	2070	2077	2078	
112	309	542	555	617	697	718	721	1063	1185	1296	1470	1915	
113	150	861	913	1113	1667	1782	1930	2140	2170	2193	2240	2291	
114	414	472	629	892	912	1140	1387	1423	1596	1789	1868	1994	
115	527	729	850	924	1000	1219	1380	1478	1533	1570	1838	2051	
116	145	611	787	794	961	1008	1117	1273	1343	1844	1847	1901	
117	52	74	460	812	1051	1232	1301	1660	1740	1794	2017	2197	
118	160	178	1064	1237	1330	1535	1800	1952	2110	2327	2354	2380	
119	168	273	1148	1157	1227	1604	1623	1758	1823	1951	2033	2066	
120	54	261	424	601	725	761	830	1101	1163	1230	1451	1676	
121	317	494	567	655	713	901	987	990	1628	1888	1950	2061	
122	85	238	382	654	739	869	942	1339	1436	1532	1567	1651	
123	872	1467	1541	1845	2153	2181	2268	2288	2320	2347	2363	2377	
124	144	323	324	340	392	466	754	965	978	1094	1120	1144	
125	614	951	1161	1253	1516	1653	1889	1907	1989	2054	2223	2231	
126	183	743	762	832	1039	1826	1883	1887	2304	2332	2338	2364	
127	295	415	543	860	1206	1569	1642	1652	1788	1892	2075	2144	
128	114	225	367	404	506	532	627	646	679	803	845	916	
129	6	187	232	387	498	533	536	833	890	911	1095	1212	
130	32	92	360	400	403	540	541	1142	1188	1233	1638	1768	
131	72	182	389	1396	1455	1832	1848	1867	2109	2378	2387	2390	
132	343	446	579	891	1359	1703	1839	1856	1896	2015	2133	2156	
133	236	333	366	381	575	740	831	847	1118	1313	1318	1599	
134	41	180	208	621	635	914	1220	1242	1267	1438	1725	1807	
135	152	357	510	599	839	1002	1102	1560	1649	1747	1755	1803	
136	463	681	759	805	1223	1415	1465	1897	1938	1999	2221	2337	
137	58	243	278	329	376	903	983	1244	1360	1403	1414	1493	
138	147	153	179	342	427	513	574	858	964	1151	1175	1289	
139	308	351	352	456	458	480	588	620	829	973	1022	1025	
140	254	290	457	482	613	696	1632	1644	1680	1945	2200	2246	
141	10	48	237	287	436	525	716	719	1005	1197	1488	1572	
142	26	46	66	854	867	938	1252	1310	1430	1592	1685	1926	
143	23	143	200	275	348	350	388	394	505	765	851	991	
144	134	331	422	602	1155	1282	1550	1603	1634	2029	2031	2114	
145	107	407	953	1255	1417	1521	1597	1744	1746	1797	1947	2166	
146	299	411	530	734	996	1184	1215	1353	1371	1429	1590	1884	
147	56	528	592	666	722	745	920	1009	1145	1306	1721	1766	
148	69	86	578	752	828	893	1469	1485	1495	1496	1750	1780	
149	101	778	885	1221	1264	1326	1327	1500	1772	1985	2251	2352	
150	25	537	796	1194	1198	1302	1594	1764	1776	1944	1977	2026	
151	105	129	262	433	569	686	821	878	1085	1236	1250	1463	
152	98	165	462	661	947	1222	1506	2009	2016	2131	2146	2185	
153	155	281	1292	1305	1379	1381	1520	1538	1706	1724	1955	1965	
154	626	678	804	853	984	1641	1661	1948	2113	2168	2171	2187	
155	36	448	538	660	737	840	960	1449	1612	1668	1717	1726	
156	184	334	358	383	450	465	474	500	747	1080	1346	1690	
157	81	94	371	451	547	650	808	1091	1822	1979	2024	2041	
158	71	204	428	461	667	998	1046	1303	1309	1316	1702	1775	
159	871	875	1036	1370	2062	2164	2353	2376	2381	2389	2399	2400	
160	140	163	211	345	552	705	732	1458	1498	1513	1585	1754	
161	159	595	645	1272	1551	1646	1683	1964	2105	2277	2373	2392	
162	524	633	1613	1673	2101	2135	2142	2155	2263	2325	2328	2359	
163	8	63	146	291	359	399	509	819	1408	1440	1490	1650	
164	95	197	531	651	699	726	1180	1270	1308	1418	1480	1545	
165	339	758	798	930	1165	1445	1522	1631	1677	1846	1925	1990	
166	176	186	535	882	1466	1812	1904	2038	2086	2199	2235	2297	
167	233	268	471	511	962	1350	1405	1424	1484	1627	1765	1858	
168	300	452	630	873	1241	1248	1553	1689	2093	2141	2145	2275	
169	443	673	712	1012	1019	1329	1514	1720	1729	1995	2350	2383	
170	59	396	453	709	742	1234	2094	2098	2138	2178	2260	2356	
171	42	246	523	577	931	1070	1214	1304	1810	1886	2162	2190	
172	51	109	239	301	475	665	1023	1061	1204	1407	1761	1763	
173	198	250	416	672	807	940	1092	1290	1420	1444	1917	2342	
174	496	837	842	943	945	1076	1323	1675	1686	2000	2047	2121	
175	9	544	780	835	1105	1189	1749	1795	1922	1924	1973	2273	
176	1	580	733	1137	1399	1871	1916	2010	2079	2195	2215	2224	
177	14	18	47	195	316	997	1010	1216	1421	1534	1694	1837	
178	253	354	596	612	757	904	957	1016	1383	1586	1602	1946	
179	13	45	83	265	298	384	594	784	974	1834	2092	2116	
180	119	1109	1247	1566	1619	1769	1815	1866	1919	2149	2233	2281	
181	75	582	855	898	980	1141	1178	1322	2279	2299	2330	2367	
182	172	196	856	1268	1394	1471	1678	2007	2180	2290	2303	2305	
183	24	344	490	499	624	981	1278	1382	1525	1593	1600	1662	
184	137	753	1096	1630	2124	2194	2272	2289	2345	2357	2386	2396	
185	373	589	857	1143	1320	1624	1814	1824	1987	1997	2123	2136	
186	283	707	1266	2127	2203	2276	2300	2341	2368	2371	2382	2385	
187	15	121	385	484	520	824	825	909	1108	1618	2032	2107	
188	49	637	766	826	1111	1171	1483	1996	2036	2046	2128	2179	
189	104	550	1015	1057	1123	1129	1136	1183	1385	1446	1504	1573	
190	33	207	586	610	658	815	1454	1548	1751	1796	1802	2120	
191	61	120	162	310	434	444	669	755	768	1367	1614	2005	
192	126	297	425	546	995	1029	1068	1128	1298	1300	2191	2252	
193	393	568	639	656	684	767	777	781	1088	1239	1453	1665	
194	73	264	907	936	944	1013	1044	1347	1629	1799	1804	2152	
195	50	124	386	937	1269	1481	1900	1921	2008	2192	2212	2213	
196	40	335	485	607	1224	1254	1262	1434	1482	1487	1620	1666	
197	57	274	405	683	813	1621	1967	2067	2097	2169	2295	2318	
198	380	670	689	1172	1369	1442	1456	1809	1827	1984	2057	2267	
199	110	212	609	946	1325	1622	1707	1972	2102	2147	2306	2316	
200	133	375	487	619	676	711	809	1001	1084	1402	1558	1589	

1	0	1	0	1	0	1	0	1	0	1	0	1	0	1	0	1	0	1	0	1	0	
1	0	0	1	0	1	0	1	0	1	0	0	1	1	0	1	0	1	0	1	0	1	
1	0	1	0	0	1	0	1	0	1	0	0	1	0	1	1	0	1	0	1	0	1	
1	0	1	0	1	0	0	1	0	1	0	0	1	0	1	0	1	1	0	1	0	1	
1	0	1	0	1	0	1	0	0	1	0	0	1	0	1	0	1	0	1	1	0	1	
1	0	1	0	1	0	1	0	1	0	0	0	1	0	1	0	1	0	1	0	1	1	
0	1	0	1	0	1	0	1	0	1	0	1	0	1	0	1	0	1	0	1	0	1	
0	1	1	0	1	0	1	0	1	0	1	1	0	0	1	0	1	0	1	0	1	0	
0	1	0	1	1	0	1	0	1	0	1	1	0	1	0	0	1	0	1	0	1	0	
0	1	0	1	0	1	1	0	1	0	1	1	0	1	0	1	0	0	1	0	1	0	
0	1	0	1	0	1	0	1	1	0	1	1	0	1	0	1	0	1	0	0	1	0	
0	1	0	1	0	1	0	1	0	1	1	1	0	1	0	1	0	1	0	1	0	0	
