2400	200	250	12

10	7	180	1364	2200	2205	80	1509	98	1370	478	1450	
10	6	2286	1302	2008	1359	2271	2175	1729	233	2326	1036	
8	5	2318	1555	21	960	1530	357	1149	1592	
10	6	820	670	542	186	165	1506	901	1174	2011	1911	
15	8	25	990	272	809	573	1380	1873	2342	1915	1977	2190	575	992	1089	2148	
10	6	118	319	1110	2281	1679	2398	1465	1768	900	1920	
10	4	447	68	1742	1006	926	247	213	1767	2108	333	
7	1	724	75	1916	371	697	1891	1972	
9	4	2106	407	1062	528	1038	2252	1129	1286	1598	
11	3	983	2239	1988	1499	2089	326	1865	203	463	309	1658	
14	8	121	2348	1456	554	1588	2202	2217	1333	2255	723	1044	1912	1528	415	
11	5	1748	567	2080	1635	2322	2351	1088	721	580	2230	2259	
11	5	995	1470	2303	1779	206	1567	2234	759	2005	275	519	
7	3	408	2019	1169	1580	1415	141	899	
13	4	1156	2314	2292	270	2291	249	557	2371	1193	2225	730	1882	258	
7	2	1030	168	971	1894	1917	764	1362	
14	8	1793	317	1481	444	1372	1537	356	1823	1792	1126	740	1373	1843	763	
9	5	1624	911	2090	1492	1847	1403	281	2122	761	
10	6	2248	2350	351	476	828	1001	1785	969	1487	1585	
10	3	1319	831	870	541	1101	1874	501	914	255	993	
18	9	1708	1059	1130	1371	1890	1568	2372	945	1973	702	1448	2052	216	1675	2344	2393	130	833	
7	4	1641	449	1407	461	2059	1060	568	
8	4	635	2349	306	2340	1660	296	1683	48	
8	6	1696	1005	571	497	334	1238	755	792	
8	2	2274	1797	673	2328	929	15	34	1162	
10	4	375	1604	288	1176	1299	1852	1187	1832	1752	1930	
17	8	432	1236	39	665	684	753	428	280	2316	1941	1565	803	406	1104	2246	450	1485	
9	5	1607	784	1643	2203	664	1754	2206	739	172	
10	3	87	2179	2133	1964	793	806	1840	1699	1563	1298	
6	3	1386	347	1704	1315	642	2110	
11	7	2369	2264	918	1949	591	36	1284	1822	1489	861	801	
8	5	967	885	1397	622	53	127	1849	2001	
13	6	1289	668	1032	1621	1009	811	304	1188	318	1055	1853	94	1211	
8	2	1811	1217	1291	210	1035	1214	2004	38	
11	7	1251	598	1647	1794	1618	1881	474	1227	975	1	89	
9	6	1082	2064	1631	661	1612	301	966	370	1200	
3	3	153	819	1199	
14	6	1234	1903	1927	1189	1004	884	123	791	1971	930	941	1283	284	50	
8	4	1589	2383	523	2253	1438	337	1136	1165	
8	5	2051	2308	418	920	931	154	2054	1458	
10	7	1115	1605	136	1409	555	297	1177	215	33	1120	
6	4	2093	1281	499	2282	2032	1619	
7	1	2375	835	1254	844	1611	2072	526	
10	5	1817	1899	175	2243	1203	2261	1697	785	775	1828	
8	5	1114	1664	2139	818	1181	1355	1290	1756	
7	4	2159	2023	908	1987	1042	2287	2134	
9	6	1293	30	2347	1719	1523	452	1739	2076	594	
6	2	2063	1347	310	581	2242	1931	
8	5	586	716	238	728	987	1967	850	493	
15	5	442	1599	329	2066	435	1582	300	717	340	374	1601	678	1517	1703	613	
6	5	2265	794	66	1244	647	2021	
11	4	1746	199	2296	1999	1926	1550	77	1813	2100	2057	1769	
9	5	2213	487	242	546	2045	2275	1914	1076	1677	
7	5	117	1194	623	875	2142	1335	148	
8	3	385	2251	367	815	1317	1400	459	1966	
6	1	961	1888	1918	1652	2099	2219	
9	6	2017	1182	1245	671	47	760	491	1067	1858	
15	5	656	646	570	411	1461	2382	2358	1707	1551	73	2207	2283	204	1063	566	
4	2	894	719	1753	260	
4	4	2277	1508	194	746	
9	2	2254	1807	2392	2343	758	1072	1587	1952	424	
8	3	1392	533	2012	7	2315	1960	1356	2155	
10	4	1455	1160	1202	1385	1985	2003	2154	142	1709	1562	
8	3	1727	1135	2043	106	245	2112	1443	1127	
10	4	1383	1979	1864	593	606	456	91	414	695	1073	
13	6	1583	1493	876	1350	477	1898	174	111	2311	100	51	1721	230	
4	1	787	273	867	1957	
9	5	1986	1138	56	1396	612	441	949	1666	639	
8	2	1452	2305	1834	1714	1758	718	2317	2095	
12	6	805	556	1249	2295	1534	4	1022	439	1220	84	1525	433	
8	3	324	364	997	1975	1924	88	891	188	
11	3	1636	1886	878	183	2224	2187	1806	373	1209	218	1374	
13	4	503	1026	114	2152	1693	1378	1656	244	1031	2144	1673	1248	1572	
7	3	401	507	345	1285	1190	1678	126	
6	3	332	1826	466	1764	1577	1983	
8	2	31	847	481	495	927	344	597	409	
6	4	1627	110	455	550	2027	1343	
11	6	392	1434	295	560	62	1070	248	1939	241	1649	551	
8	4	1282	1376	1893	1507	1686	42	16	1419	
8	5	1670	323	1292	464	2058	349	630	1142	
6	1	27	592	386	369	1557	1222	
17	7	1615	587	502	1838	968	470	2164	2363	1951	2109	2091	959	1634	2218	1876	1091	649	
14	6	192	128	1575	402	890	448	686	513	837	1051	814	1312	2025	731	
7	5	2125	1240	1094	986	282	1495	1791	
13	4	765	1357	1305	1644	1944	1825	330	2370	773	736	1221	239	2182	
10	4	54	737	1616	1184	1255	2050	662	769	195	1515	
5	3	858	603	143	2176	595	
10	5	1057	2128	2394	1068	1253	1399	631	1140	274	1108	
8	4	257	471	1125	923	2366	1325	156	454	
9	3	307	1776	537	654	226	2267	1279	313	2170	
8	5	120	1173	1151	389	302	496	2273	325	
8	2	2081	2105	2156	2197	1133	1232	846	895	
12	4	1316	1250	747	360	1306	979	1788	425	584	1363	2231	605	
8	5	1821	1500	1021	1942	1267	1449	2069	2235	
7	1	768	157	162	2297	1141	2074	1053	
6	2	714	2047	1502	1083	140	978	
14	9	2364	601	1295	2113	220	919	849	1170	2163	1442	1833	22	2192	1726	
15	8	132	1367	1648	1581	1591	2257	2103	1288	1668	1775	596	227	1531	74	1473	
7	1	431	553	2068	483	43	1877	1724	
11	4	124	1388	748	879	1560	1056	1667	1689	2338	269	40	
10	4	191	178	1164	365	1922	2114	947	2397	1186	2147	
7	4	440	207	1789	278	2238	1467	1544	
13	4	897	1578	2395	710	1980	1778	774	1653	1848	1655	1672	2141	754	
9	4	706	29	2355	924	171	779	1019	970	1938	
14	5	882	1201	627	205	1331	1925	1428	37	925	26	398	982	1790	1157	
11	3	2223	1526	772	558	341	1384	2346	1665	976	946	2232	
7	3	1749	757	262	2107	1845	2075	1501	
14	7	423	839	871	1929	1148	1158	2000	208	1846	1521	585	2306	475	159	
14	7	951	60	2172	1536	832	298	2247	1015	1146	1313	1243	2307	692	1262	
8	6	1755	510	2329	1992	342	1622	417	1278	
3	3	1050	1398	985	
7	4	176	2071	2356	1875	2228	2024	2301	
13	6	1558	1955	1750	2390	1510	2086	1539	999	912	1545	85	902	308	
7	4	874	1795	294	2061	677	1637	1231	
11	7	881	1781	887	2332	2208	536	1100	1661	382	1576	32	
6	1	742	1566	2098	2062	544	1747	
9	4	2007	1705	1393	2174	1287	1835	354	2330	1085	
9	5	1800	2220	1342	381	564	129	1166	211	144	
8	5	1573	2211	2270	1836	1000	1533	1741	1318	
8	5	2263	437	253	1819	181	2168	527	1210	
8	2	863	458	90	164	729	618	651	963	
9	6	1008	2374	1341	1554	2241	2185	1416	488	2143	
6	4	726	826	1698	2084	391	1900	
7	5	1532	1761	469	1477	150	231	2137	
6	2	2121	1923	1982	2389	145	223	
6	5	1626	462	2360	1671	482	1512	
7	4	2138	387	265	1105	621	1659	1437	
10	3	1854	473	1137	680	1486	804	1013	2249	608	361	
8	6	2173	1043	228	1275	696	636	339	517	
11	4	1139	1242	2030	197	2149	657	1657	1862	1116	83	1408	
8	5	827	877	2020	1713	1425	1439	1454	707	
9	4	93	2337	1596	1117	189	2272	962	1842	1466	
11	6	276	1297	1490	1570	1928	251	446	1460	1020	1327	1441	
13	5	436	376	1446	856	1646	1418	1047	1093	2199	1048	393	2368	615	
9	4	1079	1330	2033	1280	362	232	2379	434	1766	
8	4	2009	1851	1692	715	1106	1387	1207	2386	
8	6	1389	2196	2079	457	1841	350	1630	1058	
10	7	1961	637	67	55	2324	1597	139	816	1258	2094	
7	3	1423	2111	1040	691	790	2216	821	
10	5	1239	2299	2227	2104	1574	872	1431	644	2171	1320	
8	2	937	485	862	1463	552	638	1956	934	
8	4	479	2015	841	484	939	2204	131	2026	
12	8	1883	2117	2396	2013	1074	384	1770	2325	2067	2092	1860	2388	
12	4	624	1519	219	2288	422	2060	113	311	1524	1777	103	1732	
15	9	5	2129	1586	115	2195	10	2115	2119	1263	1017	2334	1228	1494	1541	1935	
22	9	59	1780	1866	1688	782	1321	105	2321	1976	1725	490	2357	2212	1513	578	2284	569	1235	2151	359	1451	767	
12	7	18	1097	1112	2180	1518	2056	222	1379	158	1113	1718	994	
16	7	2285	2140	377	956	893	2233	167	267	698	1990	2298	2214	1932	2256	2022	2359	
2	1	1798	225	
9	5	1765	640	2300	328	451	834	2229	163	655	
10	3	2055	1310	1909	1429	1690	214	2193	1731	2302	727	
4	4	1233	1205	2380	625	
10	3	58	700	1323	1092	2166	1218	1965	650	2279	789	
14	7	802	865	1185	235	1837	521	1339	289	720	2244	2044	1143	1993	1103	
7	5	1691	2365	1571	1810	2126	1901	633	
11	6	1633	494	331	1457	582	2385	1016	97	883	796	836	
5	3	1625	2186	1943	1801	1308	
6	4	996	512	518	2353	943	1096	
11	3	868	2165	1432	259	732	1805	1098	2269	2280	1762	619	
10	7	808	652	1610	679	268	957	1259	1167	416	666	
10	4	363	749	2352	1084	96	2135	147	1995	95	2400	
13	7	138	2131	1717	102	933	954	397	2130	2010	11	2245	1969	576	
11	7	1468	1628	1332	565	543	547	1584	1856	104	1763	1595	
6	1	2161	1786	672	780	2336	1919	
7	1	1804	1192	320	119	2294	1132	579	
12	7	860	1322	632	1413	1722	1183	368	2088	626	1272	1066	1814	
14	9	669	548	1303	1498	14	1154	800	44	1974	1880	1464	212	1870	1204	
10	4	693	1751	2116	12	2102	78	399	561	988	2029	
7	2	1579	1052	991	989	1569	286	72	
9	6	1475	1049	2262	379	522	1994	292	1867	2070	
11	3	1336	907	1617	505	535	1682	1694	1787	1365	1737	932	
10	3	1023	1172	1064	1394	1614	909	290	1435	1896	1246	
15	7	2310	229	583	28	405	2083	1933	116	1099	771	813	725	952	2178	2268	
9	6	1553	616	388	1816	1556	892	910	217	1358	
6	2	711	63	2194	2002	1745	1968	
16	7	1216	427	64	3	687	842	1869	776	604	1224	465	1654	676	1334	2040	201	
5	3	788	2118	1827	984	1478	
11	6	468	1802	293	859	1991	1895	797	1503	1600	1702	1735	
12	7	2153	1815	2036	938	1226	1349	1304	515	41	1345	1314	1857	
8	5	685	2399	843	404	1395	614	299	1277	
9	2	1937	1309	2384	538	1998	1564	1497	472	1970	
8	4	353	2215	750	193	445	135	1471	1045	
8	6	1520	166	1879	781	1027	1034	1773	1078	
7	2	1620	735	2037	886	1504	1107	2387	
9	5	338	1252	2320	1738	659	336	1270	973	1945	
8	6	1720	1730	1687	1850	2188	252	1368	1638	
7	2	1230	2162	35	380	1080	1760	237	
15	6	873	1410	261	1257	845	688	1669	190	2189	2319	1549	346	1447	1700	572	
10	6	2053	1947	2123	2226	1175	1010	1311	958	179	224	
10	5	690	2150	149	1147	950	2160	271	762	2381	2331	
10	5	1535	977	1540	2260	539	1514	588	489	1907	1273	
15	8	1522	520	1887	438	109	1743	1433	1351	704	1459	1018	1412	2198	628	1889	
8	2	312	1196	1623	486	701	70	610	1482	
9	6	2016	2038	2097	1527	200	1301	1884	611	1885	
12	5	1195	1427	504	2201	256	1728	173	825	525	2209	1662	1256	
14	7	1012	137	2376	1772	660	413	1069	531	906	689	45	1921	13	1414	
9	3	508	1681	1872	254	1701	1716	1829	2323	1839	
6	1	1855	921	49	1892	1269	903	
8	4	1179	965	1757	563	1782	629	335	1338	
15	7	321	1904	674	1212	23	2035	854	426	2077	291	681	1324	1276	822	2339	
13	6	1650	2082	352	2278	2391	2183	745	1352	1081	506	1759	460	1391	
8	5	509	823	853	316	24	1812	2378	2073	
7	4	2373	534	1613	1706	1529	2335	1484	
10	6	2333	2157	69	1948	1476	1608	1462	492	1102	1479	
10	6	1265	2	1003	1472	236	250	1559	1818	1796	2041	
10	5	574	1353	741	366	783	1651	71	1684	1361	1123	
7	4	2124	1111	2096	1198	1307	1401	198	
8	6	829	1590	898	1119	1639	1360	1946	641	
11	6	170	419	2250	1206	266	940	412	590	913	279	1445	
12	7	1046	57	202	125	722	1131	383	1294	1474	1803	1674	1300	
10	5	209	187	2367	2048	709	904	1820	663	1897	955	
11	4	1663	766	2221	1382	46	1871	2031	694	1420	1366	234	
13	6	61	2120	108	1077	1978	2181	562	1878	1037	1954	348	82	1824	
11	3	2132	600	155	1208	905	1606	1959	1404	1029	453	1913	
10	5	778	2327	264	1997	634	169	1989	705	322	602	
8	2	403	2065	327	851	6	1963	2177	559	
11	6	1996	467	1145	1859	443	1152	1024	243	378	1453	915	
10	4	429	1483	658	1411	1213	1685	1247	1340	112	1344	
14	8	917	840	540	607	936	1171	1014	1369	1444	1712	683	1121	1680	196	
9	4	1548	177	928	744	734	1733	79	283	1417	
7	4	1237	770	777	1910	1180	2042	263	
8	5	2266	1511	798	1261	1153	1178	1695	2085	
12	7	1593	1744	1028	2258	609	2101	2309	2167	852	343	420	916	
12	6	810	1241	869	2049	2136	807	2289	92	1337	1041	713	786	
11	4	577	2276	1771	896	240	1390	857	682	1609	2312	1784	
1	1	838	
8	6	1861	1264	935	480	617	52	1799	752	
8	4	1950	855	1122	1075	848	184	1296	1868	
8	5	645	620	1025	1491	99	1033	221	516	
11	3	1831	1039	2018	1936	1902	2237	1723	358	964	1934	1109	
12	7	2039	888	1984	733	1602	2362	1734	305	589	1908	1163	1736	
10	5	1128	285	1215	2377	1436	430	396	133	287	277	
14	8	1640	2236	1159	1061	1543	1054	1191	314	1268	1223	712	2354	1007	1863	
12	7	1124	2078	1469	2146	514	182	1274	866	1430	1552	1087	1150	
9	3	751	2006	812	1505	17	980	756	529	817	
9	5	1844	498	2240	667	864	830	2169	948	1405	
11	4	1161	1155	1642	1710	1229	1134	1808	500	1905	1830	2341	
7	1	1424	1906	511	8	1090	675	1118	
19	8	974	1603	2361	889	421	530	653	86	1328	400	1953	410	1402	880	2087	1676	708	1422	1197	
12	8	1981	1326	1715	699	2210	944	1406	1375	1547	1958	1225	1144	
10	3	953	2014	1271	2304	1260	19	2345	922	1377	372	
5	3	2158	2034	981	1168	1266	
9	3	599	151	9	1645	1488	76	355	524	1561	
9	4	65	1629	799	1496	738	2222	1809	1086	1095	
11	7	545	1632	648	1962	998	161	152	394	1538	2290	1348	
7	5	2046	1354	2293	1774	146	2127	1065	
14	8	1219	1011	395	101	160	643	1594	2145	20	390	2313	1783	1421	2184	
12	5	1516	1329	81	185	1480	107	743	2028	703	1071	1002	972	
10	6	1546	303	795	942	1346	1440	1542	122	532	1711	
10	6	1940	134	1740	315	246	1381	824	549	2191	1426	

1	27	124	138	574	577	635	656	1124	1139	1535	1624	1626	
2	58	59	191	209	646	714	778	805	967	1522	1579	2153	
3	353	520	1012	1115	1216	1392	1475	1558	1650	1746	1748	2016	
4	18	440	447	586	624	802	1615	1636	1640	1800	1844	1854	
5	176	178	180	509	995	1625	1940	2106	2236	2274	2285	2310	
6	423	787	951	1097	1234	1239	1383	1589	1605	1607	1887	1986	
7	93	117	407	508	863	937	983	1008	1242	1353	1468	1546	
8	303	431	1128	1319	1455	1593	1903	2286	2318	2333	2373	2383	
9	60	87	132	438	442	827	1164	1251	1289	1553	1811	1855	
10	65	192	375	468	669	838	881	1599	1886	1981	1996	2009	
11	276	329	401	432	768	868	877	894	911	1049	1233	1282	
12	25	321	503	668	690	700	810	921	953	1161	1817	2007	
13	724	865	1230	1236	1899	1961	2093	2132	2213	2276	2369	2374	
14	5	31	128	548	637	1156	1194	1389	1633	2125	2172	2263	
15	75	1516	1696	1780	1793	2082	2165	2179	2299	2327	2364	2375	
16	67	556	570	693	711	823	990	1424	1629	1663	1670	1866	
17	120	307	338	494	860	1114	1281	1323	1367	1804	1831	1861	
18	363	385	873	1039	1092	1195	1303	1744	1955	2071	2162	2277	
19	55	170	411	498	533	706	795	897	1028	1030	1159	1185	
20	157	317	645	1240	1432	1519	1578	1628	1916	1979	2018	2020	
21	118	187	598	600	882	1082	1112	1249	1297	1376	1575	1927	
22	229	403	1094	1293	2078	2129	2133	2180	2186	2264	2295	2314	
23	155	467	487	592	820	858	917	1316	1423	1647	1750	2030	
24	61	137	285	918	1057	1461	1864	1893	2150	2215	2254	2258	
25	39	149	741	878	942	1664	2046	2239	2240	2376	2390	2395	
26	392	429	750	847	977	1050	1160	1341	1469	1988	2053	2161	
27	408	485	623	726	885	1751	2090	2223	2337	2356	2367	2382	
28	427	670	742	784	1346	1481	1510	1518	1573	1771	2039	2248	
29	30	1026	1526	1536	1705	1720	1749	1772	2017	2128	2131	2157	
30	49	257	710	751	840	1032	1182	1219	1237	1354	1688	1875	
31	68	324	332	545	609	1265	1490	1540	1586	1717	1794	1949	
32	102	197	242	499	1079	1147	1217	1492	1583	1883	2116	2146	
33	1061	1241	1250	1322	1336	1410	1520	1648	1742	2064	2066	2166	
34	114	134	1011	1201	1483	1498	1570	1727	2149	2159	2266	2358	
35	166	587	1023	1192	1252	1388	1851	1928	1937	2014	2055	2158	
36	64	473	839	1189	1245	1548	1755	1765	1980	2111	2121	2139	
37	273	371	507	523	627	772	831	1006	1137	1172	1291	1364	
38	251	345	436	444	546	660	888	1064	1493	1740	1815	1821	
39	29	177	320	366	583	601	640	757	876	896	1208	1386	
40	12	136	331	593	658	870	905	1295	1427	1507	1596	1781	
41	63	205	567	716	782	874	1372	1620	1826	2038	2065	2138	
42	199	413	599	632	657	926	933	996	1457	1581	1627	1632	
43	109	183	261	680	818	1329	1500	1532	2006	2047	2251	2292	
44	235	270	272	312	747	1062	1302	1797	1923	2036	2051	2102	
45	240	446	748	954	1145	1179	1257	1285	1434	1604	1643	1786	
46	3	402	749	1202	1215	1321	1537	1837	1947	1984	2196	2291	
47	121	528	783	974	1309	1350	1807	2101	2113	2117	2293	2308	
48	115	288	471	542	938	1508	1591	1859	1936	1950	2086	2097	
49	219	352	376	687	1046	1264	2260	2265	2348	2352	2384	2392	
50	247	733	812	890	1040	1331	1566	1603	1743	2063	2123	2262	
51	220	259	364	397	553	616	671	766	829	1271	1326	1534	
52	35	54	327	1708	1902	2034	2080	2195	2257	2309	2324	2355	
53	69	380	387	648	842	869	1138	1847	2019	2081	2173	2394	
54	47	418	481	672	986	1069	1173	1385	1470	1486	1730	1943	
55	591	1068	1511	1631	1641	1715	1778	1904	1964	2120	2237	2282	
56	264	502	1005	1052	1084	1176	1539	1543	1590	1635	1776	1985	
57	110	466	667	845	919	1059	1253	1409	1692	1761	2140	2152	
58	28	57	81	238	386	458	479	799	871	887	1181	1651	
59	71	162	315	665	674	688	697	774	849	851	924	999	
60	108	202	356	365	691	793	875	950	1054	1393	1691	2012	
61	90	151	210	367	377	419	469	732	798	961	1077	1218	
62	319	448	864	1038	1456	1693	2023	2167	2194	2221	2226	2227	
63	7	105	125	521	673	1669	2130	2253	2278	2332	2350	2361	
64	6	164	207	369	395	537	1191	1505	1707	2045	2104	2252	
65	4	175	246	405	531	539	540	654	862	1433	1452	1965	
66	443	699	1021	1130	1551	1602	1686	1713	1805	1823	1892	1948	
67	9	186	495	514	770	906	1175	1212	1477	1618	1792	1802	
68	73	360	832	1381	1399	2049	2210	2211	2304	2347	2365	2391	
69	168	504	835	1502	1795	2224	2250	2297	2303	2320	2321	2322	
70	765	971	991	1043	1371	1378	1838	1869	1881	1976	2136	2208	
71	852	1022	1110	1306	1351	1725	1890	1925	2105	2160	2315	2377	
72	193	314	323	343	534	760	776	809	824	889	965	1098	
73	298	420	421	607	689	806	1226	1357	1390	1982	2183	2200	
74	2	101	262	439	686	780	815	898	1305	1398	1499	1514	
75	165	249	293	437	541	573	956	1125	1261	1310	1394	1425	
76	14	477	513	530	777	879	907	936	1196	1206	1332	1463	
77	295	571	935	1080	1101	1169	1170	1268	1349	1355	1446	1789	
78	474	565	968	1223	1681	1757	1909	2142	2203	2281	2296	2328	
79	23	185	282	449	462	1010	1119	1129	1155	1220	1330	1568	
80	171	228	271	606	788	830	853	981	1299	1339	1397	1642	
81	289	388	538	554	558	631	653	684	745	997	1460	1657	
82	435	480	928	1290	1407	1438	1723	1872	1962	1999	2079	2124	
83	10	226	347	661	685	1317	1380	1506	2174	2220	2362	2372	
84	56	86	379	704	856	908	1205	1527	1588	1679	1963	2115	
85	119	253	720	944	1413	1480	1555	1571	1656	1734	2008	2048	
86	522	555	1135	1719	1738	1922	1929	2056	2083	2089	2396	2399	
87	278	341	557	560	912	979	1126	1523	1580	1644	1764	1840	
88	337	452	510	722	1117	1152	1275	1396	1617	1933	1975	1978	
89	84	244	804	920	1710	1779	1816	1819	1944	1998	2043	2288	
90	62	96	206	604	807	931	989	1148	1151	1153	1229	1352	
91	21	266	456	709	719	1024	1384	1997	2015	2033	2202	2275	
92	160	316	620	1190	1687	1910	2035	2107	2119	2217	2300	2371	
93	17	116	154	243	490	497	854	893	1031	1154	1639	1704	
94	328	351	505	603	1081	1099	1134	1168	1193	1224	1476	1994	
95	326	378	506	712	779	837	867	1025	1083	1304	1311	1429	
96	45	107	254	389	588	841	1315	1411	1496	1873	1942	2003	
97	484	642	664	1359	1569	1690	2068	2103	2135	2163	2169	2205	
98	1140	1342	1415	1574	1608	1722	1898	2013	2201	2228	2270	2271	
99	174	274	735	808	1263	1335	1382	1400	1428	1545	1621	1862	
100	445	459	470	728	743	800	859	929	940	1213	1556	1825	
101	85	153	465	1108	1850	1914	2177	2207	2225	2243	2343	2389	
102	302	536	563	650	1333	1560	1774	2114	2164	2247	2349	2351	
103	24	78	141	182	256	612	617	737	843	1287	1582	1960	
104	111	143	214	652	1051	1183	1274	1564	1567	2181	2346	2357	
105	106	200	297	643	892	923	998	1171	1459	1616	1699	1924	
106	37	729	753	958	980	1004	1116	1292	1525	1888	1957	1991	
107	15	148	189	294	404	535	771	1017	1178	1227	1759	1926	
108	88	161	265	292	461	925	960	1014	1131	1177	1254	1328	
109	330	400	1013	1076	1356	1788	1987	2098	2212	2255	2311	2334	
110	305	543	696	756	813	948	1015	1554	1557	1646	1653	1808	
111	213	300	428	476	582	814	1347	1369	1442	1654	1682	1728	
112	44	222	422	744	891	1009	1301	1436	2118	2267	2294	2305	
113	135	190	464	717	758	1056	1418	1513	1597	1606	1865	1879	
114	245	306	381	399	515	562	636	723	811	987	1146	1158	
115	334	426	489	564	634	857	904	927	939	1072	1111	1280	
116	139	368	496	1035	1288	1834	1848	2059	2175	2289	2329	2363	
117	310	457	682	730	1088	1835	1836	1907	1992	2060	2241	2269	
118	725	781	1020	1074	1395	1405	1471	1610	1810	1891	1974	2154	
119	529	578	828	1070	1313	1701	1729	1820	2010	2061	2077	2156	
120	34	304	342	947	1100	1180	1614	1753	2238	2249	2342	2370	
121	129	280	340	358	679	1655	1661	1716	1812	1921	2366	2385	
122	92	179	291	1184	1360	1665	1668	1739	1767	2096	2234	2284	
123	80	113	374	676	844	975	1266	1467	1852	1953	2028	2144	
124	362	569	715	738	740	762	866	884	1018	1214	1406	1440	
125	36	248	855	872	1044	1550	1611	1833	1967	2108	2273	2340	
126	142	146	194	203	410	659	1188	1222	1563	1684	1906	1951	
127	344	460	581	1047	1060	1106	1255	1402	1775	1845	1918	2062	
128	181	455	1542	1678	1685	1714	1841	1874	2126	2176	2188	2189	
129	91	325	384	618	826	902	909	1001	1622	1754	1946	2233	
130	123	173	721	1267	1439	1577	1609	2204	2319	2381	2397	2398	
131	252	596	976	1286	1387	1491	1652	1867	1884	2032	2187	2197	
132	46	100	501	559	773	794	1042	1203	1260	1337	1412	2076	
133	318	511	568	880	910	1694	1770	1798	1895	1983	2222	2283	
134	11	167	286	382	681	734	1430	1601	1613	1806	1966	2088	
135	99	425	622	1105	1187	1243	1247	1312	1431	1787	2272	2280	
136	26	152	233	354	797	816	825	1122	1365	1782	1939	2380	
137	945	1041	1093	1136	1198	1235	1453	1544	1612	1912	2054	2087	
138	188	290	552	629	1000	1133	1497	1676	1785	1973	2109	2155	
139	19	301	451	608	702	1340	1449	1495	1667	2000	2168	2261	
140	441	512	614	736	791	914	1132	1166	1645	1706	2024	2058	
141	122	267	339	417	1284	1594	2151	2244	2279	2287	2326	2360	
142	349	398	549	594	1279	1375	1448	1465	1530	2112	2345	2354	
143	147	204	225	268	561	589	678	964	1003	1221	1334	1443	
144	53	1327	1547	1552	1587	1871	1878	1882	1959	2075	2245	2325	
145	232	239	383	1444	1672	1880	2050	2091	2145	2191	2193	2307	
146	1	42	52	77	150	169	241	547	630	698	952	966	
147	20	433	483	491	713	834	901	1037	1232	1368	1677	1697	
148	66	231	336	644	957	969	982	1307	1638	1689	1969	2031	
149	641	651	819	988	1404	1529	1649	1894	1915	2199	2316	2330	
150	51	211	850	1027	1048	1075	1298	1325	1435	1488	1549	1623	
151	126	140	217	333	638	786	899	1462	1822	1977	2004	2052	
152	8	76	359	759	962	1029	1207	1259	1361	1472	1733	1791	
153	216	260	308	346	350	357	414	550	692	915	1199	1401	
154	611	1630	1698	1941	1989	2127	2185	2190	2301	2336	2378	2379	
155	215	517	785	790	1033	1167	1503	1565	1827	1832	2067	2198	
156	16	144	373	575	662	848	1007	1258	1447	1908	2141	2171	
157	43	311	390	463	803	922	959	1149	1403	1454	1829	1917	
158	79	145	361	393	412	472	493	946	1163	1294	1584	1671	
159	89	112	208	221	626	949	1055	1576	1809	1958	2025	2229	
160	22	255	625	754	978	1712	1790	1813	2002	2313	2323	2331	
161	32	41	83	224	453	544	584	590	677	1034	1934	2094	
162	127	394	406	516	708	1090	1162	1373	1501	1517	1709	1856	
163	236	492	525	1045	1104	1186	1324	1391	1474	1538	1598	1995	
164	184	250	434	576	1063	1344	1846	1971	1972	2037	2070	2073	
165	430	1363	1487	1559	1660	1758	1768	1843	1913	1990	2040	2312	
166	518	1123	1141	1270	1422	1533	1695	1956	2242	2298	2335	2338	
167	104	396	703	1127	1528	1634	1731	1736	1803	1818	2074	2216	
168	283	486	628	900	992	1464	1673	2044	2084	2092	2178	2209	
169	212	580	705	1086	1174	1801	1853	1889	2072	2206	2246	2302	
170	13	269	482	675	913	930	1071	1209	1416	1458	1484	1489	
171	500	663	739	746	861	1019	1296	1524	1737	1783	1796	1842	
172	886	984	1016	1118	1143	1379	1417	1521	1674	1675	1762	1777	
173	198	335	585	769	1085	1244	1273	1377	1600	2027	2100	2137	
174	133	227	309	718	1421	1512	1702	1952	2029	2099	2110	2192	
175	355	488	763	941	1067	1248	1504	1662	1735	1784	1885	2011	
176	201	731	821	934	1142	1225	1228	1414	1441	1509	1858	1954	
177	97	566	846	1238	1269	1494	1585	1637	1849	2069	2214	2230	
178	98	103	163	313	647	707	789	903	993	1283	1531	1896	
179	131	296	683	695	1095	1256	2021	2143	2170	2218	2231	2306	
180	95	279	284	416	532	1272	1338	1451	1666	1901	1920	1932	
181	50	287	348	694	764	1121	1345	1358	1703	1763	2005	2317	
182	33	258	527	621	633	1065	1308	1420	1721	1773	1905	2290	
183	158	701	973	1053	1087	1276	1320	1362	1541	1659	1700	1747	
184	70	74	932	1089	1113	1741	1839	1870	1897	1911	2147	2344	
185	218	579	610	775	1066	1366	1592	1680	2026	2042	2235	2256	
186	551	597	613	916	1197	1314	1343	1876	1877	2022	2057	2184	
187	156	370	424	767	955	1102	1120	1144	1466	1711	1752	1993	
188	94	322	970	1408	1595	1619	1760	1766	1860	1868	2134	2182	
189	82	275	281	391	415	655	895	1078	1107	1278	1300	1419	
190	277	519	727	822	883	1318	1445	1732	1970	2041	2219	2259	
191	172	195	450	475	524	602	796	1103	1109	1370	1769	1857	
192	159	1478	1683	1724	1830	1945	2085	2148	2268	2339	2386	2400	
193	1204	1482	1515	1658	1726	1756	1799	1930	1938	2095	2353	2393	
194	639	817	963	985	1091	1426	1473	1562	1718	1828	1919	2122	
195	48	223	409	595	1002	1157	1200	1246	1262	1561	1814	1824	
196	752	755	761	943	1165	1231	1745	1863	1900	1931	1935	2001	
197	72	130	299	454	526	792	836	972	1058	1096	1211	1348	
198	230	263	372	478	619	649	801	1036	1210	1277	1437	1479	
199	38	40	196	1073	1485	1968	2232	2341	2359	2368	2387	2388	
200	234	237	572	605	615	666	833	994	1150	1374	1450	1572	

1	0	1	0	1	0	1	0	1	0	1	0	1	0	1	0	1	0	1	0	1	0	
1	0	0	1	0	1	0	1	0	1	0	0	1	1	0	1	0	1	0	1	0	1	
1	0	1	0	0	1	0	1	0	1	0	0	1	0	1	1	0	1	0	1	0	1	
1	0	1	0	1	0	0	1	0	1	0	0	1	0	1	0	1	1	0	1	0	1	
1	0	1	0	1	0	1	0	0	1	0	0	1	0	1	0	1	0	1	1	0	1	
1	0	1	0	1	0	1	0	1	0	0	0	1	0	1	0	1	0	1	0	1	1	
0	1	0	1	0	1	0	1	0	1	0	1	0	1	0	1	0	1	0	1	0	1	
0	1	1	0	1	0	1	0	1	0	1	1	0	0	1	0	1	0	1	0	1	0	
0	1	0	1	1	0	1	0	1	0	1	1	0	1	0	0	1	0	1	0	1	0	
0	1	0	1	0	1	1	0	1	0	1	1	0	1	0	1	0	0	1	0	1	0	
0	1	0	1	0	1	0	1	1	0	1	1	0	1	0	1	0	1	0	0	1	0	
0	1	0	1	0	1	0	1	0	1	1	1	0	1	0	1	0	1	0	1	0	0	
