2400	200	250	12

14	8	152	564	1734	1489	570	1184	374	354	1508	1026	865	245	1402	1314	
11	6	731	1975	2006	1133	819	1744	324	1633	1699	871	2262	
7	4	328	1738	1638	2373	2132	1068	475	
12	5	1773	1028	916	1452	899	2298	1890	840	206	1703	126	2295	
13	5	343	266	178	216	1596	1903	16	878	2209	590	104	958	1204	
9	6	584	2109	1043	22	1363	943	150	877	2217	
7	2	2071	1151	1354	1608	46	201	1211	
9	5	1860	2159	236	652	1722	1976	1931	578	317	
8	4	2027	1131	506	1343	595	658	1652	1120	
10	6	2339	963	844	2223	1202	1664	2106	1216	1353	195	
12	6	1704	2	2157	1667	1025	1933	1143	204	661	1520	912	2052	
6	5	1879	1849	1381	986	1826	70	
7	4	1364	602	1403	1035	907	1696	455	
10	7	484	917	2368	1857	443	1815	1663	2236	770	1948	
8	4	1219	721	404	1034	1072	1380	1611	887	
14	5	1992	2364	2130	451	2058	1591	1100	2014	1855	1326	1160	762	103	1543	
12	6	701	902	2308	1728	1331	1015	358	1751	1009	953	1123	694	
10	4	1705	1588	1231	600	1503	480	124	990	513	198	
8	6	1518	1802	1274	1536	457	407	1037	1117	
11	7	2334	223	214	500	951	1854	985	777	447	2330	1387	
13	6	1478	321	298	491	208	1926	50	202	116	1558	1896	10	1330	
11	5	1294	1605	1655	2146	719	796	111	2098	2194	2065	2230	
12	4	2190	1460	203	1200	420	133	2278	503	1675	372	1708	1271	
14	7	779	1569	167	18	501	1210	278	400	479	1484	450	1179	525	1978	
8	4	40	2189	1984	596	215	1311	2083	861	
10	7	2379	814	2250	1698	1140	1869	1260	968	946	693	
5	2	2015	724	1539	847	291	
9	4	1570	1249	1130	1197	1542	219	831	869	1247	
9	2	1863	1410	2249	1182	360	543	1973	268	854	
6	4	1165	1573	723	733	1712	903	
13	7	1297	61	1980	180	87	1866	1095	2063	5	1977	1086	1941	673	
10	5	49	959	1096	1509	2383	625	563	186	555	675	
6	5	970	1528	187	1338	1874	426	
7	5	930	384	1077	1053	145	2238	587	
6	1	1423	1720	1476	1635	2341	548	
9	6	1499	623	783	387	237	2136	1654	289	2199	
10	4	2205	1560	734	403	1632	2320	1963	2088	1066	1892	
9	4	1300	51	254	1687	1126	2351	333	1859	1217	
11	3	1199	2165	668	466	154	732	2345	527	120	2275	2178	
11	3	720	1233	1218	1325	557	1936	265	686	1617	1768	1858	
9	6	571	44	1178	477	2372	2172	217	1465	1546	
8	4	537	1093	927	901	1693	376	1166	1966	
7	4	1648	1022	93	542	57	505	179	
8	6	697	1554	730	926	1817	224	2326	2281	
8	2	460	2112	1082	131	1592	247	1399	1595	
11	5	92	99	1981	356	148	1456	1851	2355	55	311	935	
12	6	1242	2163	330	2354	1955	1230	957	2198	863	591	928	345	
11	7	703	1229	569	1908	71	948	110	288	1448	1810	430	
5	4	1623	2055	929	314	2309	
8	5	741	1245	1127	558	914	807	474	913	
10	3	380	2059	829	617	241	684	1250	2122	2253	628	
8	2	1439	136	709	1106	870	895	440	1940	
8	2	1055	2000	512	1492	1474	2288	1516	520	
8	5	2175	1069	395	539	876	2221	593	264	
8	3	48	972	1198	142	158	1170	940	1101	
10	4	27	1825	575	306	1067	1142	679	931	351	2333	
11	7	2068	751	699	483	1018	1746	644	1264	134	1689	908	
11	5	1505	1183	2107	1656	2391	1342	2166	127	130	1513	137	
10	6	1058	2316	2028	937	1766	2011	271	535	1413	565	
11	6	1679	1838	2340	1176	849	2121	313	1628	2386	316	766	
9	2	129	30	1957	7	949	1382	898	1237	1723	
10	3	1333	2124	115	117	441	1002	1962	1193	2102	2263	
12	7	594	1207	1732	453	567	568	1227	481	1606	172	632	556	
14	8	1526	874	2226	786	1757	1466	655	671	2103	399	1007	2280	1458	165	
8	2	1159	2212	1185	1454	1087	1386	2060	802	
4	2	2268	597	1332	227	
11	6	1208	1317	368	1893	1213	2188	2038	1788	1129	2365	1645	
7	1	552	607	897	2125	1911	2289	181	
14	8	810	1692	261	114	166	1578	2119	804	1153	3	113	2195	2077	1953	
6	1	337	456	1566	526	1486	688	
13	6	1847	1215	834	1985	592	1078	21	1001	1046	942	2284	1346	2342	
6	2	267	1094	1506	95	1048	2076	
8	5	1263	504	609	1370	1008	1952	1006	1083	
6	5	1533	2337	2110	1062	1310	1404	
13	7	1277	574	476	45	2381	659	2293	846	1916	511	122	2389	1662	
4	1	228	1432	77	41	
10	5	1312	1146	892	622	919	1609	1031	1405	381	1192	
4	4	1619	1316	2167	240	
13	6	435	452	2311	277	2394	1056	1243	1637	561	2270	1805	1581	2182	
12	5	888	1306	2324	517	1248	2346	382	2114	398	1049	581	1665	
9	6	1453	290	2207	1924	1999	35	1730	2126	1389	
15	9	850	209	2169	2264	1225	1784	2067	1258	2319	393	708	429	1438	2050	159	
9	2	2378	983	1809	1339	273	616	1443	1110	1459	
10	3	135	687	579	13	155	1212	2048	442	2237	725	
7	2	1228	1871	262	234	1051	389	2239	
11	5	192	1416	707	1988	588	2183	1897	1891	2245	1691	2127	
12	4	801	2035	1301	319	1251	2013	2154	331	853	169	1532	256	
7	4	1657	945	2008	1041	2022	1626	1636	
11	3	367	1694	669	434	817	1350	2043	1322	1029	96	2350	
10	3	2185	1368	221	1834	60	406	1050	636	444	518	
10	4	666	1036	510	794	606	1418	2129	2384	297	788	
6	4	283	496	6	508	423	1997	
13	8	1426	1180	1929	691	164	1881	775	1477	1710	1024	1497	1808	1462	
13	8	2001	1328	1021	405	1102	425	2142	2231	1422	1748	1797	248	572	
12	5	98	2082	1574	789	1296	1761	1671	1461	2184	700	2376	102	
11	7	1839	2344	1315	39	1483	2084	1785	1377	1641	1651	1511	
7	1	1344	1122	1098	112	987	2093	1590	
10	7	1162	1147	1376	1820	1464	162	559	1485	1795	2272	
11	5	2090	884	612	59	646	1012	621	170	2087	487	2321	
10	5	1579	2096	1845	1697	1341	2010	601	1221	1564	647	
14	5	1614	323	1649	2033	2286	1661	1014	718	1394	921	1824	2302	2092	1419	
8	6	989	1572	231	1027	1877	141	1884	598	
11	5	1437	349	939	106	1937	163	2137	857	1737	1616	2266	
7	2	1	1374	754	2009	303	1187	2134	
7	1	2246	2399	1284	589	1725	2318	1281	
9	6	1947	64	1685	737	716	980	2070	2002	1870	
7	3	1545	1561	1717	1032	586	889	175	
11	5	604	744	1103	125	1621	342	994	1901	67	2348	2041	
6	4	2323	1864	272	1895	252	932	
12	5	1203	798	1612	211	925	1420	1206	1491	2072	1724	676	225	
14	7	2305	1923	207	860	421	439	2191	969	1121	541	1401	1735	299	1922	
8	3	1787	1501	845	469	2225	950	334	128	
15	7	915	1690	1807	1253	83	1811	238	1972	25	1530	1390	815	315	826	1861	
11	3	695	459	199	634	1865	151	2156	1040	473	1319	2173	
12	7	1700	2080	270	121	756	498	1507	1813	2032	320	1188	1434	
8	5	1257	1337	1577	2031	445	1552	1589	1537	
9	5	1302	1073	33	1261	502	2089	960	147	300	
10	6	1927	464	2282	454	767	2170	1428	1409	1910	2099	
13	5	1052	1548	988	2233	1553	1070	1745	704	146	1753	2252	15	1075	
4	2	1602	1471	2024	882	
8	3	1872	2367	971	2277	391	1912	944	656	
9	4	813	369	28	1791	1960	1500	781	312	839	
9	4	1406	370	893	1502	1172	2397	806	1783	881	
7	5	1828	618	1259	1535	68	1512	1472	
14	9	538	1163	100	2235	378	2091	471	1383	280	1268	1600	1441	827	2131	
5	3	1740	149	397	1758	2390	
13	4	1959	2101	667	394	745	1527	867	161	2062	1099	309	1071	1397	
9	3	657	1868	998	550	1831	1750	1775	1970	1799	
12	5	2073	1305	521	1534	2120	1345	1362	2138	1042	1425	2151	1529	
17	10	1780	218	562	680	961	2220	1132	633	1154	872	91	383	891	842	346	755	780	
7	1	478	1235	727	171	613	249	654	
11	3	923	220	742	738	1643	2108	1424	1844	1666	235	782	
9	2	463	1782	1812	1598	1469	2147	2210	599	32	
9	2	1544	1190	2149	627	2327	1823	2081	1586	2118	
9	6	2336	1241	519	1899	1644	1030	1776	424	1090	
13	4	743	1987	1375	896	1411	1898	2056	1575	1659	2375	1625	1695	2201	
10	6	2135	1141	1945	257	2160	1986	1634	1682	1995	660	
14	7	1772	1205	2168	2139	296	530	1074	275	2171	1020	2034	2176	197	2248	
8	6	1059	1023	1971	1119	2192	2313	545	2085	
9	5	1138	910	1736	822	189	1707	811	47	1541	
8	5	1954	14	769	1928	540	470	2144	1057	
14	8	2258	836	196	1252	258	2148	1902	1946	774	86	417	1846	2300	38	
8	6	620	2265	1480	1148	797	489	1352	1309	
11	7	2030	392	2095	1195	1398	1848	2287	936	662	778	2301	
14	5	736	1371	1045	1125	2279	1925	947	1610	414	1836	1668	795	2283	193	
14	8	1220	1107	1108	1801	629	1764	438	726	547	2294	2251	188	2023	2057	
8	5	1917	1447	1525	1047	1769	260	1684	760	
7	3	1640	848	118	2398	2328	332	1786	
7	1	866	1222	1323	1292	1283	416	1013	
16	10	54	1706	1998	2314	868	286	1145	2044	1563	2366	2362	2395	875	1455	1961	706	
11	7	2243	1627	1391	243	642	305	1713	1618	1232	653	1646	
10	3	1293	329	812	2066	544	2204	2304	2117	1660	1224	
14	8	1450	1487	293	1856	580	482	239	651	692	1800	862	1238	999	253	
10	6	1587	2197	2371	2115	1833	507	251	42	1279	213	
9	2	1092	274	1139	144	2244	1295	1239	2213	1887	
9	5	348	976	685	791	977	1517	728	514	1084	
8	5	1168	1594	1038	281	2299	242	2162	952	
7	2	2202	1531	1670	431	1044	2296	2349	
12	7	364	1919	553	12	1369	808	1135	2036	140	1819	493	1336	
13	8	1779	911	246	2297	2045	1562	1475	605	307	984	1867	2380	1909	
9	4	615	2228	2105	1234	1816	465	1468	1236	825	
12	7	689	2261	1829	250	56	1996	412	1727	411	1201	366	2216	
9	6	499	1175	23	2164	341	1982	359	2322	1540	
4	3	2040	2075	1599	1726	
10	6	1280	2396	1373	793	2382	1223	1965	1770	1065	1944	
4	3	1470	390	650	1430	
11	3	2020	486	1733	2064	1196	1647	1688	184	991	1629	173	
8	3	301	492	759	255	160	2158	714	2315	
8	2	1355	1762	1853	183	880	832	823	522	
8	3	24	763	419	1246	585	1276	1678	1862	
13	4	2007	1482	1934	965	534	63	1269	1407	2285	2306	933	974	4	
9	3	1681	1521	2241	1974	139	2393	1778	2140	1630	
10	6	1674	1240	472	287	1683	904	2069	1115	2094	2046	
8	6	1550	2116	1214	890	2104	821	1157	641	
14	5	2359	2177	1913	325	554	458	2353	1639	1993	432	2018	1436	1714	1827	
5	4	1396	1039	954	2356	582	
8	2	886	772	2363	1752	1939	2047	2240	645	
8	4	1144	182	1444	353	168	339	705	1273	
11	5	1796	73	80	934	1158	362	2257	2042	2215	20	1551	
14	6	1167	226	1488	357	1686	2037	639	410	560	66	978	101	2155	1451	
6	3	1334	2145	2361	1272	2392	109	
12	4	729	1282	1719	1524	1918	191	1255	2051	1883	885	1267	105	
10	4	828	1964	1124	981	1137	2332	340	635	1669	1873	
10	6	190	1080	310	1064	1431	379	2143	1935	1189	722	
11	3	1111	879	1378	941	2274	2078	523	194	1814	335	1958	
11	5	995	1479	1113	619	1739	638	1266	2123	53	1942	1366	
8	6	1063	494	833	19	900	1417	962	31	
13	7	1473	1194	996	1789	259	2180	992	1079	1781	1400	1837	2307	37	
10	3	143	1907	776	304	2312	1803	108	2232	1097	1555	
12	6	765	462	1798	1388	2208	1304	413	1951	88	185	1950	1308	
12	8	401	352	2054	468	1265	2329	1991	747	344	446	681	326	
6	3	1624	973	418	78	2377	784	
3	2	8	2400	752	
6	1	29	2259	1134	1365	279	1983	
5	4	830	2260	1504	1715	2387	
9	4	1161	528	859	437	1313	1604	1603	551	1613	
4	3	2338	2016	1583	1493	
7	2	1794	461	230	232	1335	824	531	
16	9	338	1889	2152	1005	1270	1676	1709	302	2193	536	1114	1351	2179	123	1792	365	
11	4	2017	1174	1760	997	665	495	610	436	1882	678	1597	
16	8	1949	1442	1085	408	1835	138	449	1289	2255	637	2369	2374	176	1181	1367	909	
4	2	1672	1348	1743	1886	
8	2	757	2187	1209	361	1262	1019	1843	696	
8	6	1290	74	1842	792	284	1016	852	1412	
5	3	385	764	1878	918	1969	
8	4	1914	433	805	1054	1718	327	43	72	
5	1	200	1298	11	308	1642	
10	4	2242	233	2276	1372	2269	285	2004	1523	1582	516	
13	5	2039	2128	674	1538	835	1435	244	1327	269	347	677	711	1285	
3	3	1254	702	1677	
6	1	2247	1932	1622	771	1571	1136	
11	7	1287	2161	1510	97	573	1440	318	371	2021	1003	922	
10	7	1089	1680	920	1755	1585	1711	1384	1967	1900	2025	
9	4	1173	153	1467	1915	2222	1415	156	1000	1320	
8	3	1427	2012	1841	2111	1004	803	1876	1449	
15	6	1904	851	1164	549	2074	1905	906	2019	355	84	2267	1968	1593	2141	1433	
6	5	448	664	2325	1701	672	631	
13	8	1278	2029	1519	955	2310	670	1414	864	1514	529	1888	858	1395	
11	6	1496	2218	1880	982	1081	2174	2347	1885	712	1186	773	
12	7	76	967	1615	2273	2271	2206	1875	577	1580	683	748	1822	
11	6	2292	1774	2385	1171	1457	1358	2196	820	336	698	1759	
6	5	2224	1076	294	497	2219	966	
8	3	82	1299	79	2181	1522	90	1567	1790	
12	7	1091	524	2343	1118	566	1702	1741	2388	1177	614	883	790	
11	4	1938	750	2097	1490	799	2026	1989	2256	488	1818	1990	
11	3	509	753	749	905	2153	1445	62	515	1010	388	583	
7	4	89	2086	1128	603	2335	363	2203	
12	4	1994	608	894	993	843	1777	415	735	75	1979	2352	1906	
10	5	132	58	1557	1361	1088	295	107	1716	624	282	
11	6	626	2227	979	2005	322	1568	816	1754	1116	1832	1763	
14	5	1244	1584	1463	2254	409	229	761	2331	36	924	2214	2053	292	17	
7	2	1494	2317	1393	746	2061	1421	1359	
7	5	787	428	576	1804	1360	1109	2357	
13	5	222	1565	396	1256	938	710	263	1631	2100	1408	1156	1275	1747	
7	1	34	467	533	402	740	1742	2234	
11	6	785	1307	715	1943	739	713	1673	1806	1930	546	1149	
11	6	276	373	1357	2211	1830	1620	2370	1429	841	1104	1105	
9	3	427	1356	9	964	532	1920	1956	1653	2150	
10	4	1894	717	1721	855	630	1850	1576	1191	648	690	
5	3	1152	205	1556	2360	210	
8	2	1729	350	1017	1765	758	2186	1349	69	
9	2	1347	649	975	640	1731	1756	1155	1321	1329	
8	5	2049	119	1767	375	1324	2358	837	1821	
14	7	1303	94	800	1771	682	956	1495	1385	1291	1921	1060	1318	856	1446	
6	5	422	377	873	81	1515	1286	
8	4	1852	2113	1601	1340	2200	1481	1379	490	
13	8	663	65	174	1749	768	1549	2303	1498	485	2079	157	2291	1033	
11	7	1150	1607	52	1392	386	1658	1169	177	1061	1793	2290	
8	5	643	1011	1288	809	2133	1650	2229	838	
11	7	26	1547	611	818	1112	212	1226	85	2003	1559	1840	

1	27	29	34	190	192	364	435	448	478	701	703	741	
2	338	915	1058	1161	1168	1173	1220	1787	1796	1847	1904	1938	
3	452	663	995	1244	1293	1297	1473	1478	1657	1679	1729	1773	
4	48	460	484	828	902	1194	1333	1347	1614	2073	2190	2246	
5	153	200	321	594	695	1245	1303	1396	1505	1640	1914	1917	
6	98	129	323	750	765	801	888	989	1772	1860	2090	2316	
7	40	615	743	1215	1280	1427	1584	1674	1705	1780	1852	1992	
8	152	830	1242	1463	1623	1994	2001	2097	2323	2336	2339	2364	
9	94	552	1080	1092	1183	1306	1437	1690	2071	2135	2224	2260	
10	54	73	222	467	729	800	850	1107	1501	1588	1838	2124	
11	61	301	343	538	604	1138	1207	1312	1649	1889	1947	1949	
12	143	218	834	1059	1565	1602	2130	2258	2268	2292	2334	2379	
13	24	115	367	433	533	564	608	666	1479	1587	1681	1980	
14	64	396	509	731	1150	1706	1863	1954	2030	2163	2202	2324	
15	267	350	459	562	836	884	1036	1300	1423	1545	1579	1594	
16	117	664	996	1028	1257	2027	2033	2096	2185	2228	2247	2308	
17	132	180	209	607	649	744	1052	1146	1277	1282	1521	1774	
18	1	82	584	620	813	917	1055	1460	1496	1570	1719	1839	
19	87	196	223	680	697	1294	1302	1447	1694	1720	1872	1894	
20	92	427	451	1111	1113	1199	1290	1985	2254	2286	2340	2378	
21	492	717	851	1416	1490	1526	1661	1740	1794	1807	1964	2017	
22	199	689	814	1014	1073	1162	1205	1228	1531	1550	1907	1919	
23	74	99	517	892	894	916	945	1219	1334	1771	2039	2243	
24	65	369	718	759	2152	2242	2259	2325	2344	2359	2367	2368	
25	49	612	874	1249	1524	1561	1998	2020	2040	2049	2068	2241	
26	28	76	89	401	720	779	805	1518	1554	1918	1959	2008	
27	135	214	528	657	879	975	1167	1176	1231	1439	1700	1732	
28	276	349	736	757	849	866	1023	1091	1426	1607	1685	1728	
29	274	337	380	687	959	1039	1315	1450	1525	1548	2082	2168	
30	149	226	721	751	886	1235	1278	1394	1627	1825	2197	2314	
31	26	33	51	462	619	921	961	988	1089	1222	1355	1487	
32	298	352	392	574	597	737	1124	1127	1494	2086	2109	2187	
33	330	785	971	1130	1141	1371	1762	1866	1879	2145	2218	2261	
34	461	524	1241	1378	1391	1648	1734	1789	2012	2177	2205	2233	
35	80	626	776	787	983	1045	1572	1717	1824	1932	2007	2128	
36	328	329	404	499	682	772	967	1208	1328	1364	1368	1453	
37	39	59	203	310	476	674	956	1022	1263	1672	2113	2220	
38	486	592	810	1038	1108	1125	1147	1229	1233	1253	1374	1569	
39	293	640	707	763	910	934	1218	1538	1553	1680	1809	1981	
40	859	1174	1499	1615	1975	2175	2265	2305	2343	2354	2363	2371	
41	510	1134	1376	1547	1738	1760	2059	2075	2116	2189	2311	2317	
42	174	537	1103	1299	1406	1467	1482	1544	1820	1841	1845	1923	
43	419	646	754	993	1005	1063	1393	1452	1488	1749	1752	1856	
44	14	30	304	494	835	1043	1096	1118	1298	1489	1736	1779	
45	243	453	463	491	716	833	868	1164	1248	2000	2009	2112	
46	22	167	281	402	437	899	1270	1442	1638	1913	2095	2101	
47	254	549	622	939	1064	1209	1798	2226	2312	2385	2396	2399	
48	259	553	642	768	845	930	1012	1139	1175	1305	1739	2028	
49	18	634	1261	1284	1410	1829	1927	1934	1945	1971	2121	2273	
50	250	266	277	370	464	981	1032	1085	1163	1180	1373	1601	
51	19	136	305	373	456	669	699	769	920	1214	1624	1868	
52	23	58	228	469	579	941	1159	1246	1801	1974	2058	2074	
53	283	500	923	1365	1591	1939	2054	2164	2227	2274	2279	2282	
54	231	286	325	384	512	621	1152	1197	1203	1240	1495	1509	
55	125	558	567	746	1190	1307	1566	1733	1782	1849	2250	2271	
56	290	356	496	667	829	1077	1132	1252	1560	1925	1928	1988	
57	233	521	566	633	753	793	963	970	1704	1731	1880	2105	
58	221	468	501	602	734	799	972	973	1144	1435	1670	1692	
59	191	418	483	580	919	1093	1154	1171	1344	1357	1470	1756	
60	11	431	617	638	794	965	1325	1549	1687	1697	1721	1871	
61	182	241	244	422	557	586	937	1210	1356	1533	1542	1698	
62	93	341	554	575	600	848	890	927	1041	1070	1126	1128	
63	144	348	408	585	1054	1069	1471	1574	1834	2006	2029	2035	
64	9	207	257	589	629	914	1027	1865	1984	2303	2351	2361	
65	100	261	458	588	872	893	964	1017	1047	1200	1877	1955	
66	45	333	434	441	542	568	789	1021	1122	1195	1337	1498	
67	56	611	715	901	1082	1155	1296	1528	1557	1987	2064	2107	
68	148	394	405	454	570	786	817	911	951	1375	1444	1483	
69	353	409	485	818	860	1094	1287	1403	1701	1725	1761	1803	
70	79	187	896	1078	1196	1313	1350	1385	1605	1769	1835	1915	
71	131	219	313	606	745	1018	1112	1234	1534	1655	1765	1859	
72	258	395	749	855	976	1411	1671	2026	2381	2382	2383	2394	
73	385	659	1321	1331	1381	1432	1676	1842	1853	1854	1982	1989	
74	212	229	539	1002	1388	1503	1816	1936	2139	2169	2249	2353	
75	303	569	623	730	1145	1256	1457	1622	1702	2047	2146	2165	
76	421	685	900	1198	1898	2055	2080	2149	2212	2222	2264	2277	
77	138	141	270	532	727	843	1095	1301	1341	1628	1905	2276	
78	83	278	480	758	998	1185	1266	2043	2056	2160	2161	2302	
79	2	118	377	630	672	807	905	1098	1230	1417	1502	1510	
80	60	170	262	526	540	873	954	1184	1323	1456	1577	1812	
81	97	220	406	791	812	997	1225	1317	1358	1361	1431	1527	
82	142	306	379	1050	1056	1265	1755	2024	2120	2183	2207	2208	
83	171	368	439	482	596	627	783	977	980	1076	1291	1345	
84	81	183	246	403	519	1575	1639	1857	1986	2044	2063	2123	
85	13	151	449	643	906	986	1254	1621	1850	1884	1908	2070	
86	121	178	374	709	831	897	1131	1226	1327	1921	2019	2157	
87	85	319	443	947	957	1151	1304	1492	1634	1693	1784	1943	
88	106	420	470	761	822	1474	1585	1647	1764	1811	1864	2010	
89	21	91	119	189	239	279	1172	1272	1292	1464	1741	1993	
90	598	636	742	1100	1217	1251	1398	1667	1718	2031	2061	2067	
91	112	238	342	383	1015	1258	1506	1519	1828	2153	2297	2331	
92	355	357	390	767	955	1289	1609	1711	1767	2014	2196	2198	
93	12	36	52	208	272	413	432	792	867	1766	1791	1848	
94	5	216	375	391	880	1338	1339	1369	1372	1656	1686	2011	
95	273	296	397	550	740	1053	1133	1165	1182	1223	1596	1851	
96	444	571	891	1025	1035	1088	1137	1461	1688	1746	1951	2045	
97	295	438	876	979	1659	1707	1713	1757	1802	1929	2148	2180	
98	44	215	506	738	819	907	1034	1283	1322	1392	1504	1758	
99	84	114	1243	1515	1643	1957	1972	2111	2206	2373	2388	2391	
100	284	386	400	811	1106	1255	1311	1632	1696	1815	1937	1965	
101	7	631	1031	1067	1637	1903	1933	1996	2235	2293	2327	2332	
102	77	155	358	504	1363	1875	1960	2005	2022	2104	2132	2159	
103	88	359	465	603	691	1562	1598	1709	1920	2013	2181	2184	
104	378	726	1227	1855	1962	2037	2267	2288	2319	2322	2337	2346	
105	534	870	985	1068	1418	1480	1715	1770	1893	1924	1983	2115	
106	8	71	161	269	302	354	479	625	1016	1212	1777	1902	
107	162	185	547	616	618	844	863	1469	1508	1751	1999	2221	
108	133	530	613	639	684	842	1011	1142	1475	1573	1592	2083	
109	6	387	700	808	1143	1288	1445	1476	1517	1745	1912	1926	
110	62	561	668	809	982	1119	1213	1610	2066	2079	2156	2255	
111	563	591	728	846	1009	1060	1140	1833	2051	2193	2211	2278	
112	139	294	376	559	756	820	1004	1466	1599	2091	2092	2287	
113	466	498	803	821	895	1635	1823	1883	2186	2244	2310	2355	
114	234	322	670	704	885	929	1362	2048	2298	2299	2320	2338	
115	25	108	145	230	271	637	719	1072	1158	1177	1274	1576	
116	163	232	308	415	503	577	650	2170	2191	2240	2256	2270	
117	204	414	518	889	969	1485	1580	1642	2078	2125	2137	2143	
118	236	471	472	474	1178	1454	1536	1619	1658	1805	2154	2188	
119	166	186	652	739	948	1349	1384	1421	1742	1946	2002	2062	
120	107	164	260	360	535	798	1148	1250	1329	1405	1443	1618	
121	47	205	242	361	507	573	651	1040	1102	1324	1348	1484	
122	63	124	255	382	416	425	614	644	679	1193	1413	1414	
123	95	327	605	735	924	938	1332	1556	1612	1663	1963	2016	
124	287	502	774	1087	1264	1383	1831	2081	2110	2129	2133	2142	
125	53	175	211	251	331	796	992	1269	1295	1540	1578	1626	
126	237	990	1029	2108	2214	2236	2269	2329	2358	2384	2386	2392	
127	50	160	665	683	710	936	1074	1166	1354	1386	1440	1826	
128	111	381	869	1326	1507	1830	1870	1890	1895	2038	2053	2089	
129	78	146	227	770	928	987	1259	1343	1424	1468	1722	1911	
130	318	655	723	1099	2231	2238	2341	2375	2376	2387	2393	2398	
131	263	428	495	536	609	692	840	926	1568	1744	1795	1844	
132	42	265	477	515	544	857	1135	1318	1604	1788	1967	1991	
133	57	661	994	1001	1157	1191	1342	1586	1650	1916	2087	2122	
134	202	307	511	852	949	1500	1520	1608	1869	1899	2018	2084	
135	154	336	347	648	713	960	1881	1935	2036	2136	2138	2232	
136	75	140	252	285	440	445	610	1026	1097	1644	2060	2114	
137	16	275	362	436	505	698	771	925	1631	1778	1836	1979	
138	324	412	473	816	861	1044	1114	1340	1882	1950	2015	2147	
139	158	280	297	442	523	747	864	1316	1682	1737	1874	2004	
140	69	184	455	686	797	878	1081	1160	1563	1654	2223	2234	
141	410	576	762	943	984	1046	1051	1129	1370	1415	1514	1673	
142	86	110	457	560	931	1901	2100	2174	2257	2294	2296	2366	
143	46	346	371	393	489	832	1010	1042	1170	1335	1382	1976	
144	122	288	388	865	944	1065	1716	1968	2021	2042	2098	2225	
145	206	513	595	856	942	1169	1535	1683	1753	1817	2192	2194	
146	224	245	247	309	340	677	732	932	1008	1048	1425	1675	
147	635	671	781	991	1030	1232	1407	1422	1750	1867	2003	2200	
148	102	289	755	853	1260	1402	1436	1481	1977	2093	2166	2204	
149	194	351	389	708	883	1202	1351	1620	2251	2252	2284	2304	
150	624	658	678	940	1684	2140	2209	2253	2347	2362	2370	2372	
151	168	775	1121	1380	1727	2151	2328	2345	2365	2377	2390	2395	
152	103	150	777	824	950	1101	1429	1743	1813	1966	2162	2237	
153	147	157	541	764	1239	1267	1279	1314	1516	1629	1669	2065	
154	968	1003	1013	1420	1477	1785	1897	1952	2076	2119	2179	2285	
155	68	529	725	760	1408	1625	2144	2213	2306	2356	2360	2369	
156	35	198	875	922	1379	1714	1748	1942	2032	2103	2117	2313	
157	66	320	488	548	590	724	823	1206	1583	1603	1806	1888	
158	109	312	344	399	543	702	904	912	1668	1703	1710	1730	
159	156	446	582	593	601	748	898	1448	1571	1633	1664	1754	
160	104	105	134	210	933	1079	1346	1428	1491	1522	1810	1944	
161	41	116	837	1071	1409	1552	1617	1666	1781	2069	2118	2199	
162	953	1539	1636	1876	2318	2335	2342	2349	2374	2389	2397	2400	
163	123	127	169	520	653	962	1057	1726	1768	1818	1821	1956	
164	176	545	681	752	974	1006	1262	1359	1532	1630	1652	2215	
165	417	429	481	1110	1189	1286	1352	1455	1800	1804	1930	1973	
166	15	90	339	1268	1377	1581	1792	1846	1885	2088	2171	2172	
167	641	862	1024	1276	1512	1819	1822	1827	1873	1931	2072	2102	
168	55	645	804	858	1192	1237	1401	1641	1797	1858	2106	2167	
169	126	130	531	733	1062	1086	1236	1238	1319	1530	1678	1735	
170	43	475	493	497	527	546	578	628	712	1221	1600	1653	
171	249	656	978	1187	1360	1390	1441	1497	1662	1776	1941	2295	
172	398	450	587	839	1153	1188	1216	1308	1412	1543	1590	1611	
173	120	188	317	447	841	1066	1075	1156	1179	1438	1559	1712	
174	70	299	334	411	430	815	952	1109	1116	1181	1689	1695	
175	3	72	101	177	213	314	407	583	788	999	1309	1400	
176	253	332	424	827	1366	1606	1723	1878	1940	2326	2330	2352	
177	372	487	705	795	806	1000	1123	1558	1564	1567	1775	1910	
178	4	235	522	877	908	1007	1275	1367	1397	1759	2158	2283	
179	67	217	268	508	514	887	1320	1399	1446	1699	1862	1896	
180	172	490	1061	1186	1708	1814	1970	2150	2182	2230	2280	2281	
181	96	179	426	722	1149	1593	1892	2229	2275	2289	2300	2348	
182	264	714	1049	1090	1247	1353	1472	1832	1837	1891	1922	1948	
183	128	173	201	240	551	773	958	1395	1589	1677	1783	1790	
184	113	565	871	1019	1115	1724	1990	2173	2219	2245	2291	2333	
185	315	1104	1459	1541	1887	2023	2094	2210	2239	2307	2350	2380	
186	38	248	316	581	673	676	847	918	1120	1211	1273	1449	
187	345	826	854	1037	1105	1523	1691	1747	1793	1840	1961	2050	
188	10	225	282	292	599	647	766	1486	1616	1645	2134	2141	
189	20	335	662	706	802	1433	1969	2046	2099	2126	2178	2195	
190	32	291	326	572	881	909	966	1336	1458	1763	1799	1808	
191	159	363	423	946	1020	1033	1117	1465	1582	1843	2155	2321	
192	300	654	688	690	882	1084	1271	1651	1861	1958	2034	2077	
193	516	693	825	1201	1462	1906	1909	1953	1995	2052	2262	2263	
194	311	525	1310	1434	1513	1537	1555	1597	1786	2085	2203	2309	
195	193	195	778	784	838	1330	1387	1404	1430	1529	1646	1660	
196	181	555	632	711	780	1083	1136	1281	1389	1419	1493	1595	
197	17	31	365	366	675	696	782	790	1285	1997	2127	2176	
198	197	256	660	694	1451	1551	1886	2057	2131	2301	2315	2357	
199	137	556	913	1204	1224	1511	1900	2216	2217	2248	2266	2290	
200	37	165	903	935	1546	1613	1665	1978	2025	2041	2201	2272	

1	0	1	0	1	0	1	0	1	0	1	0	1	0	1	0	1	0	1	0	1	0	
1	0	0	1	0	1	0	1	0	1	0	0	1	1	0	1	0	1	0	1	0	1	
1	0	1	0	0	1	0	1	0	1	0	0	1	0	1	1	0	1	0	1	0	1	
1	0	1	0	1	0	0	1	0	1	0	0	1	0	1	0	1	1	0	1	0	1	
1	0	1	0	1	0	1	0	0	1	0	0	1	0	1	0	1	0	1	1	0	1	
1	0	1	0	1	0	1	0	1	0	0	0	1	0	1	0	1	0	1	0	1	1	
0	1	0	1	0	1	0	1	0	1	0	1	0	1	0	1	0	1	0	1	0	1	
0	1	1	0	1	0	1	0	1	0	1	1	0	0	1	0	1	0	1	0	1	0	
0	1	0	1	1	0	1	0	1	0	1	1	0	1	0	0	1	0	1	0	1	0	
0	1	0	1	0	1	1	0	1	0	1	1	0	1	0	1	0	0	1	0	1	0	
0	1	0	1	0	1	0	1	1	0	1	1	0	1	0	1	0	1	0	0	1	0	
0	1	0	1	0	1	0	1	0	1	1	1	0	1	0	1	0	1	0	1	0	0	
