600	50	80	12

8	6	474	80	265	318	12	53	417	558	
8	4	528	413	42	269	209	320	117	256	
10	3	305	93	581	600	502	457	430	203	185	473	
10	7	439	517	30	464	518	128	358	75	526	24	
11	3	267	530	444	521	206	137	386	121	379	262	573	
7	1	282	564	16	193	268	77	443	
10	4	529	18	303	321	182	349	489	522	524	200	
7	2	485	504	574	79	3	412	67	
7	3	475	272	159	505	112	390	415	
9	5	92	4	566	34	44	45	63	432	50	
10	5	434	375	441	361	132	135	377	89	580	498	
5	3	364	451	534	477	556	
5	4	49	207	8	359	319	
7	4	97	311	548	394	446	284	449	
8	5	395	62	114	596	336	381	428	549	
7	3	140	19	35	419	231	433	116	
8	6	39	332	55	585	350	194	242	562	
4	4	368	292	544	276	
4	1	95	541	459	471	
7	3	175	27	54	221	527	593	552	
11	5	78	58	122	510	382	338	101	164	307	289	362	
9	5	190	198	516	240	157	126	227	554	127	
10	6	255	575	210	171	108	290	228	592	246	520	
5	4	460	546	287	499	250	
8	2	191	309	174	273	507	33	106	559	
3	2	480	29	14	
4	2	317	177	537	353	
11	7	436	402	241	73	154	31	166	61	288	113	291	
6	3	143	243	133	6	360	9	
4	4	401	82	466	378	
5	2	26	503	261	463	258	
10	7	418	487	435	129	236	374	385	192	345	508	
10	7	201	41	570	68	158	163	462	239	533	340	
9	3	172	94	208	335	56	43	438	264	539	
14	9	300	465	229	138	313	81	323	426	551	393	153	387	47	308	
6	2	346	37	251	398	28	189	
14	5	102	409	357	21	71	453	213	484	500	234	1	36	476	542	
6	4	399	490	254	220	403	105	
7	1	161	572	576	91	296	48	170	
9	4	223	363	156	109	495	120	119	139	148	
9	5	341	23	569	314	420	344	577	557	540	
9	2	15	343	188	316	461	238	248	224	450	
5	4	187	145	327	486	285	
6	1	20	331	367	366	104	11	
9	6	5	271	103	410	286	372	351	160	416	
8	6	356	66	304	333	88	328	422	448	
8	2	506	512	212	32	404	98	168	355	
6	1	306	298	315	72	217	560	
5	2	110	396	535	59	561	
13	6	22	70	425	142	587	179	134	594	118	325	565	543	550	
7	1	481	588	222	598	186	591	376	
7	1	197	253	501	237	107	455	373	
7	4	146	244	586	424	124	389	2	
9	3	144	169	184	249	57	60	488	149	52	
12	4	330	178	478	352	100	421	211	199	279	13	523	369	
10	5	147	111	215	130	87	493	547	447	397	86	
6	2	275	257	51	545	266	583	
8	6	538	525	567	388	226	483	400	65	
8	4	281	532	312	99	219	414	329	125	
4	4	123	365	225	456	
3	2	183	293	181	
7	5	302	339	167	297	380	176	155	
5	4	260	96	437	411	230	
5	3	513	582	494	263	7	
6	3	347	440	563	196	17	468	
11	4	173	165	514	150	515	322	295	458	141	536	214	
12	8	497	232	218	492	553	195	445	151	491	579	46	589	
7	2	595	180	85	205	278	326	408	
4	2	152	233	64	204	
4	4	259	391	406	370	
8	5	38	555	470	40	384	427	431	442	
8	5	429	568	277	482	10	392	324	531	
6	3	310	405	76	334	469	509	
5	2	496	423	342	84	247	
8	6	74	162	467	519	407	348	202	216	
10	6	136	69	83	371	299	245	131	383	235	294	
5	4	472	599	270	590	511	
5	1	115	283	90	301	584	
5	3	252	452	354	571	274	
7	2	25	337	479	578	597	280	454	

1	5	15	74	78	110	115	143	173	183	191	197	260	
2	20	95	190	252	267	300	341	418	436	474	475	528	
3	38	39	136	144	162	187	253	255	331	399	460	538	
4	49	332	364	429	465	472	485	496	529	530	555	575	
5	96	102	145	210	223	271	310	343	402	413	470	497	
6	23	58	165	229	306	309	317	367	401	409	487	501	
7	18	22	40	138	140	188	281	347	444	481	514	525	
8	69	92	150	303	305	363	434	435	567	568	595	599	
9	25	55	169	180	207	232	237	259	272	283	302	330	
10	107	152	161	171	178	201	241	275	313	321	375	388	
11	41	108	122	129	172	327	356	441	455	541	569	572	
12	4	19	26	66	85	90	182	184	337	339	395	423	
13	42	62	70	94	123	167	282	357	486	490	510	532	
14	81	93	146	205	346	368	382	425	467	521	564	576	
15	80	208	218	277	278	312	437	440	479	504	566	581	
16	34	35	114	156	174	290	293	478	563	570	578	588	
17	8	21	73	82	159	270	338	361	405	419	492	519	
18	44	68	103	175	177	244	249	273	304	349	365	407	
19	76	83	196	198	222	233	297	335	410	480	503	553	
20	29	57	109	265	334	391	546	574	585	586	590	597	
21	27	79	99	147	257	287	316	333	352	371	396	507	
22	71	142	195	299	318	384	489	505	506	513	515	516	
23	17	45	228	236	286	452	511	512	587	596	598	600	
24	51	64	100	101	111	269	285	314	323	424	445	502	
25	60	158	179	212	245	322	372	406	420	453	469	495	
26	16	54	120	151	154	163	226	295	336	374	380	439	
27	14	33	112	132	206	209	348	482	483	517	522	537	
28	12	97	135	213	215	243	320	342	350	390	427	491	
29	3	37	53	119	186	193	240	254	280	421	426	484	
30	10	30	56	124	131	134	157	211	219	220	251	454	
31	63	88	91	130	225	344	461	535	551	579	582	594	
32	31	32	43	117	202	231	351	366	377	393	398	417	
33	46	104	133	137	199	216	354	412	414	458	459	464	
34	87	153	164	221	238	292	311	328	329	385	392	432	
35	6	194	248	324	373	457	466	494	518	524	527	548	
36	59	89	141	181	307	381	389	394	404	422	493	500	
37	118	128	204	261	296	360	383	386	411	431	433	456	
38	84	98	126	139	192	234	268	279	298	325	358	403	
39	1	48	75	446	448	451	488	545	589	591	592	593	
40	13	116	166	168	235	263	301	315	378	430	463	471	
41	9	106	121	203	247	258	294	345	400	561	565	571	
42	36	61	72	224	230	428	462	526	536	558	580	584	
43	7	28	149	160	217	242	359	387	438	509	523	544	
44	24	170	284	289	326	379	508	531	547	549	552	577	
45	65	67	77	105	214	239	262	264	266	288	319	370	
46	113	176	185	189	415	450	476	499	534	539	543	573	
47	2	227	246	250	256	443	447	477	542	550	557	560	
48	11	47	52	353	397	408	416	533	554	556	562	583	
49	50	86	125	127	200	274	291	308	340	449	473	498	
50	148	155	276	355	362	369	376	442	468	520	540	559	

1	0	1	0	1	0	1	0	1	0	1	0	1	0	1	0	1	0	1	0	1	0	
1	0	0	1	0	1	0	1	0	1	0	0	1	1	0	1	0	1	0	1	0	1	
1	0	1	0	0	1	0	1	0	1	0	0	1	0	1	1	0	1	0	1	0	1	
1	0	1	0	1	0	0	1	0	1	0	0	1	0	1	0	1	1	0	1	0	1	
1	0	1	0	1	0	1	0	0	1	0	0	1	0	1	0	1	0	1	1	0	1	
1	0	1	0	1	0	1	0	1	0	0	0	1	0	1	0	1	0	1	0	1	1	
0	1	0	1	0	1	0	1	0	1	0	1	0	1	0	1	0	1	0	1	0	1	
0	1	1	0	1	0	1	0	1	0	1	1	0	0	1	0	1	0	1	0	1	0	
0	1	0	1	1	0	1	0	1	0	1	1	0	1	0	0	1	0	1	0	1	0	
0	1	0	1	0	1	1	0	1	0	1	1	0	1	0	1	0	0	1	0	1	0	
0	1	0	1	0	1	0	1	1	0	1	1	0	1	0	1	0	1	0	0	1	0	
0	1	0	1	0	1	0	1	0	1	1	1	0	1	0	1	0	1	0	1	0	0	
