600	50	80	12

3	3	242	236	141	
8	4	459	350	94	212	380	257	241	129	
6	3	332	486	545	515	422	187	
9	6	223	155	331	284	326	520	293	505	476	
11	7	556	133	253	479	341	337	107	470	209	85	207	
4	4	111	502	543	472	
11	7	488	235	86	539	413	465	222	47	477	151	581	
9	2	393	42	591	239	8	423	62	6	421	
6	1	190	206	335	250	338	566	
7	3	351	172	429	43	405	13	328	
6	3	237	73	324	397	11	274	
9	2	572	278	142	528	368	411	387	549	456	
8	2	74	182	562	159	5	226	399	97	
8	3	554	551	345	438	213	466	68	4	
9	2	113	266	251	403	280	342	41	204	536	
13	4	93	44	131	599	314	579	593	234	382	76	210	229	586	
6	4	478	29	530	116	99	336	
8	2	400	148	510	252	152	402	406	474	
10	3	493	595	497	565	126	110	145	571	134	67	
6	5	286	177	65	463	23	410	
7	1	119	92	186	582	36	424	263	
4	1	514	34	138	318	
10	5	185	330	373	100	552	240	426	343	360	48	
8	3	214	153	57	385	453	301	584	244	
8	3	596	590	312	442	576	460	444	12	
4	1	276	169	81	105	
9	5	546	217	298	39	300	323	104	219	451	
7	2	243	548	467	431	585	357	275	
7	4	120	124	230	578	106	575	481	
14	6	114	526	495	334	3	258	416	347	246	517	296	299	149	309	
7	4	137	54	542	245	457	378	260	
4	1	19	364	511	547	
7	1	394	225	468	563	181	404	567	
6	4	196	558	417	287	291	50	
8	4	568	592	118	49	333	38	375	455	
4	1	589	58	69	140	
10	4	193	305	353	231	218	570	329	541	96	447	
5	4	419	256	443	192	418	
9	3	146	480	10	512	449	524	166	577	154	
9	2	128	597	325	82	37	195	532	103	439	
6	1	313	26	52	436	88	132	
6	1	507	462	143	135	425	587	
7	1	304	583	390	498	344	33	20	
8	4	317	359	580	376	46	267	32	379	
6	1	557	25	123	527	55	386	
8	2	211	122	435	553	445	534	14	130	
9	5	396	483	398	160	458	349	560	273	45	
11	7	492	409	290	203	355	28	265	427	163	356	184	
9	6	271	40	384	523	302	506	198	504	35	
7	4	289	80	227	362	199	125	501	
9	4	170	559	433	277	521	79	127	112	339	
5	3	15	167	297	354	369	
8	6	254	221	489	366	598	503	60	469	
7	1	519	522	303	574	454	383	183	
7	4	395	588	461	389	238	59	270	
8	5	544	205	156	279	529	319	322	392	
6	1	381	16	150	485	594	281	
11	4	262	295	202	228	176	320	27	216	388	537	168	
11	3	450	363	573	157	197	264	420	56	98	164	518	
7	3	1	75	139	340	348	175	272	
7	2	292	63	165	71	294	327	147	
9	6	365	475	408	535	84	89	7	564	18	
5	4	30	22	434	550	288	
9	6	282	415	248	428	311	430	70	174	513	
7	5	367	285	482	487	2	500	72	
7	4	188	158	538	189	316	310	441	
7	5	247	201	496	440	51	249	352	
5	4	509	448	232	191	161	
6	3	464	194	361	102	283	315	
9	3	531	437	61	412	117	499	372	171	115	
9	3	268	261	162	346	87	101	83	494	484	
11	6	108	371	109	178	200	53	516	452	358	432	490	
4	2	407	307	121	540	
4	2	473	533	144	561	
8	4	136	91	173	24	259	21	31	78	
9	5	66	321	600	180	306	525	308	77	220	
4	3	208	446	391	471	
9	4	569	64	255	414	374	269	90	377	491	
1	1	17	
10	4	224	508	370	9	179	95	401	555	215	233	

1	93	185	211	214	268	394	395	396	450	473	488	554	
2	19	74	113	128	188	223	224	242	247	254	271	304	
3	114	119	190	266	286	289	419	493	508	531	546	556	
4	1	111	133	146	206	217	261	393	544	568	596	597	
5	30	80	201	205	208	237	253	262	292	313	332	507	
6	40	42	44	63	108	120	156	170	221	295	298	317	
7	39	478	479	492	509	526	559	569	589	590	591	595	
8	17	58	137	202	225	235	279	330	363	370	381	384	
9	15	26	236	341	407	462	468	495	523	573	583	592	
10	75	86	92	136	153	182	228	243	251	364	365	409	
11	9	64	91	239	334	359	390	446	459	502	539	548	
12	3	52	73	124	157	162	193	335	351	400	437	480	
13	16	57	118	122	131	148	155	255	290	300	467	519	
14	22	61	177	179	203	371	373	413	414	486	489	510	
15	54	197	258	337	346	385	433	475	483	497	557	580	
16	25	65	95	109	139	172	227	331	350	355	374	408	
17	49	66	87	123	176	230	252	256	282	324	325	367	
18	94	107	150	152	173	285	321	333	403	463	545	562	
19	101	143	159	212	277	305	429	431	465	482	496	515	
20	10	28	29	43	100	186	302	366	398	416	514	522	
21	165	280	380	412	506	521	527	565	572	598	599	600	
22	24	38	167	222	264	303	415	470	529	551	563	588	
23	5	34	82	278	323	342	435	453	464	543	552	578	
24	178	181	284	301	307	397	402	405	443	485	487	535	
25	37	41	126	142	194	196	240	250	297	314	353	434	
26	8	117	231	326	340	362	376	436	512	574	579	584	
27	141	195	248	257	338	528	542	558	582	585	593	594	
28	46	71	84	180	234	259	276	357	375	428	449	461	
29	79	104	121	158	209	245	311	319	345	347	368	422	
30	13	106	204	265	320	361	382	417	420	472	498	499	
31	2	47	85	89	110	246	269	294	457	532	550	553	
32	7	138	187	198	199	218	241	287	306	322	423	426	
33	21	23	36	83	160	200	226	291	344	389	401	430	
34	53	127	145	169	192	238	327	378	391	427	438	448	
35	50	135	312	348	372	440	455	458	516	517	520	533	
36	56	59	81	112	125	213	267	418	494	504	525	530	
37	11	27	171	442	477	501	503	524	538	555	570	571	
38	33	51	98	115	151	163	215	232	343	354	399	425	
39	70	76	191	293	296	308	360	406	454	466	511	564	
40	32	68	69	77	88	116	144	164	210	244	249	299	
41	55	90	99	102	103	134	147	149	189	318	349	356	
42	18	31	62	175	216	270	309	316	328	411	471	500	
43	233	310	329	336	369	379	387	410	445	536	540	561	
44	6	48	129	229	377	452	484	534	541	560	576	587	
45	60	67	207	219	283	388	404	439	441	460	474	491	
46	78	161	166	174	220	339	383	444	469	567	575	581	
47	14	96	97	105	272	273	281	358	537	547	549	577	
48	132	140	154	184	386	392	424	432	505	518	566	586	
49	4	20	35	45	72	130	183	274	275	481	490	513	
50	12	168	260	263	288	315	352	421	447	451	456	476	

1	0	1	0	1	0	1	0	1	0	1	0	1	0	1	0	1	0	1	0	1	0	
1	0	0	1	0	1	0	1	0	1	0	0	1	1	0	1	0	1	0	1	0	1	
1	0	1	0	0	1	0	1	0	1	0	0	1	0	1	1	0	1	0	1	0	1	
1	0	1	0	1	0	0	1	0	1	0	0	1	0	1	0	1	1	0	1	0	1	
1	0	1	0	1	0	1	0	0	1	0	0	1	0	1	0	1	0	1	1	0	1	
1	0	1	0	1	0	1	0	1	0	0	0	1	0	1	0	1	0	1	0	1	1	
0	1	0	1	0	1	0	1	0	1	0	1	0	1	0	1	0	1	0	1	0	1	
0	1	1	0	1	0	1	0	1	0	1	1	0	0	1	0	1	0	1	0	1	0	
0	1	0	1	1	0	1	0	1	0	1	1	0	1	0	0	1	0	1	0	1	0	
0	1	0	1	0	1	1	0	1	0	1	1	0	1	0	1	0	0	1	0	1	0	
0	1	0	1	0	1	0	1	1	0	1	1	0	1	0	1	0	1	0	0	1	0	
0	1	0	1	0	1	0	1	0	1	1	1	0	1	0	1	0	1	0	1	0	0	
