600	50	80	12

7	4	37	334	192	58	332	505	588	
5	4	387	78	569	278	275	
6	3	567	59	499	62	545	119	
5	4	301	593	457	217	444	
6	1	14	527	441	434	477	336	
6	5	253	24	311	343	389	423	
12	4	364	205	436	48	476	412	471	572	3	60	124	128	
8	6	151	571	413	552	167	67	475	179	
10	7	263	97	481	143	330	366	84	309	298	185	
5	1	36	267	222	435	190	
7	1	390	101	228	483	407	530	225	
8	6	90	388	540	260	198	410	213	235	
9	3	121	532	354	195	536	446	508	16	517	
4	2	564	321	326	211	
10	7	215	237	7	406	61	216	392	147	26	401	
6	2	306	284	581	442	493	197	
8	4	22	77	472	453	386	184	105	344	
10	7	256	13	52	529	226	142	89	271	76	183	
15	6	134	266	68	429	543	170	125	594	353	31	526	333	250	231	519	
9	3	111	502	108	240	559	510	20	247	94	
9	2	70	470	158	251	201	488	468	297	363	
6	3	136	232	580	29	227	595	
3	1	316	265	116	
3	3	174	397	294	
7	5	157	33	281	373	172	509	129	
6	4	395	561	589	138	96	258	
10	7	99	512	574	277	484	424	95	428	155	314	
7	3	193	80	496	131	286	327	514	
7	4	525	273	464	252	274	65	578	
8	2	71	467	440	345	66	416	208	307	
6	2	243	178	465	144	433	439	
2	2	308	285	
7	2	474	372	562	399	186	168	146	
5	4	176	140	381	57	591	
10	5	325	289	320	473	557	328	203	315	351	224	
10	7	141	56	49	554	153	349	9	393	576	242	
9	4	305	209	276	248	544	565	431	521	245	
3	1	498	566	396	
8	6	100	380	411	487	177	79	27	87	
8	3	120	219	403	513	377	346	547	335	
5	2	160	492	494	150	238	
11	7	287	454	579	568	340	122	359	169	137	490	358	
11	7	556	5	337	83	86	196	451	430	182	319	338	
7	5	220	491	180	115	426	331	202	
12	4	145	74	432	207	507	114	558	34	323	299	361	585	
11	5	50	371	486	449	40	385	223	313	117	329	541	
5	4	270	339	348	132	148	
9	6	417	191	28	221	460	368	438	290	291	
7	3	597	461	497	161	350	126	570	
8	4	379	443	524	51	41	230	546	369	
8	3	310	300	537	495	73	520	384	81	
9	4	518	355	469	375	542	233	200	458	370	
6	2	127	54	173	341	280	113	
4	1	42	342	599	102	
7	2	130	394	485	199	194	391	288	
9	5	269	360	408	261	459	535	503	324	39	
8	6	402	133	523	118	35	93	268	586	
7	1	478	427	383	347	356	600	582	
10	5	45	575	560	254	17	12	425	302	244	156	
5	2	584	1	6	283	405	
6	3	400	500	533	234	46	123	
7	3	206	212	404	462	563	246	109	
4	2	463	175	239	378	
7	4	19	583	152	522	21	98	188	
14	6	135	515	437	11	64	352	550	4	516	479	448	63	598	534	
9	6	551	255	549	398	501	25	159	72	91	
9	4	162	456	587	447	292	553	455	421	23	
8	4	69	229	480	422	303	590	322	506	
4	2	365	409	538	573	
6	1	75	489	163	282	382	272	
7	3	110	8	187	304	482	55	596	
14	6	214	415	112	92	504	18	181	577	103	367	414	53	38	279	
8	4	149	88	317	85	452	15	293	531	
8	2	32	210	164	10	236	139	528	154	
6	2	218	418	259	171	165	264	
8	6	204	104	249	82	241	450	44	30	
10	5	420	312	511	47	296	548	555	362	166	257	
6	2	107	106	466	592	295	43	
6	3	189	376	419	374	357	262	
4	1	318	445	539	2	

1	22	36	69	71	120	134	141	204	218	287	365	390	
2	77	90	110	135	145	162	174	219	256	270	310	417	
3	37	45	70	75	104	111	121	151	160	191	193	206	
4	28	42	50	80	214	249	269	420	467	489	515	556	
5	13	32	100	101	212	215	243	253	266	301	312	334	
6	52	74	99	107	325	364	395	418	498	532	567	571	
7	56	68	149	205	306	318	354	388	415	496	502	551	
8	130	157	192	195	210	289	300	305	360	379	429	440	
9	229	263	345	380	404	432	437	454	474	478	512	525	
10	5	178	209	413	436	463	480	518	529	537	543	575	
11	19	82	97	136	220	226	316	337	371	408	456	462	
12	49	127	163	228	255	320	372	394	470	540	574	583	
13	48	83	237	400	402	472	481	511	552	554	561	584	
14	7	8	112	153	164	276	308	443	476	483	491	492	
15	14	58	92	108	133	180	277	284	339	355	387	403	
16	11	260	465	486	495	504	527	549	560	589	593	597	
17	10	24	47	54	73	142	158	167	189	411	441	473	
18	106	173	176	240	248	398	422	449	513	557	579	587	
19	18	115	143	152	170	221	328	409	427	447	501	523	
20	40	64	181	207	251	285	332	406	407	461	469	500	
21	78	89	259	261	265	267	397	412	485	497	507	538	
22	25	66	236	385	459	466	524	536	544	562	569	577	
23	51	61	125	144	201	254	330	352	377	457	484	487	
24	17	33	88	103	131	139	175	216	241	273	303	341	
25	59	296	367	375	426	522	528	535	559	565	568	573	
26	222	239	281	340	424	446	510	542	550	563	581	590	
27	1	12	118	138	140	282	294	342	366	416	460	499	
28	95	159	161	198	203	232	271	471	533	592	594	599	
29	4	35	86	122	295	322	368	373	382	433	434	464	
30	41	187	223	280	317	346	349	488	494	516	520	580	
31	20	84	85	96	113	196	217	230	350	381	414	450	
32	171	208	234	258	292	353	384	410	442	505	547	548	
33	9	31	81	114	199	286	309	315	376	399	431	438	
34	62	177	213	351	479	493	530	553	555	558	564	572	
35	6	43	44	79	278	393	419	453	468	506	508	521	
36	150	245	304	311	331	359	374	448	451	546	566	576	
37	27	30	34	53	67	233	283	313	362	428	435	526	
38	3	16	38	166	307	323	348	378	386	392	430	455	
39	76	93	147	155	224	235	246	298	333	439	445	452	
40	165	169	184	200	257	275	369	425	475	503	539	545	
41	15	21	72	117	132	172	182	194	252	290	324	343	
42	29	247	250	297	302	321	383	389	396	405	444	477	
43	94	126	148	154	179	268	274	314	327	329	363	421	
44	2	46	63	65	91	98	183	185	186	202	231	242	
45	60	105	109	168	188	279	293	326	347	509	514	519	
46	26	87	119	124	137	225	227	244	299	344	356	391	
47	102	128	129	357	458	482	490	578	586	595	598	600	
48	39	55	57	146	156	190	211	264	319	361	401	423	
49	197	238	262	272	291	335	338	370	531	534	591	596	
50	23	116	123	288	336	358	517	541	570	582	585	588	

1	0	1	0	1	0	1	0	1	0	1	0	1	0	1	0	1	0	1	0	1	0	
1	0	0	1	0	1	0	1	0	1	0	0	1	1	0	1	0	1	0	1	0	1	
1	0	1	0	0	1	0	1	0	1	0	0	1	0	1	1	0	1	0	1	0	1	
1	0	1	0	1	0	0	1	0	1	0	0	1	0	1	0	1	1	0	1	0	1	
1	0	1	0	1	0	1	0	0	1	0	0	1	0	1	0	1	0	1	1	0	1	
1	0	1	0	1	0	1	0	1	0	0	0	1	0	1	0	1	0	1	0	1	1	
0	1	0	1	0	1	0	1	0	1	0	1	0	1	0	1	0	1	0	1	0	1	
0	1	1	0	1	0	1	0	1	0	1	1	0	0	1	0	1	0	1	0	1	0	
0	1	0	1	1	0	1	0	1	0	1	1	0	1	0	0	1	0	1	0	1	0	
0	1	0	1	0	1	1	0	1	0	1	1	0	1	0	1	0	0	1	0	1	0	
0	1	0	1	0	1	0	1	1	0	1	1	0	1	0	1	0	1	0	0	1	0	
0	1	0	1	0	1	0	1	0	1	1	1	0	1	0	1	0	1	0	1	0	0	
