600	50	80	12

5	2	247	292	566	536	255	
4	4	127	313	14	495	
11	5	545	577	194	5	491	28	573	183	576	330	462	
7	4	430	77	307	197	186	400	118	
10	7	540	126	451	325	379	97	103	95	318	262	
12	7	475	276	35	434	63	422	450	385	263	166	250	562	
9	6	595	592	456	258	389	423	433	125	360	
8	4	17	470	270	32	563	41	461	579	
11	6	82	193	50	305	241	51	525	498	138	520	286	
12	6	327	113	352	209	382	9	528	12	84	446	426	333	
6	1	506	515	21	396	275	548	
10	5	558	83	442	572	588	210	280	73	557	248	
5	2	494	415	130	284	234	
8	4	513	24	369	554	583	180	159	585	
6	5	337	33	93	220	341	206	
10	3	279	75	257	466	11	523	365	459	326	571	
8	2	483	514	371	319	212	519	449	72	
6	5	55	66	290	155	171	496	
6	1	116	207	552	225	137	163	
8	2	195	296	438	119	394	302	567	499	
8	2	440	504	135	308	507	581	510	78	
6	3	156	56	516	117	151	213	
4	3	18	289	131	177	
7	2	145	416	71	112	30	508	203	
9	6	96	153	544	36	172	368	482	48	322	
6	2	428	281	370	174	69	259	
10	3	488	526	79	328	100	188	381	342	338	593	
8	4	6	62	52	228	274	321	323	49	
6	1	390	340	37	584	367	465	
3	3	527	564	391	
11	5	175	189	346	252	406	87	457	231	530	512	238	
6	1	537	533	467	182	591	398	
3	3	575	419	1	
10	4	272	492	65	88	348	350	532	200	134	448	
7	1	288	167	217	316	176	76	458	
10	4	38	547	60	320	142	273	20	427	497	387	
6	4	298	226	237	412	444	329	
9	6	578	403	395	271	169	4	139	211	251	
12	8	242	294	343	310	560	589	464	216	196	524	146	291	
4	2	455	219	215	230	
7	4	355	485	129	136	535	303	521	
8	4	582	19	402	27	344	184	479	124	
4	1	57	185	128	417	
11	7	542	407	481	266	468	543	314	374	487	358	445	
11	6	89	74	59	383	366	443	478	359	598	31	149	
7	5	85	299	192	375	152	373	432	
13	7	356	199	67	181	550	2	223	46	133	490	357	243	285	
6	2	555	158	354	587	150	3	
6	4	484	80	245	596	122	600	
5	2	471	410	538	463	229	
4	4	384	260	233	81	
8	5	232	143	121	435	106	518	115	222	
11	3	164	556	397	509	205	565	437	160	324	98	218	
6	3	590	244	339	522	599	254	
8	5	306	90	460	123	559	141	335	376	
7	5	501	265	421	546	539	26	361	
5	3	489	253	392	15	101	
6	2	300	44	256	191	224	283	
12	4	29	239	473	317	287	147	235	16	140	227	549	7	
8	5	61	240	574	8	40	178	401	411	
7	5	570	161	372	502	493	269	424	
11	3	92	179	278	353	297	405	70	429	568	261	380	
3	2	311	34	204	
8	4	47	334	418	111	58	336	378	474	
4	3	439	553	165	45	
8	2	162	148	345	91	452	409	64	246	
7	1	362	104	315	480	447	505	594	
7	2	249	529	500	157	531	347	221	
3	3	351	110	413	
6	4	476	264	107	202	267	393	
7	3	108	386	39	477	454	312	23	
8	6	436	168	13	144	408	561	586	154	
16	6	597	349	569	53	42	10	404	120	551	198	441	109	425	304	22	301	
5	3	190	364	377	99	420	
9	5	486	472	388	517	293	208	102	43	236	
6	5	431	277	580	503	105	25	
6	1	534	331	114	399	332	132	
5	3	68	268	541	214	453	
7	4	414	511	187	170	282	173	201	
7	1	94	295	309	54	469	363	86	

1	38	116	242	475	476	534	558	570	575	582	595	597	
2	6	17	92	161	164	294	298	355	483	540	545	555	
3	18	29	179	272	327	542	547	556	577	578	590	592	
4	47	55	61	96	239	244	300	428	436	456	471	514	
5	19	57	94	190	194	240	258	306	343	349	397	470	
6	83	108	126	156	158	195	247	270	339	407	484	489	
7	85	232	249	292	295	296	364	414	440	492	494	501	
8	65	82	113	153	162	175	253	386	402	415	451	473	
9	278	288	331	337	351	389	403	486	509	529	544	569	
10	5	27	68	88	89	167	189	279	352	353	356	392	
11	36	148	199	276	346	390	455	472	481	485	488	491	
12	15	75	80	129	172	185	217	309	311	410	430	431	
13	53	66	67	74	114	130	265	266	297	317	340	438	
14	60	119	193	205	209	264	287	316	348	372	388	395	
15	28	32	42	50	90	101	271	320	506	537	565	566	
16	39	59	143	207	257	284	334	362	442	511	515	527	
17	35	77	104	107	142	169	245	310	325	345	382	423	
18	10	21	44	56	136	394	405	468	500	517	526	552	
19	305	404	434	437	502	516	538	560	563	572	573	574	
20	121	157	181	234	256	268	293	299	350	379	383	418	
21	9	33	37	54	91	208	307	433	522	588	589	596	
22	62	183	225	226	277	290	396	464	504	531	532	533	
23	8	117	135	219	354	377	399	419	435	460	463	466	
24	79	111	120	168	176	252	332	347	421	513	543	587	
25	13	127	145	160	289	308	541	550	551	564	576	584	
26	40	93	99	237	241	275	330	371	406	452	493	528	
27	2	12	52	87	123	147	151	155	202	215	216	220	
28	24	97	106	191	196	198	210	221	223	319	328	368	
29	58	192	230	281	344	367	369	409	469	536	546	559	
30	34	46	63	70	144	213	228	235	391	441	482	518	
31	16	84	110	212	269	273	315	375	412	422	429	439	
32	4	11	20	41	51	103	133	137	152	187	224	313	
33	14	140	178	280	302	336	384	408	507	523	535	539	
34	73	139	444	450	480	490	519	524	553	567	580	581	
35	26	100	141	314	385	416	446	457	461	477	548	554	
36	109	163	214	229	231	263	274	303	329	373	503	525	
37	71	150	200	324	363	425	447	467	530	557	568	583	
38	64	122	146	170	204	211	227	255	283	357	361	420	
39	48	86	95	112	197	251	291	321	365	366	454	498	
40	102	165	182	246	248	261	282	304	374	424	443	465	
41	76	105	128	131	138	166	180	184	341	401	459	487	
42	115	188	206	267	322	427	458	478	499	505	510	549	
43	30	125	173	177	260	326	335	370	378	413	521	561	
44	22	98	134	159	174	312	359	381	432	449	495	520	
45	479	497	508	512	579	585	586	591	594	598	599	600	
46	43	45	72	154	186	222	238	243	254	318	323	387	
47	3	25	69	203	250	285	342	358	376	393	400	426	
48	1	7	23	31	171	233	333	338	380	398	411	445	
49	78	124	218	301	360	417	448	453	462	562	571	593	
50	49	81	118	132	149	201	236	259	262	286	474	496	

1	0	1	0	1	0	1	0	1	0	1	0	1	0	1	0	1	0	1	0	1	0	
1	0	0	1	0	1	0	1	0	1	0	0	1	1	0	1	0	1	0	1	0	1	
1	0	1	0	0	1	0	1	0	1	0	0	1	0	1	1	0	1	0	1	0	1	
1	0	1	0	1	0	0	1	0	1	0	0	1	0	1	0	1	1	0	1	0	1	
1	0	1	0	1	0	1	0	0	1	0	0	1	0	1	0	1	0	1	1	0	1	
1	0	1	0	1	0	1	0	1	0	0	0	1	0	1	0	1	0	1	0	1	1	
0	1	0	1	0	1	0	1	0	1	0	1	0	1	0	1	0	1	0	1	0	1	
0	1	1	0	1	0	1	0	1	0	1	1	0	0	1	0	1	0	1	0	1	0	
0	1	0	1	1	0	1	0	1	0	1	1	0	1	0	0	1	0	1	0	1	0	
0	1	0	1	0	1	1	0	1	0	1	1	0	1	0	1	0	0	1	0	1	0	
0	1	0	1	0	1	0	1	1	0	1	1	0	1	0	1	0	1	0	0	1	0	
0	1	0	1	0	1	0	1	0	1	1	1	0	1	0	1	0	1	0	1	0	0	
