600	50	80	12

11	7	547	63	481	192	439	466	83	425	497	60	74	
8	5	225	185	426	4	502	509	322	252	
7	1	234	556	250	545	528	70	52	
2	2	25	300	
7	5	285	237	172	289	582	375	35	
10	5	520	76	155	279	412	199	592	564	563	430	
6	3	119	301	142	303	383	333	
11	6	436	407	351	232	432	64	19	572	249	8	543	
8	6	213	235	585	9	538	462	442	54	
14	7	286	188	552	437	505	251	570	197	541	227	345	479	513	248	
7	3	179	540	230	368	98	554	131	
5	3	395	71	519	366	273	
7	3	503	416	30	370	414	459	108	
4	4	77	498	92	15	
5	3	398	517	130	107	2	
7	1	78	91	546	37	156	66	484	
6	3	326	561	493	573	344	292	
4	3	597	569	5	360	
3	1	226	467	67	
6	5	125	446	221	294	347	391	
9	6	174	269	349	105	215	138	128	256	75	
14	7	144	488	165	240	550	490	260	79	217	450	350	385	167	306	
7	4	147	223	176	384	518	17	553	
7	4	372	487	210	311	103	580	334	
10	3	590	72	43	482	591	109	409	73	59	104	
10	6	454	405	177	3	258	382	589	433	577	133	
7	2	449	181	417	515	485	332	555	
5	1	578	367	136	23	173	
5	4	496	189	343	494	11	
10	3	120	413	483	29	118	374	87	429	340	435	
10	6	575	452	495	154	134	312	460	297	145	68	
7	5	568	231	298	143	93	369	583	
13	5	293	97	566	359	397	166	261	272	516	123	323	361	82	
10	5	341	207	458	431	544	331	247	364	254	471	
4	2	396	106	348	378	
9	2	474	18	178	522	20	284	41	357	584	
9	6	308	319	388	257	114	152	477	86	121	
8	5	238	521	299	27	271	325	595	170	
7	4	85	526	194	421	358	456	6	
13	4	282	415	362	463	233	239	512	283	84	203	186	406	469	
5	1	69	65	419	296	560	
7	3	245	100	448	182	381	511	365	
6	1	408	499	141	198	468	281	
7	5	410	422	127	387	219	599	337	
11	7	1	209	530	527	164	329	132	403	514	101	438	
10	7	373	451	321	140	193	208	307	204	510	222	
12	5	161	243	476	112	316	21	10	162	200	444	26	576	
4	1	470	228	399	506	
7	1	562	220	7	113	88	475	400	
9	5	183	61	304	537	202	49	34	356	262	
3	1	420	571	557	
7	5	55	314	320	600	117	371	139	
4	2	46	211	533	594	
12	6	598	593	159	62	394	558	427	201	99	32	531	277	
9	4	214	542	28	363	423	389	50	393	310	
5	2	90	95	89	455	259	
3	2	441	212	434	
6	5	163	352	36	241	268	532	
8	3	236	184	191	535	205	45	242	149	
12	7	96	195	390	418	478	313	291	33	24	150	263	551	
7	3	596	31	486	377	480	379	315	
6	2	290	295	539	524	255	346	
4	1	424	39	274	216	
6	3	48	401	335	110	523	122	
5	4	386	342	81	53	116	
5	1	94	276	336	171	180	
4	3	158	525	529	392	
10	3	218	567	472	137	309	287	338	244	548	464	
4	4	491	302	229	278	
9	4	16	58	168	473	169	111	565	157	115	
10	6	443	42	206	265	40	586	353	411	380	275	
11	7	47	267	404	124	317	160	534	151	146	129	305	
5	1	12	175	355	56	428	
7	1	440	318	264	500	13	153	330	
4	2	504	57	376	501	
6	1	135	453	126	447	507	457	
9	6	280	51	266	354	461	246	445	102	196	
8	5	190	324	187	44	581	253	38	14	
9	3	339	574	327	22	224	402	80	148	489	
12	6	270	579	508	328	536	288	587	549	588	492	559	465	

1	16	46	90	96	120	179	225	238	270	282	326	373	
2	55	94	195	341	449	520	547	561	568	575	579	590	
3	58	135	158	161	183	218	234	245	290	339	440	454	
4	63	72	76	77	125	190	276	286	293	295	405	451	
5	1	174	214	236	372	390	408	491	503	562	597	598	
6	48	85	100	188	243	269	318	398	410	413	420	436	
7	47	184	185	207	209	446	476	483	487	517	593	596	
8	97	112	130	177	415	416	453	508	539	567	574	578	
9	30	168	302	321	349	418	426	441	474	540	552	566	
10	4	43	105	144	328	359	437	443	458	498	542	556	
11	3	42	119	159	181	226	267	362	386	472	505	521	
12	140	215	221	230	324	367	401	448	478	488	499	530	
13	141	206	231	251	264	335	336	395	473	524	527	536	
14	69	78	137	182	193	210	250	285	298	422	424	463	
15	31	65	136	138	147	191	198	233	265	280	404	407	
16	12	28	51	163	165	169	223	258	299	308	314	417	
17	39	40	62	155	240	266	288	351	352	481	486	535	
18	127	164	208	211	232	313	319	354	452	493	496	550	
19	61	91	124	143	279	291	327	329	394	396	397	419	
20	166	213	229	304	320	377	412	461	470	500	533	546	
21	95	128	189	220	301	307	317	342	482	490	504	526	
22	22	36	89	132	175	246	256	261	363	368	387	431	
23	192	194	199	235	239	260	343	370	381	382	502	537	
24	7	13	37	126	212	237	296	421	423	495	545	585	
25	18	23	33	71	81	107	176	187	202	309	355	432	
26	29	44	49	79	92	106	111	154	172	178	219	241	
27	64	110	384	522	528	544	558	560	569	587	589	600	
28	9	19	24	25	34	57	134	160	224	316	427	433	
29	27	70	173	201	274	289	311	402	480	515	549	577	
30	312	389	447	485	572	573	582	586	588	591	592	599	
31	98	113	205	272	375	414	439	509	512	518	519	525	
32	20	99	109	117	142	217	268	300	331	445	459	516	
33	21	93	123	332	344	356	379	409	492	523	532	538	
34	35	45	118	171	204	247	271	283	323	369	376	403	
35	10	50	102	150	249	292	374	388	434	450	460	466	
36	80	87	162	242	257	262	287	371	534	564	570	571	
37	15	180	284	294	348	358	455	462	494	510	514	529	
38	83	228	255	278	315	347	350	353	429	557	565	581	
39	8	53	56	101	139	148	149	253	259	338	399	411	
40	41	52	151	197	200	244	297	322	364	385	391	393	
41	32	84	108	156	216	254	310	337	361	366	425	444	
42	5	103	116	122	157	303	378	380	467	468	541	555	
43	11	66	73	114	146	222	227	252	281	428	497	531	
44	26	59	88	129	152	203	357	471	501	543	554	594	
45	38	60	115	196	345	383	489	507	548	559	563	580	
46	17	75	104	167	186	263	325	333	430	442	465	583	
47	133	273	334	392	406	456	457	475	477	479	484	511	
48	54	86	145	340	365	464	469	506	513	576	584	595	
49	2	6	14	67	68	74	121	131	153	305	346	360	
50	82	170	248	275	277	306	330	400	435	438	551	553	

1	0	1	0	1	0	1	0	1	0	1	0	1	0	1	0	1	0	1	0	1	0	
1	0	0	1	0	1	0	1	0	1	0	0	1	1	0	1	0	1	0	1	0	1	
1	0	1	0	0	1	0	1	0	1	0	0	1	0	1	1	0	1	0	1	0	1	
1	0	1	0	1	0	0	1	0	1	0	0	1	0	1	0	1	1	0	1	0	1	
1	0	1	0	1	0	1	0	0	1	0	0	1	0	1	0	1	0	1	1	0	1	
1	0	1	0	1	0	1	0	1	0	0	0	1	0	1	0	1	0	1	0	1	1	
0	1	0	1	0	1	0	1	0	1	0	1	0	1	0	1	0	1	0	1	0	1	
0	1	1	0	1	0	1	0	1	0	1	1	0	0	1	0	1	0	1	0	1	0	
0	1	0	1	1	0	1	0	1	0	1	1	0	1	0	0	1	0	1	0	1	0	
0	1	0	1	0	1	1	0	1	0	1	1	0	1	0	1	0	0	1	0	1	0	
0	1	0	1	0	1	0	1	1	0	1	1	0	1	0	1	0	1	0	0	1	0	
0	1	0	1	0	1	0	1	0	1	1	1	0	1	0	1	0	1	0	1	0	0	
