72	6	15	12

5	2	71	48	27	53	34	
5	2	49	20	28	19	12	
5	1	4	43	58	1	35	
3	2	37	70	5	
4	1	2	63	10	57	
4	2	40	18	64	67	
3	3	17	52	59	
5	3	47	65	51	45	6	
5	3	55	61	54	36	11	
5	2	25	22	26	29	23	
6	2	69	21	14	41	31	13	
6	5	68	30	56	15	46	9	
6	3	42	38	33	39	62	8	
5	2	16	60	66	44	24	
5	2	72	7	32	50	3	

1	2	16	17	25	40	42	49	55	68	69	71	72	
2	4	7	18	20	21	22	30	38	47	48	60	61	
3	14	28	33	37	43	52	54	56	63	64	65	66	
4	10	15	19	26	27	32	36	39	41	51	58	59	
5	1	29	31	44	45	46	50	53	57	62	67	70	
6	3	5	6	8	9	11	12	13	23	24	34	35	

1	0	1	0	1	0	1	0	1	0	1	0	1	0	1	0	1	0	1	0	1	0	
1	0	0	1	0	1	0	1	0	1	0	0	1	1	0	1	0	1	0	1	0	1	
1	0	1	0	0	1	0	1	0	1	0	0	1	0	1	1	0	1	0	1	0	1	
1	0	1	0	1	0	0	1	0	1	0	0	1	0	1	0	1	1	0	1	0	1	
1	0	1	0	1	0	1	0	0	1	0	0	1	0	1	0	1	0	1	1	0	1	
1	0	1	0	1	0	1	0	1	0	0	0	1	0	1	0	1	0	1	0	1	1	
0	1	0	1	0	1	0	1	0	1	0	1	0	1	0	1	0	1	0	1	0	1	
0	1	1	0	1	0	1	0	1	0	1	1	0	0	1	0	1	0	1	0	1	0	
0	1	0	1	1	0	1	0	1	0	1	1	0	1	0	0	1	0	1	0	1	0	
0	1	0	1	0	1	1	0	1	0	1	1	0	1	0	1	0	0	1	0	1	0	
0	1	0	1	0	1	0	1	1	0	1	1	0	1	0	1	0	1	0	0	1	0	
0	1	0	1	0	1	0	1	0	1	1	1	0	1	0	1	0	1	0	1	0	0	
