72	6	15	12

6	4	43	48	49	72	8	54	
5	3	22	57	64	65	34	
6	2	11	71	33	66	29	25	
5	2	50	14	63	46	36	
6	3	20	27	12	44	53	32	
5	3	30	69	60	6	18	
6	5	41	13	31	10	19	45	
5	3	42	38	9	24	2	
6	5	39	70	3	55	23	4	
5	1	28	58	5	37	40	
4	2	7	59	16	61	
4	4	52	26	17	21	
3	1	15	67	56	
3	2	35	1	51	
3	1	62	68	47	

1	7	11	15	20	22	30	35	39	41	43	50	62	
2	13	14	27	28	42	48	52	57	68	69	70	71	
3	3	12	31	33	38	49	58	59	60	63	64	67	
4	5	6	9	10	16	26	44	46	55	65	66	72	
5	1	8	17	19	23	24	29	37	47	53	56	61	
6	2	4	18	21	25	32	34	36	40	45	51	54	

1	0	1	0	1	0	1	0	1	0	1	0	1	0	1	0	1	0	1	0	1	0	
1	0	0	1	0	1	0	1	0	1	0	0	1	1	0	1	0	1	0	1	0	1	
1	0	1	0	0	1	0	1	0	1	0	0	1	0	1	1	0	1	0	1	0	1	
1	0	1	0	1	0	0	1	0	1	0	0	1	0	1	0	1	1	0	1	0	1	
1	0	1	0	1	0	1	0	0	1	0	0	1	0	1	0	1	0	1	1	0	1	
1	0	1	0	1	0	1	0	1	0	0	0	1	0	1	0	1	0	1	0	1	1	
0	1	0	1	0	1	0	1	0	1	0	1	0	1	0	1	0	1	0	1	0	1	
0	1	1	0	1	0	1	0	1	0	1	1	0	0	1	0	1	0	1	0	1	0	
0	1	0	1	1	0	1	0	1	0	1	1	0	1	0	0	1	0	1	0	1	0	
0	1	0	1	0	1	1	0	1	0	1	1	0	1	0	1	0	0	1	0	1	0	
0	1	0	1	0	1	0	1	1	0	1	1	0	1	0	1	0	1	0	0	1	0	
0	1	0	1	0	1	0	1	0	1	1	1	0	1	0	1	0	1	0	1	0	0	
