72	6	15	12

6	2	31	39	7	29	16	58	
6	3	69	43	17	21	65	28	
4	1	1	10	34	59	
4	2	70	45	9	61	
5	2	68	25	57	14	23	
4	4	44	19	12	24	
5	2	33	20	18	6	15	
4	3	38	40	62	64	
5	2	47	41	13	2	35	
5	3	71	56	26	60	36	
6	4	72	51	46	3	27	8	
4	4	11	50	42	53	
3	1	55	52	63	
6	4	22	4	37	32	30	48	
5	1	49	5	66	67	54	

1	1	11	22	31	38	47	49	68	69	70	71	72	
2	4	5	10	25	33	39	40	41	43	44	45	51	
3	7	9	13	17	19	20	37	46	50	55	56	57	
4	3	12	14	18	21	26	29	32	34	42	52	66	
5	2	6	16	23	27	30	53	59	60	62	65	67	
6	8	15	24	28	35	36	48	54	58	61	63	64	

1	0	1	0	1	0	1	0	1	0	1	0	1	0	1	0	1	0	1	0	1	0	
1	0	0	1	0	1	0	1	0	1	0	0	1	1	0	1	0	1	0	1	0	1	
1	0	1	0	0	1	0	1	0	1	0	0	1	0	1	1	0	1	0	1	0	1	
1	0	1	0	1	0	0	1	0	1	0	0	1	0	1	0	1	1	0	1	0	1	
1	0	1	0	1	0	1	0	0	1	0	0	1	0	1	0	1	0	1	1	0	1	
1	0	1	0	1	0	1	0	1	0	0	0	1	0	1	0	1	0	1	0	1	1	
0	1	0	1	0	1	0	1	0	1	0	1	0	1	0	1	0	1	0	1	0	1	
0	1	1	0	1	0	1	0	1	0	1	1	0	0	1	0	1	0	1	0	1	0	
0	1	0	1	1	0	1	0	1	0	1	1	0	1	0	0	1	0	1	0	1	0	
0	1	0	1	0	1	1	0	1	0	1	1	0	1	0	1	0	0	1	0	1	0	
0	1	0	1	0	1	0	1	1	0	1	1	0	1	0	1	0	1	0	0	1	0	
0	1	0	1	0	1	0	1	0	1	1	1	0	1	0	1	0	1	0	1	0	0	
