72	6	15	12

4	3	30	33	71	7	
5	4	15	19	5	47	10	
6	5	36	3	2	54	61	63	
4	1	13	8	6	66	
5	4	11	34	51	72	48	
5	3	59	42	64	56	57	
6	4	37	29	53	70	18	22	
5	4	39	9	27	45	1	
4	4	28	67	38	58	
4	3	35	69	62	41	
4	2	32	16	12	52	
5	4	24	44	68	21	31	
4	4	17	40	60	55	
6	3	26	43	65	23	46	14	
5	4	20	25	50	49	4	

1	11	15	17	20	24	26	30	32	36	37	39	59	
2	3	13	19	25	28	29	33	34	35	40	43	44	
3	2	5	8	9	42	50	51	53	65	67	68	69	
4	6	16	23	27	38	49	54	62	64	70	71	72	
5	7	12	18	21	41	45	46	47	48	56	60	61	
6	1	4	10	14	22	31	52	55	57	58	63	66	

1	0	1	0	1	0	1	0	1	0	1	0	1	0	1	0	1	0	1	0	1	0	
1	0	0	1	0	1	0	1	0	1	0	0	1	1	0	1	0	1	0	1	0	1	
1	0	1	0	0	1	0	1	0	1	0	0	1	0	1	1	0	1	0	1	0	1	
1	0	1	0	1	0	0	1	0	1	0	0	1	0	1	0	1	1	0	1	0	1	
1	0	1	0	1	0	1	0	0	1	0	0	1	0	1	0	1	0	1	1	0	1	
1	0	1	0	1	0	1	0	1	0	0	0	1	0	1	0	1	0	1	0	1	1	
0	1	0	1	0	1	0	1	0	1	0	1	0	1	0	1	0	1	0	1	0	1	
0	1	1	0	1	0	1	0	1	0	1	1	0	0	1	0	1	0	1	0	1	0	
0	1	0	1	1	0	1	0	1	0	1	1	0	1	0	0	1	0	1	0	1	0	
0	1	0	1	0	1	1	0	1	0	1	1	0	1	0	1	0	0	1	0	1	0	
0	1	0	1	0	1	0	1	1	0	1	1	0	1	0	1	0	1	0	0	1	0	
0	1	0	1	0	1	0	1	0	1	1	1	0	1	0	1	0	1	0	1	0	0	
