72	6	15	12

5	4	71	11	46	32	30	
5	4	67	49	39	24	60	
4	4	63	1	12	27	
5	1	68	14	17	42	52	
6	3	64	28	57	35	9	50	
4	4	16	36	19	41	
6	2	34	45	62	6	31	43	
4	3	29	40	25	47	
5	3	72	59	61	7	53	
5	1	69	55	22	15	3	
2	1	66	4	
6	3	21	38	10	5	33	23	
5	2	56	58	48	44	13	
4	3	70	8	26	18	
6	5	51	2	65	37	20	54	

1	21	34	51	56	64	66	67	68	69	70	71	72	
2	2	8	11	14	16	28	29	38	45	49	55	59	
3	4	10	26	36	40	46	57	58	61	62	63	65	
4	1	5	6	17	18	19	22	32	35	37	39	48	
5	7	9	12	15	20	24	25	30	31	33	42	44	
6	3	13	23	27	41	43	47	50	52	53	54	60	

1	0	1	0	1	0	1	0	1	0	1	0	1	0	1	0	1	0	1	0	1	0	
1	0	0	1	0	1	0	1	0	1	0	0	1	1	0	1	0	1	0	1	0	1	
1	0	1	0	0	1	0	1	0	1	0	0	1	0	1	1	0	1	0	1	0	1	
1	0	1	0	1	0	0	1	0	1	0	0	1	0	1	0	1	1	0	1	0	1	
1	0	1	0	1	0	1	0	0	1	0	0	1	0	1	0	1	0	1	1	0	1	
1	0	1	0	1	0	1	0	1	0	0	0	1	0	1	0	1	0	1	0	1	1	
0	1	0	1	0	1	0	1	0	1	0	1	0	1	0	1	0	1	0	1	0	1	
0	1	1	0	1	0	1	0	1	0	1	1	0	0	1	0	1	0	1	0	1	0	
0	1	0	1	1	0	1	0	1	0	1	1	0	1	0	0	1	0	1	0	1	0	
0	1	0	1	0	1	1	0	1	0	1	1	0	1	0	1	0	0	1	0	1	0	
0	1	0	1	0	1	0	1	1	0	1	1	0	1	0	1	0	1	0	0	1	0	
0	1	0	1	0	1	0	1	0	1	1	1	0	1	0	1	0	1	0	1	0	0	
