4200	300	300	14

8	2	1272	2122	2411	1238	3273	1845	2631	2233	
15	5	676	843	2090	1656	3916	3784	1964	3876	875	3655	1006	4132	1117	2385	1453	
10	5	1149	2924	3426	3253	298	539	444	1728	1286	2663	
14	6	181	2469	2035	3022	3470	333	827	3795	1528	2578	1855	3162	2165	3887	
13	5	4006	3845	3393	4179	773	3347	2987	1171	3448	1541	460	753	3768	
16	8	3944	62	176	1218	4097	2790	1255	1797	2898	1986	2644	925	1451	2758	2562	2176	
17	8	877	215	443	1530	3613	2105	2338	379	3263	2322	2572	3744	1732	2363	2208	1619	4034	
12	5	1015	317	3802	2603	1521	824	202	1788	76	1636	2612	2971	
18	7	627	3605	1878	1828	3246	2482	3017	2849	211	1604	2143	1348	2168	1034	3456	1712	3487	491	
11	4	2106	2822	160	3157	100	106	480	2655	1168	1267	1969	
13	8	1787	347	3209	1356	1683	851	1515	910	3267	2019	975	732	2091	
19	8	2404	3319	1287	3445	536	2397	2320	1758	2362	180	3396	2706	1588	239	408	1672	2039	3950	1365	
12	7	4143	2079	2865	587	2245	2900	1898	2513	740	2227	338	4044	
18	11	2985	4086	1975	2498	3216	1838	2640	1342	2997	2972	2856	832	2650	1685	3507	1042	1022	2212	
10	4	3265	2508	84	828	2962	59	9	3528	3938	345	
18	7	2946	3046	370	3054	3604	1917	327	2660	3626	2410	2595	591	2186	2137	1418	994	2891	797	
12	7	3049	3970	496	357	1416	478	1484	2174	3380	1075	498	1361	
11	5	1503	1707	3687	412	1095	2607	1649	1026	411	2721	2453	
14	7	1151	819	852	1560	3896	1677	3436	2560	2942	3580	2439	3879	1643	3243	
22	9	2806	729	2894	3682	3397	1529	1715	2296	164	2440	2808	964	3513	1910	3927	717	503	3662	316	340	2094	1376	
12	5	3251	3691	796	650	476	147	2738	2959	3738	1184	3159	103	
13	5	3056	2826	3280	1832	3663	1452	4119	2911	3562	2092	2328	946	2520	
17	7	1430	776	2464	3089	871	3594	2798	2326	3847	1251	2728	3932	3717	3959	649	2936	2205	
12	4	3228	1130	2547	3356	543	1216	3522	1789	1753	762	386	2257	
15	6	1131	830	833	1384	1237	279	2311	3881	1543	1847	902	3410	508	1136	3756	
11	4	3404	4045	1911	3578	2135	2664	355	1142	532	270	987	
15	8	3084	1973	2232	2159	2707	1301	3428	3201	2639	2277	2805	928	1040	2767	3441	
12	7	252	3298	2265	3712	3536	303	4018	682	3006	2589	3577	94	
20	9	2438	4139	2141	3801	4050	2719	3202	3688	3694	900	4009	2248	3541	825	3476	4121	1295	3365	150	3782	
17	7	738	4075	701	4063	3268	3288	3333	3777	1073	2460	1291	1977	859	134	115	1612	1663	
10	4	977	3700	1597	3799	178	2007	1468	37	1554	1100	
12	7	2418	1565	4108	1121	2835	529	3353	2131	1276	3955	353	3735	
8	5	1057	2617	1064	1827	2581	2344	154	4182	
15	9	1947	3087	2271	3557	960	3630	3021	1676	3612	1599	3148	3623	82	438	559	
13	8	2813	2087	1985	1164	3461	32	3542	2096	291	1713	2793	2101	3077	
14	6	209	3781	3043	2991	3417	3394	924	2546	1724	606	3551	53	2052	2846	
11	3	1869	1049	547	1694	3930	2899	1893	1369	577	122	86	
17	9	2676	820	151	4166	3779	3432	3143	2621	3455	2467	1596	1092	3585	3820	3919	1343	2058	
14	9	1841	1027	442	853	2609	3390	4146	3325	3272	1396	2280	1756	1572	262	
19	7	1960	3101	3108	3409	2055	624	4070	2974	3734	3384	3459	2428	2874	3088	2420	2321	2193	2004	3321	
9	2	1044	249	2697	166	484	3680	4071	320	1461	
7	1	2005	3452	389	1289	553	1874	1549	
10	5	1928	4024	3483	2877	3495	4047	944	726	2490	3897	
14	6	1843	3403	2815	2653	2033	90	3990	2386	1031	2230	1499	1895	248	1508	
17	8	1120	3598	3172	388	3309	3398	3038	3435	3450	3266	2330	1132	66	2010	750	3276	4168	
12	7	3369	1547	954	1199	2384	328	315	2181	3151	3813	2325	1158	
12	4	2350	3497	3758	3573	2127	2250	3755	3763	3679	2868	3713	2179	
8	5	1319	2656	3035	7	556	3227	183	3884	
12	5	3065	4149	1840	1747	3913	118	1526	2102	1638	542	1415	3844	
6	2	1516	1731	1337	690	2167	1182	
11	7	1260	3168	1534	1221	1697	3086	2466	1941	831	3539	794	
16	8	2550	114	850	758	2121	2441	4082	1967	77	3104	1674	688	487	1991	168	1625	
8	3	1620	636	2256	2627	4136	915	3460	1690	
13	5	844	3719	3334	2680	3473	1904	299	3516	1292	3225	4193	2281	1306	
17	8	2774	2792	2696	1866	441	4015	1429	2497	483	1280	3153	3395	4165	4130	2823	2367	440	
9	2	1955	4089	3217	2475	1802	3976	472	2723	492	
15	7	3406	2084	1211	2468	1408	3241	1235	3357	1922	4002	337	3852	2872	2318	839	
15	5	2226	3714	1381	2734	3759	3822	2217	3991	2509	1161	3817	2853	2150	632	2472	
20	8	3028	3388	3481	2298	2421	896	4060	749	405	4135	3040	916	1742	2378	1963	1248	1427	2163	192	2430	
19	8	3051	2957	2492	980	1711	4008	2107	1580	3871	1241	936	3631	46	1639	3287	1988	3362	810	1623	
11	7	2930	2316	3728	57	43	2571	2668	1264	973	269	3780	
14	7	3576	3302	507	1380	2503	373	1916	751	2674	1119	3747	33	589	1134	
14	6	390	387	1594	522	4153	67	3258	646	1798	3676	1631	911	3800	3420	
14	6	1813	4173	1507	1933	2098	349	842	158	2433	4192	1811	3951	2012	2240	
11	4	4033	2541	1003	2521	272	673	1497	3080	3297	978	336	
8	3	2374	236	3620	1374	149	3650	247	3326	
12	4	1948	1263	2708	3898	1360	3284	2203	3834	3608	4104	1109	2014	
16	9	1180	1826	4169	1166	2704	2986	4185	3510	2377	335	266	2969	3041	3250	812	449	
16	8	1655	835	2553	3995	3963	1796	3910	2308	1273	1808	3118	1045	2939	3165	1363	1283	
15	6	1371	3511	1640	474	3091	1472	1	2718	1139	3826	3311	3524	1036	3238	1093	
15	6	2613	3907	2253	2109	3949	2829	38	947	3126	289	3389	3467	1128	639	4102	
14	6	2139	1836	3120	3379	2858	3619	2366	2647	1657	2855	54	2422	1958	3906	
10	3	2511	1417	2570	1540	3307	891	3921	3057	4118	3597	
13	7	2619	1001	2489	3137	83	805	2893	2214	3793	3134	2604	1952	1353	
13	4	3136	3579	3116	3874	1431	3475	3824	324	799	1271	3303	502	332	
12	7	3486	870	2312	3882	2300	237	1556	3464	42	2545	3996	169	
15	8	597	748	4181	184	687	3092	1033	834	1850	2484	1899	470	703	841	3958	
9	5	1566	381	3828	4065	2287	4152	1546	2999	791	
7	3	2306	1458	475	2239	2599	290	1581	
12	4	880	1667	1359	2998	2988	1085	743	3544	281	3683	1568	1011	
20	10	3757	1669	699	1857	3729	985	1949	1310	3135	3368	1469	1069	2197	2852	1370	2841	2908	2669	2778	935	
21	11	1959	535	3592	680	2429	385	2593	3945	2611	3709	657	495	1520	3660	2598	531	1487	634	2288	3654	3675	
13	6	4098	2104	137	1135	1862	671	1861	2716	1509	3032	2979	2768	322	
16	7	3208	836	3366	30	2766	4154	3674	3282	4068	1405	4057	2750	2125	1885	1433	3823	
8	4	1016	2481	34	1825	489	2169	3924	2847	
10	4	3447	1444	234	1463	4092	845	4191	1605	3183	2886	
11	5	609	461	1525	4016	3667	967	481	3033	3829	2333	2011	
12	8	1197	410	826	3289	468	2818	2794	2194	2799	306	1661	1249	
9	6	3931	1181	1143	3886	2210	3534	1311	2450	2407	
11	3	1070	302	1315	2679	1475	3437	770	2575	2735	4011	2444	
18	8	51	562	3005	2824	1023	1240	3842	3128	2488	1243	1223	4197	2476	3815	3753	3803	2001	534	
16	8	898	193	1389	2700	2802	3007	3383	918	1762	888	2187	2483	2207	1903	3360	3766	
18	7	2435	913	396	3019	4116	2200	1730	926	731	3249	3809	194	91	464	2465	3905	1886	2952	
9	5	368	25	1303	1506	1185	3672	2860	3491	892	
15	9	3103	616	885	727	2085	3078	2646	2065	3791	1398	3024	3085	2451	2705	2796	
17	10	1210	1510	310	2526	3166	792	2155	862	2071	889	2347	4156	2425	3659	1926	2565	3149	
12	5	3102	3327	4172	2713	2095	686	3584	1048	2068	564	858	4177	
18	8	3549	2008	3727	2765	3109	99	3701	2551	3045	2459	2586	1290	60	2645	2301	2667	275	3232	
18	7	3255	1144	2198	739	3220	3093	1412	1950	2945	716	3412	1696	27	1542	1587	2517	3977	655	
15	7	2552	781	3797	1877	463	861	1390	1870	216	1538	1700	3095	56	2935	4095	
13	4	3553	2474	1837	2953	1165	1561	3229	29	3982	3677	1927	1894	4110	
15	7	2532	1394	2762	393	2279	360	3322	1919	3702	329	8	4188	1288	3627	2415	
16	6	17	1318	3752	1104	1413	890	3746	1194	3848	593	3530	1013	1744	2710	2365	1247	
13	5	2238	2601	1192	643	1553	2816	3000	3661	432	2427	3818	1391	2304	
17	6	1114	661	1084	3568	857	2060	2206	319	969	141	1214	140	881	710	3443	44	2111	
10	6	2223	3408	1307	63	3606	757	1662	98	3973	1524	
17	10	3880	1653	538	1400	2980	92	715	1943	2888	1106	1441	907	2563	3336	424	2486	3546	
14	6	1479	1179	4109	3063	4051	1946	2059	1205	374	220	3059	3211	1595	1399	
11	5	1493	1081	876	3998	2289	3161	3827	3111	1558	2299	286	
16	6	1404	2495	3300	1575	3596	3609	2218	1234	40	1305	795	1375	3751	879	2162	2003	
19	11	1790	3140	897	4157	3270	1971	1914	3310	1603	663	1099	436	413	253	2828	1858	2082	2733	3754	
10	5	2209	2056	3503	951	3911	1727	1326	3854	602	4107	
11	3	938	1403	2157	4184	814	1105	3805	296	1689	3372	3331	
14	7	2044	1632	3543	617	585	3179	637	3256	523	3501	979	3633	4186	3614	
18	8	3836	2045	258	3195	976	3825	3669	3188	996	3969	3164	1071	3001	2832	1312	708	691	1256	
16	6	816	301	2376	3635	1328	1621	3402	1160	1759	4125	2941	685	2086	1226	3736	1436	
17	6	3645	2062	3213	1978	2310	1274	3602	3245	3933	1500	4012	1522	633	2373	156	3453	3449	
12	7	3851	3770	2284	2417	1749	1501	1222	989	4085	1206	2171	3069	
6	2	3774	85	15	1259	3994	3909	
12	5	3468	3939	1478	2927	654	3590	497	2658	4176	365	3110	3145	
13	8	1141	961	1760	19	3721	3636	378	2371	3121	1775	2851	2662	3433	
17	6	3004	1606	1107	3600	4003	613	1094	764	1646	172	664	1020	3908	80	3254	2916	1736	
13	7	1233	2788	361	1562	4021	2292	2948	1734	1406	363	2670	3374	2097	
13	8	2273	2963	2329	807	3978	1779	2701	1651	997	3444	418	2744	576	
14	7	3743	3863	3652	2500	189	264	1896	1523	2666	3790	952	4189	2583	3058	
22	12	280	769	2533	2216	3954	3956	3883	3133	1871	906	3361	1349	786	2731	569	3451	1804	26	1379	3192	4155	3843	
11	4	2573	1330	610	2879	2117	485	2889	775	3123	2258	1913	
14	8	1867	1721	777	1225	3617	267	1331	1230	377	212	2917	700	3519	3292	
7	2	382	984	3489	1691	4053	2623	2727	
14	6	2615	1961	903	3314	2419	148	4004	2525	1063	755	860	462	2535	574	
18	7	1419	3169	2869	3903	2048	887	3968	21	1116	2725	761	934	2485	1293	2229	2726	2739	2144	
19	10	3647	448	3840	2594	3761	1793	1718	1339	2202	2782	2747	3031	45	3724	3387	3339	1868	4029	4131	
10	4	917	1285	2146	2789	3419	223	1265	1659	3187	313	
8	4	809	3107	384	3012	1703	971	1924	64	
12	5	2180	3599	752	541	1150	697	3316	1000	3117	874	2772	4037	
10	3	1229	3343	972	3234	1060	2455	133	2964	3290	2426	
13	6	2791	4055	4077	668	3160	466	2606	937	2620	2876	2817	3870	2502	
15	5	3891	2153	2844	1863	2195	4163	1704	3424	1065	1883	4150	1207	1824	1823	2414	
24	14	451	116	905	2063	2479	2614	369	400	1873	1848	4031	119	4111	3899	2392	1891	3895	3076	560	3478	3726	3518	3867	1613	
15	7	1995	1322	3764	2493	1650	674	3081	3414	240	1096	1705	2590	49	1665	1438	
13	8	3665	403	1219	672	3715	1473	575	1372	3861	2537	2184	901	1920	
12	4	3651	343	511	2307	2211	2172	3730	1586	3760	3504	698	2641	
21	12	2456	3707	493	3832	3337	3732	847	895	2600	1078	614	1252	2580	625	1686	2960	1041	3261	1937	783	1990	
17	8	2702	4084	1785	1801	2515	2222	4059	3016	4072	2291	586	4199	3269	1426	3324	3067	1634	
14	9	126	1183	2811	512	326	2845	733	1755	2866	3465	2188	3248	1317	71	
16	7	3178	1083	2124	2175	3739	1156	3750	712	456	2814	1642	3540	284	2061	2002	3230	
19	10	3649	3622	4167	2272	1626	3146	2314	10	4195	3094	2182	490	2695	2736	3607	36	131	1388	2151	
15	8	3718	225	72	3890	28	3917	815	2021	4178	771	3571	3972	1765	104	3850	
17	8	3535	2795	1341	588	3618	3705	811	3457	127	644	397	188	1573	3171	458	1296	3641	
11	6	273	2711	3816	3186	3708	3658	204	756	4049	2228	2359	
19	9	2757	1616	1505	3411	1979	2360	3554	3218	1152	3696	3223	2236	1976	1066	856	4198	681	214	276	
16	10	265	2977	3271	4036	645	1021	3699	3937	2694	3167	2249	711	3889	2408	58	1325	
14	7	611	1567	2568	96	1227	4133	963	453	1684	2043	111	1231	1077	2536	
14	6	1491	2424	2356	2605	4160	1025	2743	3214	2993	3131	4088	2882	1262	3175	
15	8	1253	437	5	3492	3205	2628	741	187	3125	2577	3106	356	4194	1442	2041	
19	7	2732	1019	3922	3262	1992	4025	263	2270	590	2542	2445	798	2077	1368	3681	651	3589	2659	829	
19	10	1282	1425	678	201	2922	2100	2393	2501	1009	1386	2323	2123	920	2848	1352	2069	1571	1514	1577	
13	8	2458	3846	2242	2335	2518	1344	2579	2128	186	182	3313	2729	2252	
15	8	139	3485	121	2777	2000	629	2944	912	3697	3773	2447	3042	2634	2334	1830	
13	4	570	2850	3194	2166	628	4127	3858	4106	3798	3293	1410	2554	3240	
7	1	3523	282	2161	4147	3992	3866	1627	
16	10	965	1610	2810	1645	3029	1080	3849	2885	3096	450	2075	949	1261	878	2431	1563	
18	10	2372	102	2602	1373	4137	3312	720	1284	565	2243	2689	2013	501	3629	2088	1746	3527	1471	
17	6	4079	2681	1807	2749	3555	3997	2673	555	3401	402	1768	1037	2154	2204	2114	1805	2042	
10	4	998	2437	3971	4039	3808	3174	3869	2332	1717	2915	
14	8	1791	1783	573	1987	1043	647	4028	3304	2246	930	3154	3904	1101	2937	
15	5	155	550	93	1209	2730	1159	1699	3556	1856	3138	623	3124	4	2746	312	
12	6	2978	415	1602	1853	4010	1007	233	714	2582	3023	3050	3560	
14	7	2632	1944	331	4100	840	2862	2524	2398	1647	3090	3637	79	3940	2116	
16	10	514	3570	3586	958	1434	1695	821	2588	2009	2158	1767	1774	3833	1551	3632	143	
9	6	1193	2677	1778	3003	1993	3838	200	579	246	
17	8	506	3480	1244	1766	3873	3224	546	2557	243	500	1743	3745	1984	277	2842	1329	3354	
12	7	2293	3792	3722	2190	3806	615	1125	2543	2618	1723	992	1780	
13	8	161	983	1127	4048	292	3860	3615	709	431	1630	3341	3060	603	
10	3	2748	3415	869	631	3537	1570	2859	259	2975	3239	
9	4	2099	817	409	2136	4035	300	494	1091	635	
13	5	537	641	1270	2247	2234	3071	1750	6	2327	3888	2688	806	4094	
11	5	884	352	2156	3345	3386	2703	2516	2651	3831	1157	868	
17	7	2538	2191	2336	3446	866	721	2544	1698	1220	2966	2017	1454	666	395	2881	1714	2875	
14	5	255	348	1228	227	295	2446	3794	772	3864	1834	1892	3616	2976	4013	
20	11	640	1936	3283	2819	1498	3703	2555	50	205	1494	1722	1598	1333	174	2081	2751	196	2405	430	3130	
16	10	3439	594	128	3929	3684	3967	1800	1224	2057	1739	218	245	2331	2506	2480	2699	
13	6	3204	1053	3771	416	669	2432	3484	1806	219	65	1014	1334	745	
11	5	518	4171	1502	1320	185	630	719	3200	2665	2928	420	
19	8	1590	241	1982	1102	620	2067	1448	2340	3252	3048	1258	759	18	2724	22	968	230	3306	525	
13	7	228	1067	2147	3725	1945	1321	3625	962	545	4005	3558	3807	3668	
16	7	1464	364	1275	2636	504	2839	162	2629	3741	2389	3196	1957	2921	3100	705	3421	
15	6	4078	81	2024	2342	434	567	3418	3812	1652	1351	1633	3344	2244	1112	380	
14	8	1298	3581	1476	696	3490	35	2914	2693	510	2714	447	2523	929	2934	
17	7	1028	1687	1488	1035	1059	3742	375	516	1176	2753	1998	544	3588	1682	1173	737	2093	
12	4	152	2215	1402	665	4067	1309	376	3203	3533	2949	3275	2391	
8	6	2821	1074	2220	1279	446	4162	3011	1781	
15	7	1611	330	2221	3244	4022	175	1668	1032	2040	260	894	2348	439	1618	2477	
14	6	1002	2103	1879	486	2567	11	2315	904	1118	4161	2870	2967	509	1854	
15	7	3264	73	1773	3438	344	342	1777	2982	2235	425	2388	1881	2691	4126	4145	
14	6	2556	2687	2120	612	2083	1860	1098	3014	3561	1889	2803	568	4081	2903	
13	7	2254	4180	735	3318	1745	3377	177	339	728	2531	855	3653	346	
15	5	2364	2510	3083	157	4054	693	358	3749	3301	1054	1864	736	208	1908	145	
11	7	3122	191	3859	3066	3839	3295	2519	1792	3810	3787	2471	
15	5	97	1324	2512	1047	1681	4052	1188	2857	1951	1111	2861	2529	283	2016	3964	
14	6	991	1366	1082	2132	3960	3574	2006	3479	1480	3466	308	822	3338	571	
18	10	3772	307	638	3704	39	2423	2754	1994	3391	3142	1921	993	607	864	4174	1504	2961	3346	
13	8	465	473	3373	2118	1213	2487	2436	4046	238	1536	2522	2452	1527	
8	5	1795	1299	1340	1693	2838	1533	4066	3193	
18	8	2224	2037	2755	3488	2261	1212	3983	1440	2130	171	3190	1345	4200	3892	1443	3026	2561	1844	
8	4	2358	459	2592	2403	656	4123	1474	195	
12	8	1137	584	1812	2505	2836	704	1629	1465	2616	4001	3946	3416	
12	4	2954	803	1996	1485	1518	1153	144	362	2584	199	3788	953	
16	7	3299	722	517	3079	1600	4087	2514	1145	74	578	1155	3837	3471	1191	919	4138	
20	12	724	3233	3914	695	1447	923	392	125	2463	1056	763	2880	4099	274	3915	1740	914	1962	3381	4103	
18	11	566	1972	2183	1358	372	2909	734	1550	667	3431	4090	3413	3918	1641	1688	257	2558	3359	
15	8	1725	3564	3841	1005	1660	23	1061	2379	787	3163	163	2800	2741	2339	173	
12	6	3376	3894	1716	1008	3509	788	800	1968	2763	3073	1068	2776	
12	4	1535	406	3775	3640	2112	1492	1820	2871	793	4042	1456	3566	
12	5	2760	261	520	1839	1831	2807	1583	2177	2341	2884	823	1906	
18	7	2119	1236	1875	1486	4007	746	3502	2380	3226	1817	1751	3494	1912	956	3155	3733	3666	4062	
15	9	1576	2530	3358	428	3378	2282	3027	2780	3786	2745	3115	1569	2775	3720	2994	
16	7	767	3941	966	2251	4122	2313	2027	2890	3723	933	113	1637	3855	4141	3018	3575	
13	5	3716	1439	3634	3068	3363	3281	109	548	3789	2170	653	367	414	
13	7	3567	401	2357	3493	2635	1316	2361	2633	1347	3624	2255	3865	3355	
14	5	1748	2148	2608	469	3430	1422	941	457	3559	580	2032	244	2901	3868	
19	9	3526	3370	515	3259	1816	1513	3520	3814	3993	2781	3986	3260	3191	1423	3664	3804	3400	1654	3698	
15	5	3875	2036	3506	3985	1481	1582	1496	2675	3856	3595	4190	3508	582	1455	2737	
12	5	2773	3693	2260	146	4120	452	760	2259	2990	1457	526	1537	
10	5	3044	3776	2264	1888	592	1799	2337	288	1897	2507	
9	3	1129	2576	4032	242	2324	1842	1167	921	3988	
7	4	3980	1268	285	1770	3463	108	3061	
16	9	2396	2305	1564	3900	986	2173	426	3075	1004	207	2108	1169	117	61	2779	608	
7	2	167	471	3330	2648	3638	3429	224	
13	5	2837	1710	1692	927	12	3212	2394	955	1089	2278	932	2672	1424	
12	4	3350	1983	4134	1250	1163	1757	1382	1708	1923	3692	2951	198	
20	10	848	2720	2038	1664	123	3375	1819	3112	3189	1010	2294	3621	3335	1172	3961	1170	2089	112	3332	558	
19	7	1702	3644	893	3173	1752	1884	1609	2955	2722	3286	2442	3422	2201	2400	689	3185	581	179	3458	
14	7	618	3593	3628	1189	3670	2626	3912	1735	2892	1907	2661	3440	1974	1113	
15	9	3181	1012	2649	1062	2375	2399	1257	2029	2534	1232	1477	334	943	4112	1956	
13	6	1335	999	203	3999	2478	3857	957	3008	153	3987	1186	3129	1940	
20	9	747	1953	626	557	540	1706	165	2034	1489	2984	2905	1555	1776	3482	1466	1208	488	3469	1532	519	
20	9	1357	2742	4124	2630	2383	563	1435	4105	2290	1409	849	1266	20	1981	135	3563	2801	1178	1110	2902	
13	4	197	865	3222	530	2564	1794	3392	2989	3425	3902	1544	422	1803	
18	7	598	3105	2023	3957	3547	1432	1336	2346	2164	1680	2943	2712	1810	513	3500	1678	872	882	
8	3	982	1918	2152	2843	1017	1720	213	2566	
16	9	232	942	2031	2225	129	1133	1622	3948	873	990	4196	784	595	3139	1300	2317	
19	9	88	1934	3434	3221	785	1367	4129	1148	482	3819	2319	818	808	1200	2740	3279	2370	2046	2873	
19	10	2368	551	4144	1401	1202	4043	1900	3769	2066	1281	3215	2918	3423	2910	642	2638	2409	2983	1103	
16	6	1269	1859	3082	1591	3935	2931	2585	3901	479	2192	3778	692	3382	3385	24	2454	
11	4	407	454	622	3047	1450	2830	3517	1355	4175	694	723	
14	7	1849	251	1072	1278	75	1215	423	3690	1087	1909	1313	304	2587	2973	
13	6	1608	3323	3278	250	3097	3113	1377	974	3762	3236	2160	47	2129	
13	7	4058	2355	1557	309	3329	3920	790	2189	1935	69	3545	3572	3505	
13	5	1761	427	2965	754	3462	3529	2199	120	1548	3177	325	1079	3830	
16	10	2610	1954	2883	398	1989	1818	159	2786	4151	48	95	2769	31	959	2276	3685	
12	6	1154	2382	2387	1585	3657	3783	3405	1592	2625	2140	1617	3923	
10	5	1574	3862	210	2657	1123	4159	2412	1198	455	2443	
15	6	2528	2863	1517	1242	1392	1383	2076	2018	1882	1970	1644	3885	2266	3141	3853	
15	6	778	2920	707	1411	3055	2752	3966	3678	2401	2275	1709	2878	1108	2683	2926	
15	9	16	1385	3472	4069	1140	2785	2072	605	886	2717	3975	1029	4083	2349	278	
13	8	766	2030	3072	1483	3512	3371	1545	1090	394	1175	1635	3498	2652	
5	2	683	782	1822	1589	3643	
22	12	2504	4140	1294	3184	3064	1930	4000	1763	2770	2231	3308	2470	2149	4113	1196	1872	2787	2138	2574	3740	863	2904	
11	5	804	1297	1446	3925	599	1364	1046	1512	3748	774	1122	
15	8	3	2686	1846	652	2940	391	2597	3656	105	89	3695	596	3952	2825	2756	
14	6	1648	3015	1938	2351	41	321	4074	1495	4170	1308	3367	2134	4096	1851	
9	4	3731	293	801	1421	3237	2070	3052	1771	3257	
12	6	1146	1314	1076	1039	3878	1030	1729	2995	1901	4027	2025	1821	
17	6	3364	70	3514	404	1304	2302	1245	4128	1679	3934	433	2499	3565	417	2026	1327	3206	
10	6	922	229	1511	742	1584	2654	2390	350	3407	3317	
19	9	2050	3648	3132	3034	1887	1658	124	779	2345	311	1671	399	1578	3002	294	813	3099	3673	1829	
13	8	1905	1925	3538	4117	549	2133	3119	2434	2929	3098	1147	4014	2049	
15	7	2020	1939	4183	940	2642	217	1670	2449	3711	679	1124	2549	854	4101	3399	
15	5	1277	3207	931	3235	1980	136	533	1332	2309	528	713	718	2303	648	2022	
14	5	3037	3144	2110	3277	2053	2416	3671	3242	662	1323	1915	837	1470	1815	
9	4	1177	4148	1459	206	1462	1354	744	1460	2682	
10	7	1490	2285	4019	4064	2709	561	2047	867	2263	2812	
16	8	2413	2448	670	3943	1018	677	950	4187	268	1302	3893	3351	3591	2923	2219	142	
12	5	1201	3989	3499	1254	1088	3170	3552	3053	2925	846	3070	3036	
15	5	222	371	4080	2462	1880	2073	4038	4026	421	2283	2895	170	4061	3569	2115	
12	5	3074	1999	2196	3936	3315	2343	1420	3342	130	1754	2956	765	
16	9	2685	2919	190	1675	3926	3454	527	2684	3025	2402	3010	3610	789	2548	2080	1217	
18	10	467	2692	3767	3496	3477	305	1624	600	3427	4114	1673	221	2269	1579	1741	2840	2178	2831	
18	10	702	4030	1593	1772	2113	2352	2938	2912	1769	1559	908	1786	2496	780	802	583	2473	138	
16	7	2297	939	621	341	3247	1552	2213	4076	2369	2678	3197	4093	1378	4091	1239	2771	
18	10	3328	3646	1246	1187	4020	2996	4041	3442	2	988	3219	52	2267	1115	3548	572	254	1050	
11	3	684	1929	1445	3582	1519	2950	3821	1195	3147	945	521	
19	7	1607	1814	3550	3979	1204	3320	4158	1058	3587	3601	1852	3962	3349	1467	3210	2764	3152	2353	3198	
16	7	524	3796	1628	87	2527	1738	3274	4023	3515	2643	3176	2491	1737	552	1966	3474	
16	10	2897	3127	2185	838	2854	2074	231	2354	1052	78	3291	1397	2381	3199	1414	1833	
12	4	2145	1346	2932	314	1809	383	2783	2958	1055	619	3182	1051	
14	8	13	287	1932	2906	1126	1395	101	2970	1437	2406	3294	4073	4115	2569	
17	6	2286	2064	1038	3974	1162	768	1614	3642	1531	3835	1876	3765	1393	2759	725	2494	2981	
15	8	2698	1387	1350	2896	2015	1097	271	2809	1764	3689	354	2395	3352	235	323	
14	8	658	3877	2051	2637	1601	3603	3114	2539	351	3305	2715	3013	3156	3532	
13	6	1890	2461	2596	3872	2933	1362	3020	706	3965	256	3737	1997	2867	
12	5	3521	505	2968	132	2834	3639	2820	2126	554	435	1615	1449	
17	9	3158	3785	4040	2624	981	970	2559	2913	2262	1174	2907	4142	110	3180	499	3030	3706	
16	9	2054	675	2887	14	2784	3928	2947	1902	3062	1138	948	2268	3009	2241	3947	68	
17	7	660	1835	1024	2992	3953	55	3531	4017	2833	2797	1407	604	1719	3296	3611	2827	3285	
17	9	730	1086	1865	899	2804	477	1190	1733	429	3039	3525	3686	1942	909	366	1784	3710	
10	5	883	3981	3150	1931	2274	995	1726	2457	3583	318	
15	9	2690	2237	3942	1782	3348	359	2078	1701	445	659	2761	2864	1482	1338	1666	
22	9	2540	2142	3340	2591	107	297	1428	4056	4164	1539	1965	3811	1203	2295	226	419	2671	2622	2028	3231	3984	601	

1	126	209	611	702	977	2293	2297	2532	2946	2985	3299	3535	3549	3757	
2	88	451	1151	1197	1210	1419	1574	1576	2005	2050	2286	2504	3028	3264	
3	410	465	658	1260	1319	2254	2350	2438	3004	3169	3731	3743	3774	3931	
4	167	228	255	819	848	1002	1253	2180	2224	2619	3136	3181	3251	3486	
5	252	390	1394	1606	1813	1959	2145	2418	2528	2538	2930	3204	3328	3369	
6	16	917	1590	1725	1934	2064	2573	3103	3364	3439	3599	4030	4033	4058	
7	181	222	524	660	877	884	1430	1648	1867	1948	2037	2226	2364	2556	
8	566	616	640	747	852	1001	1053	1137	1669	2008	2119	2139	2435	3015	
9	437	473	535	738	1180	1787	1869	2702	2748	2806	3037	3526	3649	3781	
10	13	518	584	597	722	1012	1028	1057	1282	1298	1841	1905	2368	3862	
11	155	352	982	1335	2372	2720	2837	3370	3581	3718	3944	4140	4171	4180	
12	550	991	1107	1146	1285	1404	2191	2510	2978	3046	3158	3567	3592	3691	
13	232	280	766	844	1560	1936	2469	2773	2774	3452	3468	3576	3600	3875	
14	51	70	767	880	965	1141	1236	1479	1890	1947	2540	2792	3772	3836	
15	73	551	699	1263	1667	1843	2054	2358	2404	2458	2649	2690	2696	2863	
16	210	225	401	826	1131	1154	1620	1687	2613	3049	3376	3388	3564	3796	
17	116	152	735	1547	1721	1960	3168	3265	3319	3350	3404	3579	3651	3716	
18	514	537	562	598	905	1120	1567	2035	2142	2146	2795	3084	3101	3514	
19	343	517	776	1067	1359	1464	1836	2106	2223	2568	2687	2954	3108	3116	
20	62	368	389	467	938	1183	1503	1972	2238	2762	2791	3083	3403	3415	
21	96	769	939	1229	1516	1517	1535	1849	2036	2183	2869	3043	3120	3406	
22	102	139	347	1027	1294	1607	1812	2306	2456	2698	2789	2897	3065	3874	
23	17	371	1510	1534	1611	2038	2099	2533	2676	3051	3409	3647	3707	3771	
24	594	1221	1277	1493	2215	2552	3343	3714	3880	3903	4006	4078	4080	4143	
25	570	684	1608	1653	1655	2084	2550	2632	2685	2692	3340	3553	3646	3980	
26	307	387	609	676	724	883	972	1242	1826	2030	2508	2541	2991	3122	
27	114	161	415	1015	1341	1381	1476	1566	1710	1791	1814	1944	2216	2461	
28	81	191	241	310	317	370	680	1357	1488	1702	2020	2079	2505	2732	
29	404	406	777	1019	1602	1983	2044	2209	2237	2602	2615	2757	2811	3298	
30	442	835	1114	1425	2024	3283	3693	3727	3942	4003	4055	4139	4144	4149	
31	197	215	287	515	636	870	1016	1318	1783	1995	2336	2708	2957	3497	
32	621	942	1346	1358	1371	1961	1973	1982	2591	3056	3447	3481	3767	4079	
33	748	983	1038	1102	1233	1246	1314	1392	1866	2265	2273	2596	2919	3259	
34	190	816	898	1177	2063	2156	2316	2511	2932	2963	3289	3434	3506	3872	
35	251	341	493	1049	1610	2103	2312	2429	2681	2788	3184	3207	3345	3665	
36	72	265	627	843	999	1304	1366	1628	1938	3648	3712	3785	3832	3882	
37	93	372	443	675	903	1417	1491	1594	2048	2495	3105	3485	3622	3644	
38	678	696	1081	1129	1287	1401	1431	1664	2031	2090	2298	2302	2813	3234	
39	5	123	203	1955	2147	2489	2492	2526	2998	3475	3550	3645	3728	3775	
40	588	729	752	887	1035	1181	1439	1530	1632	1853	1939	2225	2850	2988	
41	3	176	348	547	998	1502	2355	2755	2836	3719	3841	3845	3981	4134	
42	128	471	506	538	661	778	1773	2045	2382	3074	3300	3605	3792	3970	
43	301	850	1322	1918	2479	2822	3127	3417	3536	3890	3898	3907	3985	3999	
44	129	314	441	448	803	809	961	1084	2055	2376	2387	2464	2742	3318	
45	1085	1250	2023	2357	2374	3178	3208	3247	4045	4077	4124	4167	4169	4181	
46	330	331	364	683	876	1228	1481	1809	1925	2421	2462	2977	3072	3334	
47	193	817	836	853	896	1083	1483	1656	1697	1761	1953	1999	3087	3228	
48	361	626	1005	1187	2530	2553	2630	3166	3511	3568	3722	3891	3939	3954	
49	496	620	704	1552	1640	1816	1835	1857	1875	2894	3271	3337	3373	3488	
50	830	1044	1878	2474	2610	2909	3022	3613	3729	3851	3929	3957	4015	4040	
51	97	474	833	1060	1062	1070	1269	1828	2062	2810	3044	3314	3496	4020	
52	357	573	954	1127	1400	1403	1593	1707	1782	1859	2105	2221	2261	2383	
53	922	1076	1209	1225	1837	2213	2260	2614	2819	2865	2980	3064	3255	3366	
54	1130	1212	1227	1373	1575	1987	2396	3132	3408	3480	3700	3752	3894	3941	
55	121	302	369	730	857	1745	2190	2419	2624	3089	3618	3968	3983	3998	
56	400	820	1616	2060	2271	2777	3034	3233	3323	3375	3640	3974	4036	4098	
57	258	893	1082	1086	1880	1996	2253	2609	2760	3137	3194	3806	3840	3922	
58	618	1003	1162	1211	1485	1557	1865	2481	2617	2887	3379	3682	3732	3896	
59	309	1024	1307	1429	1490	1505	1513	2300	2424	2734	2765	3445	3593	3634	
60	201	966	985	1324	1585	1911	2109	2996	3302	3348	3390	3419	3570	3824	
61	14	148	151	1043	1760	1772	1932	2153	2166	2185	2468	2601	2933	3091	
62	25	157	249	293	382	734	1104	1275	1478	1645	2157	2576	2686	2730	
63	30	83	146	184	536	628	1879	2087	2413	3082	3262	3687	3705	4041	
64	107	261	1144	1303	1518	1677	2000	2067	2680	3029	3358	3543	3949	4086	
65	407	520	557	796	1059	1143	1268	1383	1385	1873	1930	2272	2285	2342	
66	624	865	1448	1591	1694	1839	2120	2922	3005	3102	3329	3411	3477	3617	
67	1133	1472	1660	1992	2118	2256	2821	2920	3054	3473	3521	4054	4166	4183	
68	303	385	540	563	838	1929	2196	2375	2906	3144	3222	3244	3246	3278	
69	250	412	613	617	1064	1159	1748	1819	2448	3394	3436	3442	3935	3936	
70	19	34	63	229	393	428	670	801	804	924	1244	1272	1320	1848	
71	237	468	743	1766	1790	2100	2397	2497	2512	3327	3493	3628	3684	3930	
72	427	587	629	647	1072	1807	1846	2455	2482	2546	2636	3150	3523	4025	
73	21	223	273	297	1887	1979	2076	2141	2356	2594	2749	2766	2931	3112	
74	28	1387	1389	1550	1565	1692	1795	2073	2104	2148	2844	2953	3555	3557	
75	236	650	768	2437	2627	3393	3512	3596	3657	3846	4019	4031	4120	4137	
76	267	511	522	687	1153	1278	1506	1975	2132	2521	3635	3759	3863	4070	
77	23	461	505	931	1047	1416	1444	2340	2824	3097	3578	3873	3917	4028	
78	75	119	512	811	899	1023	1330	1428	1486	1675	1699	2198	2251	2711	
79	847	980	1192	1218	1297	1681	1706	2124	2854	2965	3221	3438	3598	3725	
80	416	1189	1402	1525	2338	2944	3213	3312	3472	3492	3742	3914	4007	4018	
81	285	383	695	913	1094	1331	1498	1931	1978	2242	3172	3822	4016	4136	
82	1	2	638	781	871	1126	1408	2700	2992	3446	3604	3609	3758	3956	
83	165	344	388	486	643	665	764	792	866	912	940	1179	2112	2329	
84	342	1116	1350	1711	1716	1731	1904	2018	2279	2335	2818	3235	3547	4089	
85	434	915	1008	1447	1770	2826	3538	3703	3770	3971	3979	4056	4084	4097	
86	87	504	707	746	815	923	1360	2113	2697	2794	3189	3280	3386	3953	
87	396	454	667	1213	2110	2194	2657	3502	3721	4004	4038	4048	4146	4153	
88	137	263	375	403	567	785	960	1421	1432	1446	1831	2152	2307	2478	
89	326	1315	1980	2074	3107	3371	3470	3801	3877	3925	4060	4164	4173	4184	
90	507	739	981	1095	1337	1622	1658	1825	2784	3761	4008	4050	4064	4075	
91	392	409	682	1626	2051	2175	2399	2527	2815	3086	3948	3967	4108	4133	
92	869	1245	1336	2289	3140	3195	3205	3237	3556	3630	3816	3920	3995	4122	
93	55	136	292	530	1202	1827	1840	1985	2021	2284	2593	3109	3146	3779	
94	516	615	1562	2498	2725	3241	3397	3667	3802	3960	4000	4069	4100	4111	
95	84	124	133	599	701	1164	1166	1235	1362	2136	2206	2274	2555	2802	
96	1039	1176	1201	1328	1793	1832	1882	1928	2107	2839	2968	2974	3357	3509	
97	610	631	779	1140	1384	2155	2567	2607	2858	3217	3432	3928	4109	4128	
98	324	970	1010	1492	2346	2393	3490	3899	3989	3997	4035	4043	4076	4179	
99	300	720	840	1945	2351	2501	2628	2642	2656	2829	3079	3378	3499	3663	
100	35	41	384	668	976	1135	1539	1679	2547	2703	2896	3284	3636	3652	
101	38	272	541	788	1074	1254	1284	1582	1718	1747	2518	2559	2719	3573	
102	988	1237	1344	1380	1545	1820	2718	3017	3224	3304	3315	3431	3461	3537	
103	132	144	227	721	761	1061	1219	1646	2282	2500	2785	2927	3092	3356	
104	360	533	612	1090	1193	1321	1553	1614	2211	2246	2345	2899	3173	3309	
105	160	379	543	805	895	1033	1121	1204	1917	2164	2217	2360	2581	2704	
106	231	311	494	652	693	800	897	1367	2070	2172	2487	2608	2947	3068	
107	50	99	125	185	381	1440	2232	2294	2879	3019	3143	3209	3398	3554	
108	57	279	282	885	930	963	1680	1902	2083	2159	2560	2600	2673	2677	
109	327	378	672	1216	2380	2392	2475	3012	3021	3418	3586	3621	3701	4024	
110	67	85	727	1230	1257	1364	1900	2310	2314	2585	2804	2862	2942	2943	
111	11	319	453	741	758	934	1149	1240	1339	1965	2354	2635	3157	3642	
112	189	749	1080	1088	1274	1738	2127	2305	2637	2660	2986	3704	3769	3842	
113	489	828	969	1009	1507	1671	1777	2250	2270	3220	3322	3776	3825	3883	
114	39	305	585	2245	2466	3160	3363	3531	3739	3797	4117	4148	4172	4185	
115	10	358	546	590	1052	1139	1150	2056	2066	2816	3007	3154	3669	3878	
116	205	295	469	654	799	1199	1413	1877	1970	2525	2557	2570	3226	3734	
117	622	807	1063	1078	1356	1629	2544	2551	2707	3216	3522	3544	3594	3812	
118	264	394	1435	1465	1564	1600	1860	2605	2653	2790	3093	3860	3991	4022	
119	321	463	478	958	1452	1698	1922	2924	3027	3133	3619	3626	3913	3945	
120	43	645	773	967	2015	2085	3218	3510	3901	4052	4074	4154	4157	4160	
121	814	927	1188	1529	1531	2311	2379	2753	2807	2871	3128	3602	3764	4087	
122	630	755	1220	1893	2384	3219	3252	3263	3320	3383	3520	3963	3978	4039	
123	52	890	1412	1676	1896	2322	2369	2371	2423	2542	2579	2709	2780	3063	
124	175	754	918	1105	1511	1968	2161	2264	2352	2679	2754	2799	2845	3245	
125	234	405	481	1475	2366	2446	3188	3857	3926	4026	4116	4147	4178	4195	
126	377	719	1950	2117	2835	3179	3274	3503	3828	4063	4067	4127	4129	4158	
127	565	742	1156	1556	1601	1779	2072	2202	2313	2503	2834	3916	4021	4023	
128	359	421	787	862	1484	1684	1715	1789	1856	2200	2267	2524	3186	3268	
129	92	243	476	1624	1763	1796	2029	2203	2962	3708	3730	3835	3992	4105	
130	957	1123	1301	1309	1386	1523	1597	1668	2534	2770	2938	3062	3750	3811	
131	162	715	1724	2027	2122	2514	3048	3805	3858	3900	3933	4017	4032	4090	
132	555	1125	1817	1871	1943	2411	2833	2964	2966	3163	3170	3943	4051	4135	
133	166	637	771	996	1018	1459	2315	2572	3078	3384	3428	3462	3552	3749	
134	328	641	834	861	1411	1584	1954	2043	2243	2296	2410	2488	2516	2621	
135	1152	1255	1270	1621	1652	1752	1862	1994	2344	2417	2982	3000	3454	3615	
136	479	1163	1258	1583	1797	2914	3038	3347	3455	3459	3658	3783	3814	4002	
137	187	500	782	947	1802	2121	2130	2445	2798	3161	3325	3401	3515	3866	
138	477	790	904	1032	1933	2463	2485	3113	3202	3270	3377	3435	3859	3881	
139	1046	1232	1458	1580	2040	2603	2611	2913	2945	3288	3301	3784	3969	3993	
140	171	362	527	1138	1586	1749	2323	2857	3483	3849	3871	4065	4106	4119	
141	337	483	484	671	1570	1838	1850	2235	2287	2290	2441	2678	3006	3094	
142	614	1238	1289	1293	1998	2640	2912	3138	3281	3463	3746	3827	3886	4082	
143	299	677	1241	1316	2034	2229	2262	2320	2763	2885	3391	3405	3574	3688	
144	78	712	1058	1097	1281	1369	2017	2343	2543	3096	3413	3694	3715	3799	
145	373	605	709	900	1025	1751	1863	1884	1971	2783	3033	3126	3330	3426	
146	59	100	163	212	936	1175	2033	2231	2509	2647	2666	2893	3008	3625	
147	32	431	456	793	1148	1785	1967	2078	2135	2428	2643	2684	2712	2883	
148	118	217	260	459	482	606	697	1098	1252	1635	1683	1701	1946	1949	
149	271	600	1056	1265	1332	1351	1512	1769	2182	2595	2888	3273	3402	3934	
150	402	577	1174	1310	1473	1919	2059	2564	3020	3045	3121	3125	3176	3748	
151	141	333	376	398	591	1145	1194	1463	1730	1876	2743	3201	3670	3696	
152	77	452	774	1454	1670	1964	1989	2186	2361	2797	2859	3053	3457	3674	
153	206	485	760	1395	1445	1543	1762	2459	2639	2693	2890	3215	3272	3277	
154	315	827	948	951	986	1205	1609	1768	1794	1891	2123	2214	2326	3291	
155	164	445	1214	1494	2283	2484	2577	2664	2940	2955	3203	3450	3587	3631	
156	90	466	851	1203	1778	1810	2398	2467	2648	2782	2898	3135	3335	3895	
157	873	1021	1477	1722	1800	3040	3164	3258	3308	3437	3516	3551	3639	3680	
158	529	770	906	1215	1342	1592	1888	2189	2449	2606	3035	3197	3582	3697	
159	46	259	646	1160	1657	2440	2491	2874	3661	3786	3852	3910	3918	3976	
160	391	592	1500	1986	2586	2633	2646	3580	3606	3744	3793	3990	4092	4152	
161	432	561	716	920	1292	1559	1598	2065	2247	2493	2571	3542	3709	3765	
162	140	242	423	657	763	926	1071	1526	1935	2181	2195	2268	2814	2849	
163	74	106	178	281	472	490	1054	1299	1743	2668	2689	2987	3055	3361	
164	147	433	908	1115	1280	1420	1650	1916	2292	2701	3047	3142	3392	3795	
165	153	962	1037	1340	1349	1390	1407	2295	2377	2629	2722	2917	2918	3001	
166	101	495	513	575	757	1161	1501	1521	1649	2071	2259	2745	2958	3266	
167	666	673	1409	1489	1951	2007	2173	2308	2597	2644	2855	3115	3368	3427	
168	289	426	1468	1496	1497	1515	1633	2047	2102	2580	2726	2989	2997	3529	
169	937	1347	1469	1644	1662	1799	1914	2592	3080	3153	3333	3755	3834	3876	
170	888	925	990	1222	1757	1847	1899	2006	2192	3104	3425	3601	3612	3683	
171	1397	1818	2220	2695	2877	3009	3075	3190	3656	3741	3819	3848	4009	4010	
172	984	1030	1519	1801	2389	2747	2925	3088	3200	3214	3790	3847	3987	4071	
173	108	1732	1759	1921	2174	2241	2330	2626	2900	3282	3310	3412	3500	3590	
174	127	211	578	751	798	881	1172	1251	1434	2589	3256	3489	3620	3791	
175	480	523	1026	1155	1171	1185	1696	1729	2077	2843	2872	2895	3025	3342	
176	545	1111	1224	1450	1462	1495	1693	1852	2096	2665	2972	3052	3395	3423	
177	226	659	700	1055	1132	1271	1279	1377	2053	2319	2651	2654	2738	2950	
178	9	37	374	475	731	824	889	910	993	1451	1630	1674	1861	2515	
179	1017	1354	1603	1864	2222	2390	2470	2889	3353	3464	3501	3548	3702	3760	
180	7	12	553	604	2013	2499	2655	2713	3223	3267	3821	3902	4012	4059	
181	66	105	399	446	450	674	849	974	1118	1273	1651	1898	2234	2239	
182	733	1165	1520	1604	1703	2856	2861	3081	3341	3528	3699	3777	3904	3912	
183	291	419	818	1007	1528	1546	1691	1786	2199	2625	2761	2832	2995	3060	
184	989	1290	1599	1755	2019	2236	2309	2820	2830	2848	2975	3225	3808	3837	
185	710	808	1168	1372	2248	3016	3071	3471	3494	3495	3517	3603	3711	3723	
186	2137	2337	3031	3414	3608	3638	3690	3794	3911	3947	4114	4125	4163	4165	
187	120	306	501	663	679	916	952	1073	1190	1368	1639	2675	2808	2959	
188	172	395	607	706	1200	1345	1735	1771	2177	2736	3114	3134	3148	3253	
189	27	644	1642	2095	2149	2187	2386	3430	3565	3607	3778	3817	3938	4104	
190	159	417	692	1099	1422	1870	1976	2427	2728	3212	3448	3773	3965	4068	
191	170	296	329	350	470	941	1004	1066	1069	1243	1568	1758	2098	2143	
192	8	15	593	664	736	1348	1374	1659	2575	2616	2880	2910	2970	3540	
193	397	457	497	623	772	1264	1901	2402	2416	2674	2838	2864	2866	3076	
194	284	411	975	1266	1333	1750	1822	2197	2403	2496	3003	3010	3014	3541	
195	207	425	1405	1482	1678	1742	2347	2420	2800	2892	2941	2984	3763	3798	
196	188	544	832	845	886	1186	1522	1713	2378	3174	3249	3290	3293	3465	
197	20	233	950	1020	1101	2341	2809	3111	3660	3864	3962	4061	4156	4162	
198	36	174	216	1124	1223	1638	1673	2781	2852	3187	3380	3908	4042	4047	
199	45	131	220	686	759	825	979	1437	1542	1561	1695	1704	2168	2436	
200	688	821	1775	1963	2277	2381	2513	2928	3124	3129	3229	3588	3861	4053	
201	355	572	860	1533	1798	1981	2154	2169	2604	2650	2752	3429	3559	3561	
202	177	202	256	685	864	1540	2081	2126	2406	2537	3826	3937	3961	3966	
203	204	420	436	633	964	1398	1912	2010	2362	2584	2751	3344	3530	3724	
204	1941	2539	2905	3504	3671	3818	4027	4085	4187	4191	4193	4196	4197	4200	
205	53	109	554	875	1142	1248	1355	1578	2075	2439	2460	2618	2740	3073	
206	29	54	180	349	3389	3571	3629	3745	3869	4072	4113	4161	4170	4189	
207	6	42	528	580	786	1370	1538	1733	2086	2671	3242	3737	3972	4001	
208	69	339	351	510	662	842	894	1393	1808	2128	2218	2324	2394	2426	
209	89	221	435	625	1087	1206	1418	1842	2425	2758	2911	3305	3479	3829	
210	335	1196	1291	1719	2032	2549	2658	2739	2853	2884	3856	4046	4057	4099	
211	98	298	429	669	780	1382	1544	1587	1641	1647	2348	2447	3396	3678	
212	158	224	244	487	713	1091	1106	1170	1308	1456	1889	2717	3196	3809	
213	1119	1396	2057	2269	2476	2706	3066	3106	3387	3476	3569	3584	3695	3982	
214	60	186	356	532	548	718	728	784	854	1259	2025	2184	2622	2948	
215	196	1226	1480	1541	1977	1984	2598	2620	2731	2750	2805	2993	3042	3090	
216	240	274	933	955	1013	1068	1391	1555	1569	1685	1734	2150	2204	2291	
217	154	194	732	1661	1957	3311	3637	3677	3885	3892	3975	4174	4176	4188	
218	80	334	422	642	867	902	1388	1441	1952	2026	2333	2422	2645	3382	
219	928	943	1195	1234	1596	1708	2052	2091	2303	2388	2483	2578	2841	2907	
220	238	266	802	1048	1615	1700	1907	2432	2870	3410	3562	3595	3624	3681	
221	4	149	413	531	944	1406	1682	1686	1855	2405	2588	2634	2775	2969	
222	40	1075	1579	1588	2068	2108	2144	2529	2714	2715	2786	3002	3039	3059	
223	135	508	569	714	973	1096	1312	1688	1727	2009	2088	2131	2401	2599	
224	277	564	596	1689	2531	2661	2960	3294	3443	3533	3655	3679	3789	3879	
225	363	750	846	1041	1276	1352	1643	1834	2125	2716	3316	3451	3623	3650	
226	247	560	1589	1739	1881	2694	2846	3286	3525	3566	3610	3633	3994	4005	
227	182	253	270	290	539	1006	1927	3254	3524	3672	3762	3831	3915	3946	
228	740	1000	1040	1305	1353	1443	1504	1509	1804	1845	1892	2069	2433	3162	
229	239	254	447	635	1323	1573	1737	2011	2255	3440	3519	3616	3720	3738	
230	91	199	1191	2158	2263	2280	2281	2321	2803	3041	3061	3367	3466	3932	
231	552	568	595	997	1169	1427	1744	1764	1923	2092	2114	2188	3070	3313	
232	464	549	1740	1741	1872	1991	2691	2729	2735	2746	3118	3139	3507	3513	
233	257	823	949	1776	1821	2227	2301	2990	3236	3717	4073	4132	4175	4186	
234	111	439	726	1034	1885	2193	2334	2949	3482	4093	4121	4130	4142	4159	
235	26	430	708	914	1874	2583	2823	2999	3167	3307	3424	3478	3643	3689	
236	268	1295	1338	1379	1788	2160	2442	2523	2582	2670	3275	3498	3577	3839	
237	82	117	218	345	556	856	859	1117	1261	1746	2363	2623	3676	3986	
238	44	47	134	320	586	878	1300	1302	1915	2004	3032	3243	3295	3484	
239	79	775	891	907	1065	1306	1457	1536	1666	2519	2545	2638	2787	2793	
240	619	855	1288	1327	1618	1962	2061	2170	2517	2721	2842	2860	3287	3374	
241	460	995	1378	1958	2367	2876	3182	3747	3955	4190	4192	4194	4198	4199	
242	438	858	1109	1720	1988	2028	2133	2210	3117	3192	3261	3303	3339	3686	
243	113	130	269	789	874	956	1045	1605	1631	1937	2328	3026	3260	3279	
244	559	648	1184	1637	1767	2563	3013	3297	3349	3534	3627	3893	4151	4155	
245	48	213	288	294	632	1909	2373	2465	2710	3151	3239	3269	3422	3843	
246	18	110	122	408	502	929	1050	1467	1993	2249	2561	2901	2976	3248	
247	61	971	1267	1811	1883	1894	2275	2412	2431	2840	3210	3250	3444	3467	
248	462	690	994	1313	1410	1806	1868	2111	2138	2881	3024	3231	3365	3381	
249	86	219	444	653	795	813	1487	1549	1792	2089	2724	2767	2828	3199	
250	65	95	367	656	901	946	1571	1709	1726	1765	1830	2332	2908	3183	
251	353	526	911	1089	1173	1375	1426	2140	2167	2201	2370	2472	2759	2764	
252	365	1558	1966	2101	2171	2667	3351	3385	3456	3653	3726	3905	3951	4029	
253	115	737	744	978	1514	1754	1805	2022	2327	2522	2562	2921	3058	3191	
254	812	1031	1249	1672	1705	1924	2409	2727	2817	3011	3159	3171	3563	3921	
255	208	283	634	1198	1326	1712	1714	1774	2278	3077	3152	3815	3924	4066	
256	698	711	1231	1433	1548	1617	1781	2039	2400	2490	2741	3147	3855	3973	
257	22	689	703	1717	2244	2631	3211	3508	3735	3888	3952	4013	4091	4126	
258	841	1414	1524	2266	2288	2769	2772	3069	3185	3227	3545	3659	3751	3753	
259	872	1128	1167	1908	2046	2801	2851	3803	3810	3838	3889	3950	3977	4110	
260	313	498	691	837	1756	1997	2178	2554	2847	3095	3155	3324	3336	3800	
261	354	581	882	1092	1910	2590	2878	3067	3131	3180	3362	3558	3854	3906	
262	245	308	336	932	1108	1256	1897	2012	2548	2688	2891	2916	2979	3518	
263	542	1466	2134	2233	2507	3206	3460	3487	3692	3807	3833	3867	3927	3959	
264	499	725	756	1178	1723	1833	2779	3119	3788	3996	4101	4103	4123	4141	
265	33	145	179	304	651	810	1460	1940	1942	2230	2353	2395	2457	3276	
266	24	68	458	1239	1415	1753	2208	2240	2983	3023	3085	3099	3123	3198	
267	1042	1112	1442	1551	2163	2434	2662	2723	3050	3352	3474	3813	3844	3865	
268	31	753	945	1329	1423	1728	2016	2207	2408	2520	2574	3441	3591	3733	
269	56	655	822	879	1461	1634	1858	2097	2318	2587	3110	3257	3407	3668	
270	332	1286	1690	1969	2558	2682	2771	2886	2915	2929	3156	3321	3399	3416	
271	94	968	987	1022	1029	1926	2317	2494	2535	2669	2939	3098	3433	3572	
272	49	183	806	1077	1110	1572	1619	2042	2115	2299	2672	3030	3165	3177	
273	76	150	230	1011	1363	1537	1613	1623	1886	1906	2415	2451	3585	3589	
274	104	286	582	583	639	1014	1157	2453	2565	2875	3036	3057	3296	3372	
275	424	649	681	909	1296	1317	1455	1612	2473	3664	3666	3868	3870	3964	
276	521	1283	1499	2252	2812	2936	2994	3354	3673	3923	4088	4094	4118	4150	
277	58	192	418	492	762	839	1470	2002	2205	2325	2776	2956	3100	3306	
278	705	831	959	1147	1207	2778	2868	2923	3823	4083	4102	4115	4145	4182	
279	138	717	919	1158	1577	1663	2151	2566	3018	3145	3713	3736	3780	3820	
280	589	1365	1474	1595	2014	2331	2339	2652	2744	2768	2935	3740	3884	3919	
281	195	235	312	449	602	783	1036	1051	2162	2385	3583	3787	3940	3984	
282	214	1208	1343	2080	2179	2951	3130	3149	3292	3338	3505	3560	4062	4096	
283	103	797	1627	2569	2683	3331	3539	3804	4014	4037	4049	4081	4107	4112	
284	156	200	325	338	414	1636	2116	2165	2228	2365	2486	2882	3532	3632	
285	318	322	953	1136	1247	1311	2001	2349	2902	3238	3359	3453	3782	3909	
286	71	173	323	455	503	525	576	694	921	1262	1424	1449	1803	2219	
287	1079	1895	2502	2506	2536	3193	3458	3575	3611	4034	4131	4138	4168	4177	
288	64	142	168	380	1217	1824	1903	2041	2049	2129	2359	2443	2663	3141	
289	169	248	275	579	863	1361	1665	2082	2276	2430	2454	2737	2827	3597	
290	346	1093	1334	1436	1823	2452	2926	2967	3400	3614	3654	3756	3768	4011	
291	608	794	992	1453	1654	2304	2391	2450	2825	3232	3527	3897	3988	4044	
292	112	488	868	1103	1134	1438	1471	1736	1920	2471	2480	2641	2973	3662	
293	1581	1815	1829	2176	2258	2612	2756	2867	2934	2952	2961	2981	3469	3830	
294	316	534	1554	1625	2058	2093	2705	2904	2937	3332	3346	3360	3641	3685	
295	198	340	366	440	491	1532	1563	1851	1974	1990	2003	2407	2477	2659	
296	276	509	574	723	745	1100	1113	1182	1399	2444	2699	2796	3175	3240	
297	262	278	558	603	829	1508	1527	1780	2212	2733	2873	3317	3491	3958	
298	935	1844	1854	1913	2414	2903	3285	3326	3449	3546	3698	3706	3850	4095	
299	246	386	519	571	601	1122	1325	1784	2094	3230	3355	3421	3853	3887	
300	143	765	791	892	1376	1956	2257	2831	2971	3420	3675	3710	3754	3766	

1	0	1	0	1	0	1	0	1	0	1	0	1	0	1	0	1	0	1	0	1	0	1	0	1	0	
1	0	0	1	0	1	0	1	0	1	0	1	0	0	1	1	0	1	0	1	0	1	0	1	0	1	
1	0	1	0	0	1	0	1	0	1	0	1	0	0	1	0	1	1	0	1	0	1	0	1	0	1	
1	0	1	0	1	0	0	1	0	1	0	1	0	0	1	0	1	0	1	1	0	1	0	1	0	1	
1	0	1	0	1	0	1	0	0	1	0	1	0	0	1	0	1	0	1	0	1	1	0	1	0	1	
1	0	1	0	1	0	1	0	1	0	0	1	0	0	1	0	1	0	1	0	1	0	1	1	0	1	
1	0	1	0	1	0	1	0	1	0	1	0	0	0	1	0	1	0	1	0	1	0	1	0	1	1	
0	1	0	1	0	1	0	1	0	1	0	1	0	1	0	1	0	1	0	1	0	1	0	1	0	1	
0	1	1	0	1	0	1	0	1	0	1	0	1	1	0	0	1	0	1	0	1	0	1	0	1	0	
0	1	0	1	1	0	1	0	1	0	1	0	1	1	0	1	0	0	1	0	1	0	1	0	1	0	
0	1	0	1	0	1	1	0	1	0	1	0	1	1	0	1	0	1	0	0	1	0	1	0	1	0	
0	1	0	1	0	1	0	1	1	0	1	0	1	1	0	1	0	1	0	1	0	0	1	0	1	0	
0	1	0	1	0	1	0	1	0	1	1	0	1	1	0	1	0	1	0	1	0	1	0	0	1	0	
0	1	0	1	0	1	0	1	0	1	0	1	1	1	0	1	0	1	0	1	0	1	0	1	0	0	
