4200	300	300	14

12	7	2078	1938	2630	3951	425	2456	299	3471	2658	2923	2329	1096	
9	5	673	3834	212	2000	247	3248	246	464	3463	
15	8	3757	702	588	1360	4034	3381	3411	3544	251	889	1330	3876	829	598	895	
20	9	1514	2479	2602	2380	4135	2123	2525	1102	947	1131	4003	704	3889	1726	4160	4197	221	3131	3896	3297	
21	12	4187	799	3532	1681	3946	2501	3986	72	3934	2181	879	1129	3110	2977	1354	314	4111	700	3803	465	3682	
15	6	1047	2957	1753	3413	4132	647	1749	2351	3949	3925	2864	3663	622	2290	2054	
18	8	824	87	2916	1145	3478	3422	3744	1144	1734	1289	833	508	3500	284	3274	3998	2679	372	
18	10	4085	1439	1809	449	798	2981	471	94	2605	3106	236	3262	2014	2702	2648	1357	2156	4117	
17	6	3270	1833	1024	34	3776	3979	222	1691	2108	3028	439	3794	1299	1079	2775	2912	3664	
9	2	192	1215	2950	3841	4188	119	3769	4136	1452	
17	10	2269	1728	3181	311	1089	2988	3589	3872	2058	507	503	1432	3060	3356	796	3808	445	
13	4	3157	2444	2736	2325	2708	443	3749	3485	237	2873	2195	4133	3553	
17	10	3452	2377	259	1545	2442	2744	2625	1536	2808	2562	1067	789	3908	3115	3179	3607	1741	
10	7	1378	506	2534	1850	1392	270	2500	3609	3258	1857	
7	2	1683	2536	718	623	1408	327	801	
13	5	3893	499	1087	3412	619	2073	29	1254	558	475	3760	143	2908	
16	10	3265	2288	3193	390	826	500	297	2754	1845	2790	3002	560	2187	1936	2784	3894	
12	4	1861	2563	1535	1333	3883	3831	1569	2502	1649	1343	2399	359	
18	11	96	2624	1931	697	3250	2686	436	1522	1983	3144	3384	3066	1156	1794	1982	2830	728	995	
12	6	2594	727	3395	1563	943	3290	1386	3788	391	3612	2507	1748	
18	7	3593	1893	3143	1361	739	3056	1252	1651	209	1085	2763	644	2920	172	3289	4113	2116	501	
12	8	340	4124	4176	3397	2273	1448	2277	862	4158	1942	1885	3955	
6	1	1128	1101	3351	3292	356	1042	
11	6	951	764	321	2436	2370	1176	3559	3608	1863	2866	1834	
15	9	1056	157	3704	3164	863	1581	280	2672	514	1730	1480	6	2709	2055	907	
13	4	2340	3440	2418	2812	733	2549	3000	1840	205	1117	3328	4126	1947	
14	6	3418	1237	1130	2554	1149	1099	3089	3940	288	822	2471	1805	1603	2126	
23	11	3782	1109	3967	3982	1646	524	139	743	2597	1022	2592	2580	961	511	2662	579	1243	250	632	1838	111	2870	2211	
13	5	3204	1190	3989	1750	2271	2089	3860	1279	3714	3751	2461	4109	3567	
6	4	304	2522	1431	4168	1221	4052	
15	9	4088	182	460	2574	1062	3835	1877	1575	3643	313	2322	412	283	1934	922	
15	6	1174	2064	3719	1266	2272	1609	2330	3394	1388	1856	662	2895	530	4198	969	
14	5	3810	3656	5	2206	3798	4153	3755	3202	926	2868	365	1876	3436	1038	
14	6	1271	840	4181	2248	1697	2799	970	188	1060	3344	3777	2999	1021	2052	
21	12	4082	3330	48	4120	730	1973	3512	3837	531	2759	2558	3973	2531	55	1434	434	1493	376	3711	1126	1146	
12	4	1950	2570	1763	2877	3469	1729	617	2821	3611	987	1114	1219	
16	7	81	948	3870	2365	3696	265	3121	606	1615	890	1574	1998	2711	865	3410	3774	
9	4	998	66	3568	3160	1657	307	2296	3382	563	
14	6	3460	3901	3718	1560	60	4053	3372	2832	2319	1001	3597	437	3021	3489	
17	9	2875	1612	937	1718	1547	786	63	2603	581	3778	960	2482	1980	1229	664	914	2786	
19	9	555	51	2117	1138	3375	2914	2096	813	224	1869	856	47	3644	2148	2492	1305	3601	2262	4059	
15	8	3362	552	3434	1217	1881	2367	3237	519	776	3310	3246	1153	1858	576	3336	
12	8	2720	1369	2415	1945	3306	3582	3550	2896	3236	2599	2424	3244	
17	6	4195	2490	1263	557	2798	1960	2443	1679	2677	2589	3159	2976	2383	1619	1134	3959	92	
12	5	756	2252	2753	2185	3551	2270	1268	1188	1210	1757	1158	3953	
14	9	2911	1121	2334	2090	1398	394	2655	426	402	2104	2291	3355	184	1906	
20	11	69	1923	45	57	432	1051	3819	3622	4099	1443	2659	3075	2235	174	1940	3493	3700	215	1524	1070	
11	5	2932	1803	2806	849	2337	766	3916	381	4164	2804	3631	
14	5	1997	2194	3451	1711	2527	3340	496	1529	2954	2796	896	2623	1717	2550	
14	5	3036	319	3487	1517	3205	3923	971	2634	2616	1485	3642	2887	1597	1639	
15	5	2892	2576	90	1023	3052	725	1490	1839	3479	1583	3090	2627	2130	3736	3387	
15	5	3752	3097	2493	3435	3521	3689	2797	1224	23	1413	2172	3772	2600	2385	2323	
17	8	2993	3083	1624	2253	2382	2191	2747	3650	225	1053	2541	1698	661	1488	4119	1383	271	
14	7	1933	1104	2333	1342	867	950	2684	646	1768	4184	318	2730	3086	2092	
13	5	316	1258	2622	2320	2205	400	1902	2192	3975	2707	1784	4067	4166	
12	6	171	99	1613	2785	2020	1280	1814	596	1830	1027	567	303	
19	7	2652	4043	3942	3654	3827	3519	676	2489	3520	3490	578	3127	2001	3045	703	2779	2450	3165	631	
14	8	4017	2886	2755	306	2395	1631	1119	512	1518	864	2487	2699	3592	2039	
15	8	338	3092	2650	3287	3836	3373	9	2901	4010	3199	383	1699	175	572	4162	
17	9	3540	1231	3446	3906	2153	1627	2327	1542	3596	2347	2526	1477	797	2166	4011	2645	1557	
21	8	794	264	3511	3919	2425	4049	4138	3561	814	2609	146	2084	1301	3359	2660	1508	2202	3528	3135	3152	2958	
12	5	2880	451	2165	755	1737	3729	3839	1593	1157	3709	1328	239	
20	10	1133	1909	3085	3062	763	3697	3405	1895	787	1948	3118	3848	1788	2405	768	3423	816	1849	152	876	
16	6	240	2025	1444	3826	1992	3888	3606	4009	290	2017	2035	273	413	3099	3681	167	
13	7	2782	3542	2485	3886	3927	1650	345	808	1959	101	4167	3339	1772	
16	9	344	2573	3963	3668	2140	3308	3365	3600	2221	1978	3282	420	1652	380	3724	3958	
19	7	3792	1540	601	2200	1065	2818	3821	3403	3424	2445	3432	924	3084	1531	2803	65	2915	4196	263	
10	6	183	3723	2037	12	3380	2388	1515	762	1307	1658	
15	9	2935	3004	3161	1966	1260	1930	1058	3042	3335	2384	435	594	17	1031	3431	
13	6	186	2639	1985	3762	1804	406	1425	1585	2361	4194	1795	2723	2843	
11	4	1539	667	414	1098	3856	2093	279	2839	964	1175	3943	
19	7	658	2995	422	3547	15	1029	427	735	2309	2266	229	1904	1928	3822	2682	2110	3710	2031	3322	
14	5	4016	1293	1230	1504	3226	2975	682	1780	1433	1994	1648	834	2632	513	
15	9	1549	1295	1346	3527	1777	399	4128	1986	1113	2447	939	927	3467	3048	1990	
9	4	21	334	847	4112	2615	805	339	2772	538	
13	6	2984	3964	2710	1084	1793	2199	892	1943	3640	2620	1787	1591	1125	
14	5	2359	525	2974	2538	3332	3847	4062	1576	3102	1064	832	2511	323	1965	
11	4	1348	2295	2176	3201	2350	1044	1403	2462	2561	3715	1404	
12	5	731	3610	675	2813	1964	1955	177	900	1979	2940	2751	2217	
16	8	3717	1421	2079	144	3669	2848	228	2629	2231	686	600	2499	1205	1819	3735	2990	
15	7	1871	2628	3433	3468	2547	1397	1278	1926	3911	3583	3396	2588	409	652	886	
18	11	2970	4145	3529	1405	1771	378	2244	3771	4200	1709	3892	458	1206	1765	37	1690	4019	918	
14	7	1616	2276	561	4186	214	2613	1911	2678	3739	1163	2646	3294	1716	3497	
11	5	3619	38	2568	4075	2771	3367	4129	2085	1191	363	1829	
11	6	3584	150	2572	3166	3725	843	3419	3546	925	1944	2649	
13	8	3195	2991	3414	1607	1528	3987	4054	1568	3051	593	1061	3312	618	
14	9	1410	2706	736	894	1633	3081	2114	1393	2209	2591	4146	1035	1178	112	
7	2	1216	1446	3620	2800	972	2179	1199	
14	9	3533	1370	1661	4140	866	2355	1014	3370	71	3976	2065	1866	1621	3537	
18	11	784	1052	2099	2360	1815	3812	3494	1666	325	2390	2972	1687	2043	2316	626	3488	1889	3417	
13	5	1694	917	2189	2048	4	510	719	1586	2681	3763	4073	929	3514	
17	7	4156	1916	2817	3209	1288	3055	880	569	2636	419	2567	549	687	803	2224	2115	2404	
16	8	4089	1976	1571	1762	4147	1066	1274	2087	1124	3350	1277	1078	2665	3386	1454	385	
21	9	855	551	3420	489	3939	4061	602	1817	2701	3029	4048	269	869	2863	4170	1512	2963	2193	2016	3673	3526	
11	3	3937	1416	1975	1880	539	2448	3078	2614	991	3241	628	
16	6	3579	50	232	1147	257	2121	3316	2748	1688	117	31	151	2936	3677	2509	2773	
17	9	2608	3151	883	3588	2331	2241	604	3450	2532	3828	1264	3758	1611	3251	3234	607	1630	
7	5	1186	2267	3139	287	2072	962	132	
18	8	3789	1727	1228	741	707	1915	361	494	1495	3605	308	2948	1041	3996	2721	196	2268	2435	
14	8	141	635	1470	4139	1981	3317	2474	1588	636	521	2213	3191	2207	2869	
16	6	1419	3745	3114	982	3116	1213	2760	1123	997	2661	2152	1640	3043	3188	2626	169	
14	8	3829	1848	3341	2287	2876	2062	533	3408	3012	44	3260	285	3011	18	
10	3	909	674	3176	3599	4076	3721	2888	1261	2774	2794	
14	6	2188	3680	431	3169	1411	2236	3678	2459	2457	3168	4137	1172	3857	3938	
14	5	4179	1999	751	2698	906	2893	2851	2902	3286	2386	2146	2982	2494	2451	
12	8	2577	2423	2391	3208	3811	1409	3799	1002	1208	1519	3602	145	
16	8	3770	1713	1083	1890	1598	2434	1556	89	3814	1273	26	1088	2925	208	362	1710	
19	7	3215	2545	3016	226	1240	4090	1643	1040	2264	2595	3903	2184	2973	1551	3390	3617	2733	1000	1953	
16	6	1429	2941	2519	2238	2332	2006	1055	2429	1572	571	3816	3280	3513	3565	928	2512	
18	7	428	1625	3186	1203	1202	1318	792	4023	1578	324	915	2024	3984	46	3425	3556	4033	3389	
13	6	2926	3401	2362	2178	1988	216	1573	467	476	2154	3780	1161	695	
10	4	410	2022	556	2770	233	1244	3624	456	1677	2857	
13	8	2889	1381	2612	3741	1334	2042	3483	3957	1045	2292	724	1506	4172	
16	8	729	2858	3146	3068	1891	2598	1234	2408	3603	1913	1567	3498	1233	67	2996	2617	
15	9	1049	2900	161	3948	3672	369	2842	36	3385	3484	1457	2003	3869	2122	3557	
8	6	3988	2066	1275	2724	254	1744	515	2321	
13	4	535	2458	109	421	575	1136	1548	1362	2787	479	1366	2705	2265	
9	3	2257	3133	1012	2529	159	2943	1859	2537	497	
13	6	4014	3933	3525	2197	3904	1635	395	2010	3303	823	1080	3228	3832	
21	9	3632	2546	4101	1602	2396	3960	2910	2713	3376	3730	2523	289	3657	2379	4174	902	291	444	3206	1853	2218	
16	7	1799	732	505	1879	1555	1321	455	1057	1614	3354	1826	3686	3855	1792	2968	2641	
9	3	550	1331	3783	2669	4103	3900	2469	1589	3662	
12	4	1115	665	1682	3154	3761	3720	3586	2894	1110	2524	49	1039	
13	7	1870	2689	2308	759	3647	1345	1864	2836	985	3077	3541	2029	2919	
19	9	1546	1501	2177	1798	386	2402	3952	2222	2945	4022	3184	2543	3454	3067	3218	1486	2101	3492	3453	
18	9	3830	2294	75	1538	1499	2190	1269	258	1914	941	1801	710	2933	482	1957	3807	1672	2885	
13	4	3247	3863	2106	3080	815	2049	337	4199	1606	1015	352	509	752	
21	12	2569	1385	1336	3509	2008	1642	3633	3198	1415	438	1808	3637	3026	720	2565	1487	1739	463	2301	1818	2401	
16	7	3615	103	778	3069	3652	3109	3212	3079	1430	2198	2453	302	86	585	1329	1860	
13	4	2909	516	3992	326	570	181	3323	1664	2246	1746	931	624	387	
21	12	3922	614	1634	3787	2581	777	3442	773	975	374	2867	1238	2667	3627	573	2336	565	1846	3126	877	3972	
10	5	4189	2	317	1376	4131	1958	122	2420	1605	1867	
22	10	1341	1766	4127	1073	2715	1722	4157	1347	2133	2583	1970	2644	1442	1676	2203	3266	1338	859	3675	1284	1235	3970	
7	5	3357	1507	3009	3302	454	3991	1743	
13	7	2286	2807	1503	2167	649	11	429	2160	3999	4142	790	3495	3142	
21	8	4091	2692	2506	1473	1390	1455	2284	3815	2819	2783	1251	4154	3235	244	3764	1821	3796	261	2619	2406	659	
13	4	3779	377	3273	1072	3347	2182	1184	1259	3727	3366	3858	1740	660	
16	10	1599	379	3150	3032	627	1204	2465	3539	1888	3548	4118	130	433	210	155	360	
9	6	2005	1332	341	3985	952	1505	1533	1375	4151	
21	12	4183	54	25	42	2651	8	85	2987	2131	2427	2056	2965	79	1069	893	2454	605	3699	1358	3572	301	
14	7	1092	53	1622	1048	1107	2243	3850	3119	2232	2472	163	2161	3326	3360	
15	9	207	170	3945	3641	2938	1198	19	3728	56	3293	3039	2127	913	204	480	
8	2	2375	4006	2449	3510	2737	1108	95	1180	
12	6	272	2164	1604	4078	620	242	3345	2929	2675	3058	742	3918	
14	6	3801	2335	2852	142	838	1497	802	2237	2960	2611	2643	459	3867	488	
10	5	1391	760	3993	58	2552	750	1580	3750	583	851	
23	11	370	1921	1962	3098	3073	2666	2878	2928	3087	956	1566	1610	30	1167	841	3845	4155	696	749	389	2002	3268	4122	
12	5	2942	783	679	2057	2220	1570	4106	1796	1472	3853	1287	203	
16	7	934	891	2738	1226	2120	2275	3348	2409	1209	3416	3785	164	1311	2913	2338	2859	
12	5	3515	2952	965	4030	2905	1758	453	4080	529	91	1907	2657	
10	7	1374	2559	3267	2584	3926	973	153	2075	1532	1450	
15	6	1781	2183	666	35	3773	1218	2596	2180	4148	2921	1626	2816	936	1584	968	
9	3	407	3071	1663	2551	3866	884	4108	2828	3392	
10	4	1537	4094	2637	3134	2593	1417	423	1719	1674	2835	
13	6	2997	473	650	1200	1122	3930	1100	1987	3884	3171	1969	1368	1601	
12	5	1754	3554	3070	2136	993	1841	2432	1769	1327	706	988	3190	
12	4	912	559	1837	1498	2638	3732	1655	878	1339	452	1898	3591	
9	3	1272	3823	1011	1103	712	1010	3667	3879	3281	
23	12	2890	3655	2081	857	2944	2939	373	4015	828	1236	4031	2422	3147	1721	694	3813	3629	3457	616	2397	4182	1212	2278	
11	4	1767	32	2259	1868	1920	3219	677	3524	610	1323	1972	
7	1	2344	746	3130	4020	2757	2417	1844	
15	5	241	2210	1344	2517	1372	3895	2728	3846	2845	953	4104	2201	1319	1832	3523	
20	10	2934	3707	2004	1155	1137	3050	4027	930	2906	3172	3383	4152	118	1510	478	634	1910	3122	3220	108	
10	6	683	1220	1905	3790	154	1686	2805	1656	2727	3091	
14	7	1791	2587	61	1874	1496	2826	1170	3	2788	959	248	4087	888	2656	
4	1	1993	2732	4026	2601	
14	9	845	839	2586	574	3008	3094	3838	3791	2820	1018	744	2746	1952	62	
11	4	4116	333	4044	1854	3108	2571	1322	4074	3107	4123	1785	
18	11	1783	2030	486	1248	1562	104	1678	541	2865	2038	235	3158	2134	3928	3555	1751	2398	1764	
11	3	335	3180	3057	2352	1954	1435	110	3941	1283	4047	1695	
18	11	2348	1520	3178	2433	3470	1290	3296	1091	1659	2229	396	2021	2980	2298	1016	156	1894	1320	
17	10	2095	1246	28	1315	3924	698	2368	3684	1842	3232	3333	128	2419	2621	3430	2989	2034	
12	7	2215	858	1786	2802	4095	492	3738	1140	3217	2992	597	3852	
15	7	1081	2756	3688	3646	1013	13	2680	178	2157	3885	3076	33	1823	14	1356	
15	7	4040	1245	747	3371	3574	3437	1654	3398	1384	1712	3472	3880	2293	3447	1742	
20	9	2475	2847	807	2780	2070	1325	3361	2927	774	3141	2013	1843	1715	1365	3023	2882	1189	3759	1160	1422	
14	5	3496	2228	1594	1337	3196	2687	1313	3252	2175	1351	2105	3743	1127	1020	
17	6	2946	2685	2214	3733	2094	2283	2372	3132	231	1707	4028	3304	481	2142	2768	1974	3053	
13	8	1187	1702	213	690	262	2731	3851	3063	654	1335	3968	2061	140	
25	10	2725	2688	2743	3261	3104	2363	3558	1412	3907	3628	689	2719	3861	680	1800	300	1135	2985	1620	1458	4110	4072	1349	1270	3136	
13	6	592	3854	4025	3701	2535	2729	39	2393	3833	1304	1706	3421	84	
16	6	758	3438	820	3465	1120	1326	388	3243	974	3074	2174	770	2438	651	137	2750	
8	5	3638	2428	3047	162	870	1399	2861	4143	
16	9	2691	3044	678	1735	648	590	2282	2717	1019	2439	1862	591	136	2809	767	4115	
12	7	2149	2204	1350	3635	872	2027	603	825	134	1807	1941	920	
18	8	949	2703	1956	640	2765	910	1427	534	2897	176	4007	754	1813	1932	2714	3625	1802	3748	
6	5	1017	986	2466	2949	1250	958	
14	7	637	490	70	3965	1095	4193	2579	78	2998	3263	780	1534	2695	2342	
15	7	1463	2642	1401	1440	3427	1896	2258	3491	2227	3722	612	3817	1732	3462	238	
15	5	2255	3459	193	129	3315	1296	1692	2125	4002	4041	726	1755	1878	836	1925	
20	11	1355	1464	7	2578	149	3111	977	2542	978	2994	1685	3726	469	2922	1071	115	2077	268	2521	3038	
18	11	1276	1714	3170	405	3456	3257	3874	3691	850	553	540	2088	2305	2504	292	3006	1132	1816	
13	7	2477	2254	1820	3665	3765	1918	1466	1312	1046	88	1883	355	93	
12	4	1901	80	3031	1316	2392	3259	1006	2394	1223	4086	3005	3929	
9	6	3971	3123	3439	350	2216	40	3105	2618	1447	
19	10	3805	3015	1168	1665	2683	348	2256	3314	1050	3391	3307	3148	2827	305	1436	1738	1828	1468	1724	
15	5	699	4057	1892	980	3072	371	3977	4149	2299	1253	2917	2250	523	2212	4105	
15	7	3809	942	2505	4070	3223	4038	2726	1449	2735	3125	1139	3840	1653	2978	3950	
19	11	2437	2513	1475	3211	3877	4012	2102	1242	1438	1003	3590	1696	3580	1324	656	1456	1247	4032	2046	
12	8	77	3842	245	905	566	1701	2518	717	2789	1406	2026	2777	
13	8	367	2364	1587	1179	2671	3358	904	4051	1700	234	810	1977	1181	
11	7	2739	3095	3740	1760	3481	1394	368	2068	168	2495	2239	
18	8	713	2349	1105	3917	3426	266	3088	2668	1185	1292	1382	545	366	2128	2208	2840	336	3007	
15	6	4175	1474	1201	3616	1543	2455	898	3692	1418	2810	2670	3786	3703	3325	2881	
13	8	351	3129	4100	3214	1908	41	2553	474	1116	2311	3566	1030	1428	
14	8	275	349	3747	2959	3388	3666	791	484	1968	2036	2966	3486	3508	932	
11	6	2758	4039	2109	2862	424	3014	785	2740	3167	278	2879	
19	7	430	715	3187	1629	3305	1773	4064	753	809	2431	3353	2837	2555	2009	3702	3163	218	981	3200	
19	11	3573	3873	771	3278	4046	4107	3797	1638	871	2795	1281	685	2514	1872	185	3706	1491	1991	705	
5	3	1112	3954	625	3400	642	
15	5	1922	166	3183	818	1494	1028	4180	138	1559	3604	2676	670	2931	1618	3404	
12	8	125	3319	397	2315	615	3284	3571	1544	309	202	812	984	
5	3	1582	4161	2440	2722	3935	
12	5	2416	3327	3034	1389	2811	441	2326	3626	873	2654	124	655	
11	7	633	2045	3534	2186	899	3679	2374	1500	52	3695	2872	
16	7	3242	3936	3818	1173	1262	330	2091	3944	1623	2854	835	3331	1308	1090	827	4081	
11	4	10	3868	3618	3499	298	3342	1720	189	3767	2470	3213	
14	6	613	3980	2463	3464	4144	3473	3461	1034	4013	844	846	3117	1211	2833	
10	6	817	1407	3995	520	408	3685	2163	3182	3690	1530	
22	9	2604	392	860	4000	983	4173	1971	201	2955	3538	772	1387	3897	3145	3295	2430	3804	106	2767	1776	716	416	
17	9	737	2674	1183	3775	1917	740	206	955	1005	2032	1756	2983	2421	3576	1752	1884	2752	
13	8	102	3476	1445	3059	1669	3402	2251	1009	537	587	199	1851	296	
19	10	1310	1693	2023	2312	2171	3649	3914	1059	3194	1476	2403	1935	2345	332	3480	3756	2540	2145	1924	
10	7	1705	2520	2704	3254	1577	1414	1437	2855	2053	3337	
10	7	3138	219	2741	3466	1255	3428	1193	2414	502	329	
13	4	2964	3093	3409	59	1855	131	2633	3653	1632	1043	1194	3518	3800	
9	6	73	2937	3887	714	466	2261	1644	2307	1937	
12	8	2924	1367	2407	2044	2410	3277	64	944	173	2343	804	3482	
14	5	3441	2967	2019	105	295	3530	3503	966	3881	2850	781	3253	2766	3878	
9	2	1759	1257	2441	1552	2503	1835	3575	875	1886	
15	5	357	2162	450	544	2951	198	990	2918	4066	1426	3806	1143	1636	4069	2247	
13	5	4125	2508	498	2953	1564	2762	2530	3902	3549	3920	4177	3569	4092	
17	8	709	2279	3915	483	782	440	1303	2143	1396	568	1207	1459	1996	711	2317	243	2647	
17	10	1232	1825	3502	2849	1214	1082	3224	1733	938	2716	2381	442	3543	3614	1811	3865	3197	
14	6	3027	2303	722	1142	3660	3040	2234	2476	2033	1225	3734	1939	775	3956	
7	1	2664	3207	3962	252	2460	3065	923	
16	8	1667	2483	2389	411	3445	3363	1169	2314	527	3966	919	4024	493	495	1111	4165	
11	7	2853	470	3288	491	3061	2324	1550	2124	3275	2745	2411	
16	10	2566	113	320	2464	4097	1919	230	2904	1423	3429	3030	4134	1481	286	191	487	
13	6	4121	1265	548	3054	4159	831	3564	3399	4058	2132	2884	1195	485	
15	5	2480	1077	3560	2891	1106	4068	2979	976	2712	2899	3475	526	468	3746	282	
12	7	2548	3230	1373	404	2764	701	3862	3320	2582	681	3898	3651	
15	9	2225	723	1596	2304	542	532	1831	4036	1579	2700	2749	1565	1637	2050	24	
18	7	477	2883	3364	2822	384	3444	589	1806	220	837	3477	1516	3264	2141	2871	2742	2718	1865	
15	7	2015	1641	1912	3659	2260	3802	461	3843	586	3997	2353	3932	1379	417	1680	
9	6	1152	2233	3990	353	2378	3517	3324	3455	1782	
14	8	158	595	97	120	2069	874	187	2557	3587	22	3033	3035	1984	2371	
21	10	4096	2373	3318	2240	4055	609	1660	1380	2086	2357	3256	1897	457	522	3443	1670	446	4093	669	3913	3153	
10	5	217	1778	1074	3210	1063	4114	1182	1554	1469	3203	
7	5	256	2778	3222	897	2040	3613	1076	
10	6	2962	1951	882	3820	1451	3037	1723	2825	788	2285	
9	4	1032	3013	293	2528	582	1995	2170	1420	3687	
9	3	2585	2486	2856	114	547	3598	2097	2249	2947	
14	5	3128	800	133	2129	3393	2098	147	979	1196	3912	1797	3189	684	1282	
13	4	1359	1086	322	2107	4191	3890	255	2446	3227	249	3594	2481	3766	
15	7	3504	1465	2640	3221	1489	3173	1036	1963	2318	223	2400	3239	1054	403	3321	
13	7	3754	358	3648	663	2313	2300	3905	3961	2590	4001	2606	2119	2111	
12	7	1462	1197	1590	1094	1162	2223	3844	3024	3563	2067	1561	1900	
17	9	3994	1899	1779	3406	1441	2012	3238	3505	3891	3368	2151	20	2080	2792	3742	999	2007	
18	10	3162	3981	3022	2112	2059	830	779	933	517	3676	3025	3272	564	1645	4130	2467	3156	2544	
18	11	43	1882	2491	1239	3531	1363	267	688	4171	3124	2903	1847	1371	761	418	68	3825	3875	
14	8	629	3737	3713	536	2468	2354	1008	98	2242	2781	2498	577	1159	3882	
14	7	4004	1961	3899	2776	528	1558	4042	3120	3269	1527	3177	954	2452	3240	
10	5	4192	3137	745	611	1989	1592	331	3623	1775	1747	
15	7	2356	3185	3562	3983	1600	1402	3018	2018	887	3276	401	2653	3630	274	3271	
18	11	653	2814	3349	1887	3377	76	2846	1671	806	853	2697	2341	1118	2103	1461	2607	3731	2074	
12	5	310	630	1037	2041	126	967	3192	3233	1192	3020	4083	1521	
13	8	3155	3378	1222	1770	2082	3291	447	3698	1761	2413	100	1171	1267	
16	10	3449	1460	342	83	4084	4008	3448	1704	160	3552	1745	4060	1526	639	2860	2824	
17	6	1068	3113	2516	1967	4190	1875	3693	3639	2473	1395	276	1025	2387	2135	2769	3174	957	
13	6	916	2100	2831	180	4102	1675	1007	599	1154	2426	734	4079	2138	
14	9	200	1482	1097	1822	2986	795	2011	1708	1093	253	211	2801	107	2155	
6	2	1294	2274	1662	1298	2226	2168	
16	6	148	738	1314	448	1595	668	165	1300	1166	4098	3921	3334	2761	1492	992	842	
10	4	994	643	3824	1483	3175	2829	3621	2219	580	3101	
18	11	2841	3003	4056	2358	881	3249	1647	2693	1026	382	1509	2376	1668	3683	3974	2930	1004	861	
10	3	4065	3931	3474	2515	2823	3379	584	1684	4169	672	
12	5	911	1302	1352	1286	2690	1309	135	3049	1541	3645	343	2898	
8	3	1148	4150	3545	3041	3522	1731	748	2844	
13	5	1774	693	3658	2328	2556	901	3343	1164	1523	1285	1511	793	2874	
19	9	4035	1075	621	27	692	2346	2734	691	1827	1297	2663	2834	375	3255	608	1810	1689	127	1033	
16	6	504	852	1150	3283	3712	3313	116	1946	3311	2150	1471	3864	554	721	121	2060	
15	9	3753	3768	3096	1929	1927	2169	757	2147	2791	1502	74	2969	462	2063	657	
10	6	3670	3661	1513	1	2694	819	1306	2144	963	2497	
14	7	3112	2838	3245	543	645	3969	3535	3231	3001	2302	1141	769	4071	3329	
15	5	1377	3671	821	2158	1478	3298	346	921	3103	3570	4077	3577	4178	1453	3636	
16	7	2230	2366	2412	123	1789	2673	260	1824	1736	2113	641	2289	1424	4005	398	1484	
15	8	2196	2281	347	3300	3415	1317	935	3019	2369	1628	885	3285	4185	2159	4021	
9	6	3301	82	3909	1673	16	2339	3849	4050	2478	
19	10	1467	3140	354	3100	2961	3369	4045	3046	3947	1364	294	2051	3708	227	1873	854	3407	2280	281	
14	6	1256	2815	3634	4029	671	546	2533	1177	3010	1812	2083	2510	4037	3338	
14	5	2173	472	2047	3793	1165	3784	908	2971	4141	3674	2245	277	3017	3458	
17	7	638	3064	2306	393	940	3859	1608	3279	190	1400	3216	518	3978	2539	1703	2496	1903	
10	6	1353	1479	3585	197	2956	179	848	1227	2631	2488	
17	9	3578	946	3694	364	2028	945	765	4063	3705	1151	2484	1249	3501	708	562	3352	2071	
7	4	4163	3229	3871	3082	1836	194	2560	
12	5	2139	2263	1790	3781	1525	3346	3795	3506	415	903	2610	1340	
17	6	3309	3299	3716	3225	1241	3910	328	3581	3149	868	2696	2297	1725	989	2907	3516	1617	
11	4	315	3536	3595	1852	1949	2076	3374	1553	2793	2310	2635	
11	7	996	1291	2575	3507	4018	811	195	2564	2118	312	2137	

1	256	613	1056	1128	1419	2149	2344	2725	2993	3441	3792	3893	4085	4088	
2	370	430	477	504	653	949	1294	1616	1861	2688	2720	3083	3138	3242	
3	272	673	916	2269	2911	3215	3615	3770	3809	4004	4017	4035	4163	4183	
4	81	737	824	1068	1112	1115	1341	1439	1599	1705	1870	2276	2778	3157	
5	200	912	942	948	1961	2563	3573	3829	3922	4091	4116	4121	4187	4195	
6	535	756	855	1174	2577	2691	2970	3670	3810	3980	4089	4156	4175	4179	
7	340	1049	1369	1514	2566	2569	2664	2841	2890	2935	3128	3579	3753	3782	
8	43	50	73	316	555	665	715	1540	1759	1950	2604	2674	2689	3003	
9	241	909	1109	1391	1922	2356	2932	2967	3187	3204	3270	3540	3661	3801	
10	103	171	633	817	934	1258	1310	2475	3004	3229	3247	3309	3418	3452	
11	102	674	760	1032	1148	1467	1766	1921	2348	2652	2875	2880	2937	2964	
12	166	186	217	240	550	778	911	1546	1624	1833	1848	1871	2909	2984	
13	77	629	1216	1276	1482	1962	1993	2415	3140	3155	3265	3362	3745	3988	
14	87	637	852	1348	1693	2064	2095	2210	2230	2286	2340	2570	2594	2883	
15	141	551	1767	1783	2255	2366	3044	3113	3114	3449	3834	3871	3967	4082	
16	552	683	799	1121	1232	2025	2030	2204	2225	2359	2545	2743	2934	2946	
17	344	486	678	727	1075	1694	2164	2288	2423	2692	3027	3460	3789	3805	
18	21	51	592	723	1081	1133	1385	1462	1513	1781	2416	2479	2585	3593	
19	113	334	621	1183	1359	1446	1714	1774	1791	1901	2139	2173	2391	2602	
20	157	392	693	758	1086	1246	1410	1629	1882	2926	3195	3330	3440	3533	
21	451	1024	1256	1271	1370	1612	1667	1754	2548	2685	3261	3779	3870	3936	
22	379	601	1265	1429	1803	2015	2045	2100	2418	2587	2628	2815	2916	3104	
23	69	322	333	357	410	472	490	614	709	937	1460	1728	1809	2078	
24	54	428	499	1092	1353	1444	2162	2491	2782	3327	3438	3982	4014	4096	
25	25	1537	1641	1727	2706	3542	3619	3632	3656	3737	3899	3994	4016	4145	
26	232	994	2506	2516	2889	2942	3185	3208	3378	3401	3515	3534	3578	3655	
27	42	338	450	736	860	917	1344	1355	1634	1912	1945	1967	2047	2900	
28	342	449	713	1047	1187	1248	1661	1899	2023	2377	2437	2546	2608	2651	
29	27	38	48	259	1378	2444	3176	3341	3496	3532	3754	3811	3830	3863	
30	561	729	891	1220	1239	1799	1916	1938	1999	2362	2513	3181	3971	3993	
31	158	506	544	1474	1545	1681	2363	2380	2736	2892	3161	3768	3787	3818	
32	1	58	354	658	1646	1763	2189	2294	2486	2581	2814	3193	3459	3793	
33	32	148	311	820	1150	1293	2081	2739	2812	2831	3150	3306	3420	3757	
34	746	1190	1230	1302	1407	1463	1625	1718	2552	3183	3283	3634	3707	3752	
35	516	800	857	1173	1228	1501	2178	2200	2279	2373	2442	2490	2991	3100	
36	367	638	2004	3096	3584	3933	3937	4044	4056	4135	4140	4189	4190	4192	
37	548	731	2253	2303	2365	2941	2997	3064	3093	3186	3395	3713	3854	3946	
38	722	1155	1186	1966	2458	2576	2642	2703	2756	2886	2995	3013	3016	3318	
39	207	275	377	635	998	1203	1504	1547	1997	2183	2817	2853	2877	3097	
40	226	315	524	702	783	784	894	1401	1520	2295	2493	2519	2755	3032	
41	407	470	588	627	692	845	1017	1142	1240	1683	2177	2188	2312	2856	
42	75	786	794	946	1165	1360	1562	1633	1735	2252	2375	2505	2517	2961	
43	8	10	180	306	1204	1596	1976	2196	2568	3704	3826	3901	4040	4043	
44	109	170	818	1237	1352	1374	1440	1464	1538	2117	2214	2263	2639	3299	
45	421	422	489	648	741	1130	1923	2123	3015	3369	3433	3868	3915	4000	
46	2	96	390	525	1245	1336	1778	1985	2165	2228	2335	2534	2776	3036	
47	150	732	1262	1539	1798	1893	1905	2395	2477	2847	3504	3529	3558	3680	
48	707	1065	1257	1272	1350	1377	2005	2107	2281	2525	2957	3112	3130	3222	
49	304	349	733	738	798	1102	1909	2194	2325	2838	3143	3288	3468	3688	
50	83	104	320	473	1052	1074	2106	2306	2349	2412	2480	3164	3719	3790	
51	123	193	347	643	826	1152	1168	1263	1494	1631	1875	2549	2554	3123	
52	317	319	431	1361	1499	3178	3465	3509	3531	3694	3747	3762	3842	3942	
53	34	45	667	1101	1465	1804	2066	2267	2334	2501	2624	2981	3434	3469	
54	7	66	386	747	777	951	1275	1753	2008	2559	3080	3525	3717	3733	
55	53	1097	1473	1563	1779	2233	2951	3659	3964	4045	4094	4102	4120	4124	
56	85	133	219	839	1105	1138	1412	1535	1933	2259	2260	2287	2463	2578	
57	575	815	1201	1915	2215	2238	2346	2358	2464	3098	3210	3638	3671	3696	
58	358	361	364	393	666	1266	1390	2186	2485	2586	2858	2974	3073	3635	
59	129	730	983	1028	1231	1931	2710	3081	3146	3305	3414	3618	3886	4127	
60	198	351	528	1136	2433	2630	2876	3034	3273	3315	3487	3616	3718	3802	
61	63	139	764	1087	1332	1956	3068	3085	3209	3536	3784	3927	3992	4034	
62	183	807	858	881	1089	1405	1479	2402	2465	3207	3301	3476	3499	3648	
63	57	699	986	1063	1145	1622	1786	2483	2741	2988	3442	3470	3873	4173	
64	1048	1104	1296	1381	1416	1713	1789	1790	2019	2048	3137	3162	3409	3413	
65	80	82	99	559	745	908	1333	1571	1594	2257	2724	3062	3092	3139	
66	70	471	595	751	1314	1517	1548	1762	2114	2520	2758	2806	2818	2944	
67	94	245	483	1290	2129	2573	2987	3000	3245	3364	3582	3658	3965	4039	
68	90	192	650	663	982	1120	1389	1393	1421	1470	1475	2090	2254	2466	
69	149	182	432	494	500	940	1260	1682	2962	3451	3554	3620	3646	3821	
70	505	679	1217	1286	1891	2176	2190	2240	2698	2753	3133	3550	3654	3775	
71	265	1222	1642	1702	1773	1881	2666	3071	3267	3945	3981	4020	4075	4084	
72	161	310	782	1409	1445	1560	1692	1850	2062	2584	2971	3349	3393	3781	
73	5	264	574	771	773	990	1051	1149	1543	2382	2673	2771	2924	2952	
74	28	590	630	849	866	975	1200	1711	1951	2131	2918	3427	3439	3446	
75	533	1072	1455	1975	2274	2355	2959	3201	3589	3660	3887	3963	4029	4101	
76	114	298	543	739	863	899	965	1137	1202	1331	2099	3211	3371	3995	
77	35	59	374	2206	2538	2640	3008	3300	3381	3511	3562	3986	4090	4141	
78	547	697	1023	1376	1602	2272	2598	2605	3111	3776	3859	3989	4065	4070	
79	213	821	905	1037	1083	1663	2282	2389	2455	3568	3585	3823	3827	3872	
80	1012	1099	1495	1607	2098	2185	2367	2802	3070	3574	3641	4055	4125	4150	
81	690	840	947	1367	1604	1992	2094	2603	2896	3022	3170	3237	3296	3437	
82	260	411	609	1091	1372	1581	1650	1820	2313	2427	2622	3094	3221	3547	
83	4	1528	1608	2022	3031	3059	3205	3367	3605	3693	3712	3895	3919	4078	
84	254	763	1549	1654	1879	1929	2136	2300	2728	2939	3069	3249	3408	3551	
85	581	847	1326	1660	2079	2694	2822	3129	3313	3478	3798	3939	3948	3952	
86	1147	1643	1678	1973	2041	2158	2222	2284	2320	2333	2508	2612	2717	2852	
87	197	898	906	977	1073	1095	2056	2308	2407	3040	3050	3169	3279	3512	
88	759	1013	1837	1971	2283	2757	3357	3595	3665	3778	3837	3877	4027	4061	
89	743	1040	1342	1771	2547	2715	2878	3987	3990	4012	4064	4139	4147	4153	
90	297	460	753	2205	2708	3012	3116	3351	3435	3464	3674	3697	3716	3815	
91	257	620	1077	1234	1363	1507	1855	1927	2928	2956	3250	3741	4008	4066	
92	384	1316	1525	2028	2364	2372	2732	2938	3403	3639	3909	3926	3983	4030	
93	60	287	308	1122	1213	1558	1917	1930	3087	3089	3121	3466	3917	3962	
94	242	671	872	996	1011	1600	1770	1852	2112	2171	2264	2350	2965	3230	
95	125	267	321	1291	1647	1665	1673	1722	1824	1949	3052	3668	3923	4006	
96	353	725	1019	1255	1890	2109	2948	4025	4114	4131	4181	4186	4191	4193	
97	142	930	971	993	1269	1315	2270	2650	2780	3332	3375	3679	3755	3773	
98	154	293	414	519	640	755	809	945	1044	1373	1981	2304	2374	2439	
99	179	388	776	1380	1825	2905	3519	3819	3906	3930	4026	4132	4144	4157	
100	13	97	440	750	1398	1736	1841	1887	2396	2683	3278	3426	3610	3622	
101	520	541	556	688	1198	1218	2086	2360	2542	2704	2734	2754	2765	3056	
102	212	266	400	676	897	1347	1402	1500	2579	2596	2945	3226	3342	3444	
103	394	405	448	589	611	838	973	1609	2637	2693	2807	2975	3225	3406	
104	348	882	1014	1252	1478	1498	1613	2332	2357	2680	2914	3652	3883	3907	
105	330	498	531	691	714	960	1288	1880	2070	2248	2634	3151	3223	3236	
106	190	201	326	765	1107	1325	1651	1815	2058	2197	2449	3598	3628	3672	
107	378	602	1318	1392	1555	2256	3132	3310	3456	3560	3633	3812	3846	3888	
108	404	910	956	1241	1503	2245	2425	3018	3257	3649	3824	3847	3979	4053	
109	1026	1295	1334	2528	2759	2891	2955	3095	3398	3723	3904	3960	4054	4095	
110	1397	1427	1566	2558	2597	2744	2800	3088	3154	3428	3473	3502	3606	3740	
111	557	1022	1346	1411	1490	1737	1827	1840	1845	2140	2489	2690	2811	2893	
112	369	510	1098	1303	1958	2082	3910	4009	4049	4063	4097	4099	4171	4176	
113	79	116	258	534	536	1403	2006	3046	3298	3415	3448	3527	3599	3761	
114	147	328	1317	1337	1426	2049	2191	2599	2842	2910	3647	4129	4138	4180	
115	346	645	1119	1443	1822	1914	2044	2392	2431	2529	3109	3287	3345	3361	
116	126	883	1069	1483	1598	1806	1902	2686	2986	3160	3319	3388	3461	3705	
117	122	373	492	867	1595	1989	2091	2192	2328	2436	2473	2572	3124	3422	
118	72	209	220	978	1193	2042	2927	3212	3254	3412	3588	3905	3944	3973	
119	382	546	1041	1106	1151	1657	3054	3082	3198	3424	3520	3744	3924	3975	
120	16	280	619	941	1839	2169	2575	2798	3259	3405	3765	3799	3934	4100	
121	105	131	262	307	443	606	1131	1704	1760	1896	2462	2522	2556	2906	
122	15	270	295	341	1489	1615	2125	2153	2655	3397	3479	3806	4046	4057	
123	205	350	1029	1100	1309	1509	1868	2747	2764	2849	3106	3172	3214	3521	
124	135	222	337	427	570	1400	1920	2330	2551	2659	2672	2819	2897	3079	
125	214	1006	1587	2037	2073	2595	2625	2668	3166	3411	3749	3838	3947	3951	
126	19	689	698	1182	1214	1345	1415	1659	1662	1669	1817	1862	2234	2258	
127	436	719	1055	1568	1801	2167	2229	2953	3219	3314	3650	3914	3931	4038	
128	61	792	890	1059	2236	2613	2738	3009	3202	3483	3545	3874	3996	4068	
129	926	1034	1179	1395	1691	1750	1895	1960	2331	2468	2770	2865	3353	3402	
130	144	1362	2441	3691	3725	3729	3831	3856	3890	3969	4003	4042	4076	4107	
131	52	78	345	441	539	668	735	1002	1441	1627	2354	2428	2868	2903	
132	160	181	1215	1430	1564	1686	2143	2180	2327	2482	2760	3134	3246	3377	
133	675	921	1066	1082	1396	1758	1918	2096	2241	2326	2434	2445	2721	3507	
134	491	787	843	1144	1777	2271	2531	3445	3581	3669	3721	3728	3820	3957	
135	396	582	795	808	893	935	1675	2059	2243	3224	3432	3494	3561	3666	
136	12	76	710	1050	2027	2337	2448	2454	2592	3535	3538	3797	3850	3961	
137	44	276	830	1058	1268	1854	2309	2368	2713	2933	2998	3075	3194	3391	
138	438	791	1117	1185	1666	1911	2038	3055	3372	3490	3544	3903	4002	4013	
139	56	138	335	426	542	591	779	1623	1734	2121	2410	2580	2979	3256	
140	165	757	814	1153	1476	1569	1610	2527	2638	2701	3049	3231	3376	3552	
141	236	603	1123	1197	1431	1522	2181	2574	2719	2846	2867	2929	3108	3120	
142	30	578	604	647	774	837	972	1278	1638	1908	2000	2113	2198	3047	
143	233	255	871	961	1864	1897	1946	2072	2108	2609	2762	2837	2862	2950	
144	146	457	901	1635	1749	1987	2093	2273	2424	3041	3141	3308	3450	3485	
145	231	399	484	1451	1697	1745	1980	2443	2787	3051	3263	3323	3370	3383	
146	397	950	997	1008	1559	1995	2076	2133	2266	2408	2417	2785	2799	2994	
147	55	740	844	879	970	1679	1919	2783	2832	3028	3173	3317	3343	3477	
148	206	813	1164	1167	1244	1541	1583	2021	2476	3175	3277	3316	3539	3684	
149	406	408	1025	1292	1968	1983	2084	2633	2829	2854	3061	3292	3340	3491	
150	512	522	772	1842	2097	2147	2671	3380	3604	3685	3985	4041	4128	4168	
151	290	325	766	1434	1892	2536	3019	3029	3307	3358	3363	3678	3689	3692	
152	176	780	1251	1364	1592	1733	2040	2583	2848	3262	3311	3481	3653	3839	
153	64	230	237	331	425	532	819	1671	1874	1888	2102	2235	2351	2684	
154	938	1238	1516	1574	1729	3001	3291	3365	3783	3836	3949	4048	4154	4159	
155	704	850	967	1208	1496	1580	2089	2319	2369	2459	2678	3347	3603	3841	
156	225	466	952	1274	1998	2432	2616	2676	2716	3192	3373	3623	3730	3916	
157	1289	1425	1505	1593	1808	1847	2011	2502	2726	2748	3037	3264	3701	4018	
158	269	1497	2014	2150	2381	2474	2791	2826	3216	3233	3293	3328	3732	3791	
159	434	511	1053	1226	1384	1387	1858	2012	2013	2018	2530	2795	2845	3419	
160	279	904	943	1628	1970	1988	2394	2484	2535	2813	3039	3243	3269	3866	
161	136	216	718	1045	1103	1170	1523	2085	2182	2184	2378	3394	3548	3720	
162	251	514	646	974	1285	1394	1720	2020	2420	2541	2790	2973	2980	3238	
163	9	153	1301	1577	1649	2388	2729	2949	3626	3861	3902	4015	4060	4112	
164	174	229	680	682	979	980	1085	1519	2033	2376	2702	2901	2904	3042	
165	228	439	617	933	1036	1129	1371	1466	1502	1533	1585	1707	1926	2711	
166	1250	1588	1688	2057	2555	3235	3359	3443	3474	3586	3860	3897	4023	4062	
167	36	623	825	1062	1586	1712	1800	1904	1959	2302	2457	2675	2820	3148	
168	29	381	568	1281	1536	1556	1723	1843	2662	2809	3119	3335	3739	4007	
169	3	74	294	395	833	1169	1321	1542	1576	2821	2894	3074	3110	3145	
170	41	89	300	1084	1414	1668	2120	2232	2390	2456	2515	2644	3149	3196	
171	98	235	880	976	1192	1297	1408	1493	1578	1590	2669	2827	3103	3180	
172	305	579	677	806	1573	1655	1964	2051	2532	2663	2707	2788	2836	3158	
173	828	853	1135	1442	1986	2010	2261	2384	2523	3072	3346	3570	3600	3738	
174	424	467	482	517	566	593	761	924	1698	1769	2036	2660	2969	3057	
175	39	324	327	368	670	887	1001	1221	1236	1448	1676	1701	1948	2805	
176	496	841	985	1007	1184	1298	1418	1449	1836	2339	2615	2834	3828	3835	
177	189	811	869	1784	2075	2203	2221	2242	2677	2972	2977	2985	3144	3505	
178	247	641	649	873	1955	2593	2735	2873	3127	3232	3276	3597	3683	3695	
179	479	1343	1529	1532	1632	1644	1831	1963	2292	2393	2533	2571	2590	2863	
180	289	442	831	848	1242	1715	1978	2601	2648	3020	3596	3925	4010	4077	
181	188	299	1438	2068	2314	2966	3118	3676	3795	3884	3940	4031	4118	4152	
182	117	636	712	1113	1552	2195	2227	2315	2352	2422	2429	2667	2712	3102	
183	118	244	527	1140	1207	1670	1730	1775	2174	2298	2414	2446	2553	2687	
184	195	371	375	508	661	884	1060	1264	1471	1508	2009	2127	2209	2472	
185	71	194	553	599	802	1163	2361	2629	3248	3295	3384	3500	3602	3845	
186	130	955	959	1157	1259	1554	1620	2226	2646	2697	2810	3290	3543	3549	
187	461	615	1188	1327	1685	2324	2564	2661	2864	3727	3976	4164	4188	4199	
188	11	356	455	1375	1417	1518	1780	1913	2152	2244	2589	2823	3025	3385	
189	120	288	962	1094	1382	1386	1793	2237	2296	2500	3379	3627	3758	3848	
190	101	177	224	252	502	569	1388	1459	3344	3486	3771	3889	3966	3974	
191	162	248	435	437	889	1018	1223	1423	1726	1856	2277	2460	3066	3510	
192	31	429	1064	1249	3284	3429	3702	3722	3849	4028	4036	4103	4194	4200	
193	119	462	576	685	701	915	1196	1254	1330	1458	1954	2275	2341	2370	
194	1313	1534	1869	1940	1996	2347	2731	2797	3078	3508	3637	3891	4148	4170	
195	433	832	1227	1365	2526	3026	3302	3657	3663	3920	3954	3977	4155	4160	
196	476	594	720	1043	1141	1176	1768	2216	3348	3546	3571	3726	3777	3843	
197	402	584	862	1210	1510	1527	2251	3255	3272	3564	3814	3864	3900	4087	
198	163	507	1243	1433	1877	2163	2409	2763	3522	3609	3708	3833	3876	4022	
199	376	864	1057	1224	1640	2024	2825	3014	3333	3484	3764	3912	4158	4184	
200	23	423	446	586	805	885	1042	2160	2387	2960	3147	3294	3471	3614	
201	454	644	856	1177	1312	1656	1709	2065	2403	2658	2737	3058	3227	3506	
202	168	365	415	521	754	1061	1435	1469	1935	2611	3084	3159	3794	3999	
203	696	1572	1795	1876	2213	2289	2999	3184	3530	3767	3997	4001	4067	4110	
204	159	284	540	571	835	1300	1480	1614	1813	1928	2231	2307	2514	2920	
205	250	329	608	744	878	1154	2088	2249	2808	2930	3274	3312	3366	3368	
206	469	573	1550	1708	2001	2104	2318	2543	2681	2695	2923	3023	3252	3282	
207	40	246	558	706	1009	1436	1485	1872	1994	2124	2670	3472	3503	3577	
208	453	726	903	1093	1108	1209	1229	1611	2069	2087	2220	2565	2976	3002	
209	662	711	1003	1005	1162	1166	1273	1511	1531	1579	2495	2560	2561	2922	
210	503	625	724	749	822	846	900	1487	1942	2202	2430	2453	2872	3045	
211	178	420	742	1016	1322	1413	1744	1755	1932	2134	2170	2239	2345	3010	
212	128	227	277	447	518	612	1279	1280	1306	1432	1664	1811	2199	2471	
213	223	1010	1299	1354	1885	2017	2161	2223	3090	3125	3804	4050	4133	4167	
214	172	564	1757	1805	1810	1878	3105	3117	3251	3590	3698	3822	3892	4080	
215	26	664	1506	1696	2447	2714	3077	3177	3304	3763	3858	3862	4051	4093	
216	302	1156	1582	1645	1687	1788	2175	2419	2503	2606	2700	3199	3524	3580	
217	1139	1225	1324	1526	1544	1844	3043	3060	3182	3493	3642	3786	3788	3817	
218	318	418	865	1088	1457	1567	1873	2135	2154	2246	2921	3528	3816	3918	
219	110	196	401	868	954	1004	1304	1684	1979	2405	2839	3171	3354	3400	
220	151	1021	1124	1420	1424	1512	1826	1957	2003	2336	2379	2487	2621	2653	
221	545	966	988	1366	1626	3065	3621	3630	3911	4098	4108	4142	4149	4151	
222	391	529	913	944	958	1606	1794	2144	2353	2400	2781	3163	3266	3501	
223	366	892	1194	2043	2151	2157	2696	2769	2888	3021	3374	3807	3881	4130	
224	47	537	560	1143	1648	1700	1719	1821	2035	2511	2562	2925	3709	3780	
225	106	309	481	854	1721	1746	1943	2299	2730	2963	3303	3624	3703	3840	
226	458	475	1110	1570	1674	1739	2297	2316	2682	2887	3174	3399	3686	3885	
227	156	314	632	2141	2618	2727	3191	3517	3734	4072	4073	4083	4086	4106	
228	20	208	768	1158	1477	1515	1575	2940	3030	3076	3239	3258	3324	3326	
229	185	210	332	383	389	622	656	919	1339	1725	3289	3498	3559	3611	
230	218	463	474	703	1161	1488	1835	1838	2636	2895	3436	3541	3643	3953	
231	313	708	1015	1118	1731	2128	2383	2627	3714	3991	4005	4024	4052	4058	
232	419	554	823	1553	2610	3325	3583	3612	3667	3706	3711	3869	3928	3932	
233	694	801	836	1206	1738	1982	3644	3687	3941	4113	4119	4166	4174	4178	
234	323	456	790	829	989	1283	1812	2268	2567	2614	2830	2851	3275	3407	
235	587	605	769	929	2148	2943	3350	3396	3416	3489	3645	4074	4111	4169	
236	86	111	493	770	793	953	1338	1761	1859	2142	2954	3430	3608	3785	
237	253	1046	1551	2103	2329	2467	2751	2902	3260	3480	3575	3760	3844	3880	
238	1461	1597	1814	2130	2193	2413	2498	2631	3455	3984	4104	4161	4172	4177	
239	343	748	834	1071	1261	1277	1796	2032	2201	2607	2803	3285	3336	3569	
240	925	2016	2219	2399	2440	2492	2518	2524	3005	3280	3286	3690	3751	3851	
241	273	359	562	565	914	1116	1191	1732	1756	1944	2080	2187	2305	2438	
242	91	596	1080	1126	1619	1765	2172	2301	2488	2654	2874	2936	2989	3063	
243	65	651	686	874	1305	1828	2208	2293	2317	2643	3640	3700	3750	3879	
244	124	549	700	1351	1383	1603	2110	2168	2469	2722	2779	2786	2899	2931	
245	17	137	173	362	598	964	1672	1863	1894	2002	2105	2132	3356	3475	
246	68	143	164	187	234	452	526	721	859	1782	1936	2290	2793	2828	
247	95	495	585	669	728	1357	1521	1653	1743	1939	2784	2844	2882	2915	
248	249	902	1038	1067	1175	1710	2122	2557	2749	2792	3024	3107	3188	3423	
249	654	797	1565	2119	2207	2504	3320	3555	3563	3742	3813	3855	3921	3978	
250	583	626	639	785	888	1253	1689	1818	2083	2311	3382	3743	3803	3913	
251	37	46	291	580	687	788	987	1311	1456	1699	1792	2116	2343	2620	
252	398	1054	1079	1636	1937	2156	2401	2539	2591	3217	3228	3447	3587	3601	
253	100	127	352	895	991	999	1078	1233	1447	1677	1969	2450	2723	2850	
254	199	610	804	1247	2750	2804	3101	3135	3165	3168	3334	3390	3699	3796	
255	145	1134	1437	1787	2029	2435	2699	2840	2898	2913	2983	3629	3736	3865	
256	88	115	175	202	243	261	285	413	672	717	1797	1857	1898	2118	
257	49	530	577	1358	1450	1589	1716	3234	3825	3998	4123	4126	4134	4146	
258	796	1323	2077	2507	2746	3454	3592	3617	3715	4137	4185	4196	4197	4198	
259	271	274	939	1618	1703	1742	1751	2649	3331	3339	3457	3613	3894	3935	
260	6	211	600	762	803	931	1180	1379	1883	1952	1972	2426	2740	2871	
261	221	478	631	655	1404	2342	2386	3189	3281	3352	3566	3631	3772	3808	
262	22	810	870	1114	2067	2146	2421	2884	2907	3152	3190	3387	3513	3594	
263	134	468	607	781	861	1195	1472	1591	1748	1785	2481	2796	3067	3625	
264	816	1035	1308	1349	1652	2179	2582	2679	2745	3241	3675	3677	3710	3731	
265	789	896	963	1866	2322	2452	2478	2510	2816	3360	3462	3482	3853	3875	
266	380	515	572	634	1284	1335	1530	1605	1637	1802	1830	2411	2619	2632	
267	204	339	355	509	851	927	1027	1468	1740	1851	1910	2499	2742	2860	
268	33	215	684	734	932	1096	1159	1189	1621	2166	2262	2321	3131	3253	
269	660	936	2623	2733	2801	3091	3122	3576	3759	3769	3896	3908	4059	4069	
270	67	459	752	1076	1287	1491	1561	1849	2338	2761	2767	2885	3099	3167	
271	132	263	278	695	775	1282	1319	1481	1900	2588	2600	2709	3746	3766	
272	238	363	616	642	1127	1172	1320	1492	1752	2768	2917	3115	3553	3565	
273	681	812	1031	1307	1724	2789	2855	2869	3218	3244	3968	4037	4047	4071	
274	336	412	444	992	1199	1706	1807	2291	2470	2509	2718	3017	3197	3673	
275	292	1717	1977	2050	2126	2250	2310	2496	2881	3156	3206	3213	3724	3929	
276	523	1146	1171	1453	2074	2280	2285	2461	2705	2772	3033	3268	3338	3488	
277	62	155	203	281	283	538	767	875	1267	1340	1907	1991	2007	2031	
278	152	445	957	969	1090	1584	1690	1886	1889	2061	2626	2665	2774	2866	
279	465	1181	1205	1211	1846	1974	2775	2947	3035	3322	3857	3943	4109	4117	
280	624	1039	1235	1832	1834	2071	2224	2647	2843	3011	3240	3386	3497	3514	
281	1030	1270	1406	1934	2053	2055	2217	2397	2859	2992	3006	3007	3421	3495	
282	24	1484	1941	2908	2958	2968	2996	3153	3355	3516	3526	3959	4011	4136	
283	18	597	1329	1399	1454	1524	1823	2026	2617	2773	2835	2857	2870	3086	
284	360	403	409	513	1111	1695	1865	1867	2111	2398	2766	2861	3591	3832	
285	652	1368	2115	2537	3410	3572	3681	3852	3882	4032	4079	4092	4115	4182	
286	121	312	1178	1639	1747	1764	1853	1925	1947	1984	2824	2982	3136	3179	
287	84	92	268	286	464	1132	1328	1486	1819	2039	2060	2385	2494	3458	
288	169	191	1000	1125	1772	2978	3271	3463	3735	3748	3756	3774	3878	3898	
289	93	387	886	928	2540	2641	3142	3220	3567	3682	3867	4019	4122	4143	
290	497	567	628	876	1776	1953	2063	2159	2406	2635	2645	3537	3662	3958	
291	108	184	301	372	659	716	922	981	1212	1452	1829	1860	2550	2777	
292	14	303	417	1020	1906	1965	2212	2265	2451	2912	3126	3200	3518	3636	
293	842	877	984	1160	1356	1884	2046	2218	2247	2278	3203	3467	3557	3938	
294	140	239	480	487	563	657	827	918	923	1557	1617	1630	1816	2137	
295	282	907	995	2101	2211	2544	2919	3392	3607	3651	3956	3972	4021	4081	
296	112	1033	1219	1601	1903	2052	2145	2497	2521	2990	3048	3321	3425	3492	
297	416	488	1658	2034	2404	2833	3053	3417	3556	3955	3970	4105	4162	4165	
298	107	485	705	1680	1924	2054	2092	2656	2794	3297	3337	3453	3950	4033	
299	296	385	501	618	920	968	1428	2323	2752	3329	3404	3431	3523	3664	
300	167	1070	1422	1741	1990	2138	2155	2371	2512	2657	2879	3038	3389	3800	

1	0	1	0	1	0	1	0	1	0	1	0	1	0	1	0	1	0	1	0	1	0	1	0	1	0	
1	0	0	1	0	1	0	1	0	1	0	1	0	0	1	1	0	1	0	1	0	1	0	1	0	1	
1	0	1	0	0	1	0	1	0	1	0	1	0	0	1	0	1	1	0	1	0	1	0	1	0	1	
1	0	1	0	1	0	0	1	0	1	0	1	0	0	1	0	1	0	1	1	0	1	0	1	0	1	
1	0	1	0	1	0	1	0	0	1	0	1	0	0	1	0	1	0	1	0	1	1	0	1	0	1	
1	0	1	0	1	0	1	0	1	0	0	1	0	0	1	0	1	0	1	0	1	0	1	1	0	1	
1	0	1	0	1	0	1	0	1	0	1	0	0	0	1	0	1	0	1	0	1	0	1	0	1	1	
0	1	0	1	0	1	0	1	0	1	0	1	0	1	0	1	0	1	0	1	0	1	0	1	0	1	
0	1	1	0	1	0	1	0	1	0	1	0	1	1	0	0	1	0	1	0	1	0	1	0	1	0	
0	1	0	1	1	0	1	0	1	0	1	0	1	1	0	1	0	0	1	0	1	0	1	0	1	0	
0	1	0	1	0	1	1	0	1	0	1	0	1	1	0	1	0	1	0	0	1	0	1	0	1	0	
0	1	0	1	0	1	0	1	1	0	1	0	1	1	0	1	0	1	0	1	0	0	1	0	1	0	
0	1	0	1	0	1	0	1	0	1	1	0	1	1	0	1	0	1	0	1	0	1	0	0	1	0	
0	1	0	1	0	1	0	1	0	1	0	1	1	1	0	1	0	1	0	1	0	1	0	1	0	0	
