4200	300	300	14

18	9	698	2460	1842	1397	3313	2264	3778	283	3647	2574	1516	2661	906	1777	2633	788	1212	2257	
17	10	649	2128	473	113	3753	2951	842	3353	1628	3249	2743	532	4061	217	184	34	1636	
17	10	3962	2679	3047	2369	3820	877	3951	3713	2169	2009	4160	1543	1305	1963	3943	1935	2760	
12	8	300	2230	4105	2659	4076	734	2542	1920	4165	1720	810	2791	
19	8	2060	3556	3685	711	4146	875	1562	2467	3811	720	2724	910	3604	71	2481	857	249	1740	2805	
11	3	4071	3481	318	1912	36	411	4072	990	2213	1596	3346	
10	5	1281	3492	1316	2324	725	290	3669	4016	837	866	
13	7	1072	3081	1138	1612	116	2124	364	605	491	2896	2335	2548	2907	
8	3	359	683	915	2209	4021	3453	284	1650	
12	5	2072	3265	3272	4151	2175	308	1438	1971	759	154	3440	1928	
10	6	3284	1500	1156	1948	1964	4081	1721	3299	292	232	
13	5	773	474	2268	1737	1478	3903	514	3748	3817	850	2749	1613	3587	
17	7	938	983	2010	768	559	441	3426	3429	374	2351	1689	1057	1781	2468	2639	2083	1195	
12	6	622	2664	1838	2698	2319	2239	745	2096	944	400	3393	2855	
17	7	1191	2929	931	1022	3891	2603	1147	2223	3558	1574	2599	895	966	3573	1086	2852	2456	
19	9	1926	1893	1188	3151	289	2802	830	143	753	3347	1211	3133	1025	4159	3296	901	902	3362	234	
5	1	1254	1203	4002	860	3422	
9	6	2892	2191	1898	454	2353	3373	4027	3644	2680	
16	8	1125	2490	2156	1380	387	588	1232	2194	3337	1160	1885	1883	3291	2637	2015	1459	
11	3	2024	2226	3311	571	2990	233	3126	2177	3756	3020	3909	
13	8	3895	1711	581	3382	911	3937	3752	3703	278	2645	737	3593	2919	
19	9	3261	3807	2564	2559	1391	2129	3799	4063	744	288	2916	616	1194	2328	446	3189	610	1174	780	
14	9	839	1301	3687	372	3464	1879	2023	3253	598	1865	862	3744	3711	980	
16	9	104	3616	2725	1128	828	2714	368	2931	1059	2354	2345	3624	1204	867	1155	3761	
12	4	733	653	3848	3059	3169	112	70	1364	909	3490	3375	3509	
19	8	952	2237	3977	3643	310	2999	475	3450	941	3732	2923	325	3583	615	795	543	545	60	2126	
13	7	1709	182	1799	3958	2577	3107	250	1915	1105	4174	1362	1922	1360	
6	1	2249	1955	3966	3846	105	2610	
15	7	2525	1013	3025	2809	540	1617	1121	3084	2138	4147	1523	3105	3097	4196	4013	
4	4	2355	3672	1741	3733	
9	4	593	920	282	783	4111	3920	2994	315	2814	
13	8	1616	3061	529	2214	3946	1186	3488	1579	3369	1471	2013	3322	4060	
12	6	977	525	3959	1080	1843	3642	3053	2808	285	464	3851	1036	
10	6	3229	2474	2463	2086	35	589	317	3526	3472	2018	
17	7	2801	488	1773	1791	1142	213	1739	3052	144	1260	1245	1792	2547	2473	4025	3250	4116	
14	8	2717	4050	1437	39	2630	2108	2409	818	383	129	4047	2498	1610	2443	
10	5	3638	2868	3254	2795	1374	1466	1449	2766	3720	4144	
18	11	2673	1995	1442	3317	1411	3564	3819	1632	689	1776	1463	3384	3911	3803	3511	3989	3191	1093	
12	7	2759	3898	448	1491	2487	677	1878	3064	1667	1350	1953	1845	
21	9	2682	2727	3505	3041	2163	604	3214	2461	32	2171	3339	3388	1452	585	1595	2179	4011	30	2435	1267	3689	
22	10	676	1645	84	640	146	3649	3378	130	1508	2532	3039	3833	442	1814	2048	852	2566	1154	3802	2816	2977	4010	
11	5	4024	3907	338	718	1045	752	3925	1479	2787	3119	2689	
20	10	1023	1772	1604	774	3581	3795	1797	4190	2893	3430	4028	499	2231	1941	2107	329	2854	1806	2356	2812	
16	6	3852	2672	2656	3354	1572	306	2491	1017	3718	2197	264	216	3483	3686	1874	2720	
15	8	2419	3743	2047	3572	1419	414	1531	3338	1428	4043	2263	357	1997	2733	1642	
8	5	2120	1196	3118	1310	2437	2334	1764	979	
19	8	4023	2504	539	3707	1163	2748	3082	804	2533	2895	2235	2619	3158	3599	1457	2476	2762	1630	3773	
3	2	1049	3238	1551	
10	7	107	3087	2844	1258	3794	3613	453	2188	3543	1669	
12	7	3178	564	1712	1558	1801	1594	1544	4099	119	3806	2246	894	
10	6	2701	1393	324	2718	1812	2846	1431	2288	3772	226	
16	10	836	2297	603	658	3660	4143	1222	2358	3220	2052	25	3446	3662	1202	3938	3637	
9	5	1422	2514	2992	3933	1101	3416	2730	3865	986	
14	8	1359	3945	2208	1454	1929	2692	2493	1827	1970	3310	423	1770	2414	1743	
20	8	4169	4065	2278	2285	2384	1927	1217	3484	950	3702	2399	2588	2625	715	1895	1060	2118	3057	1529	394	
12	8	2614	1605	2563	1409	3528	2933	403	4093	626	3692	2152	2711	
18	7	3431	884	66	3939	3682	2657	493	2431	89	2927	3979	3754	2954	4177	59	1515	905	2545	
13	7	197	776	1634	4138	3094	3399	611	3219	728	3069	4148	1440	42	
18	7	2201	1266	4150	2595	3641	1272	1703	1417	1498	1016	1719	1248	2815	4135	1426	2587	286	6	
6	1	1420	3101	2592	2472	2597	1796	
14	5	2753	1119	296	3782	4059	1141	1590	2800	1277	947	712	3904	1946	3435	
16	7	2434	2111	981	1229	3341	1615	1024	2331	425	1047	4032	3944	2556	3893	3368	1633	
17	6	2527	1662	1945	4042	1332	3704	1847	792	1139	3626	594	145	2821	1897	3147	1096	647	
14	6	929	210	243	1381	1135	2544	3467	2466	1094	2121	2675	1247	3013	3675	
18	7	3750	172	2631	2881	2241	3336	2160	2417	3332	2374	2940	3842	2728	3605	2806	3292	1545	203	
17	8	1880	1932	3787	3344	3757	693	3776	638	2190	450	2915	4175	2686	722	2884	3536	1553	
20	11	3327	573	2141	3135	1505	260	1699	1993	3049	855	560	471	984	1884	258	1339	1832	3584	353	1886	
9	6	2428	3340	1472	2449	3582	710	1907	1066	1337	
10	6	3866	3233	2899	2989	806	3628	257	2061	814	2165	
9	3	2116	3855	2746	1396	1483	3371	3148	2925	456	
20	11	2309	1118	1870	1200	760	1566	2905	2002	2623	2292	3677	3407	2769	3676	2219	139	1383	2184	3400	3856	
16	6	1657	1189	1215	170	2789	811	1811	3828	3170	1005	1994	1519	2901	51	646	1464	
16	6	3519	302	621	2540	2648	1851	3659	16	1856	3871	1299	2621	1681	651	2470	3537	
14	7	832	3716	3606	2410	1750	2552	1674	2378	527	3404	1629	440	2092	2056	
16	9	2785	22	459	2707	1488	2838	2941	1716	83	531	2932	218	2757	3725	3258	103	
12	7	1026	2030	3242	3164	3398	1008	436	1527	1376	1512	550	507	
8	6	2186	2385	193	3565	161	2747	553	3302	
17	10	2446	731	849	552	4154	2991	2299	4062	2712	3960	601	2098	3840	2444	704	3867	743	
9	5	3835	3228	2037	301	671	1407	2144	2607	140	
11	6	2195	1120	3410	1807	1805	3243	3184	1487	2786	1224	67	
13	8	3963	2944	4110	1136	3576	2774	3390	3533	1802	1959	3452	2310	3458	
14	9	3386	457	380	1647	1789	402	2462	3046	2942	2170	2091	1923	3127	1190	
11	4	3843	2262	3899	2127	623	942	989	3396	370	1913	3419	
24	11	1710	3684	2611	1790	1336	996	853	1289	2966	1560	3260	1039	2590	4192	2304	3102	3434	2836	1623	1220	1375	100	1388	1067	
18	8	2222	3315	2589	997	2523	3001	2400	746	848	2788	3705	2967	2751	1533	544	2071	779	2912	
8	3	3777	1793	3205	164	2043	2609	407	2302	
19	7	2715	2054	2965	2174	287	2008	4031	14	3615	1095	1966	1644	424	2185	1056	1724	142	2303	1828	
16	8	1309	3278	3805	3223	4005	1798	3004	3125	2367	2489	1921	2254	2255	3562	1766	3823	
18	9	3054	2768	2859	2601	367	3796	2088	396	3860	245	1184	2988	1106	2820	68	2499	524	2000	
18	11	1390	3580	2626	101	3183	307	2496	157	316	3463	1753	1401	1103	3417	1761	2579	636	2376	
18	10	1441	2228	481	591	2432	1858	2837	3330	897	24	995	3955	3985	3830	2115	978	2618	3646	
12	5	420	912	1474	1343	1361	1162	815	2020	276	86	1580	645	
11	4	3942	4018	3995	2843	4198	376	2536	642	903	1506	3792	
11	6	1759	3764	2557	1570	2543	1168	75	3922	2850	1509	2248	
20	9	3838	1614	1341	1996	2076	1947	447	2416	2211	557	1496	1394	1435	4136	358	2986	3768	3217	3154	963	
15	6	3387	2833	562	775	3665	3065	3428	270	2770	2026	695	4104	2260	987	2162	
8	5	378	2135	3277	4102	1404	2458	3141	3710	
10	6	340	568	522	1603	73	1432	3523	3485	1778	506	
18	7	55	3286	1002	1683	530	3779	2301	3366	3661	3983	405	3771	577	4087	1841	1788	4085	2604	
12	4	3531	2665	4038	61	1631	1335	960	2503	2451	3443	3188	2357	
17	7	21	3683	4113	2970	349	3379	2741	2593	1682	2441	1054	793	4098	186	1069	2240	1389	
12	7	772	2238	3241	3156	3078	3870	256	3850	519	2716	4181	3328	
17	7	985	2872	1648	3195	1697	2889	2148	1088	2522	134	2267	1757	3123	3027	3128	2486	1726	
10	7	111	93	652	1577	3150	2342	196	3961	3056	4095	
17	6	3401	2405	3648	1395	819	1763	606	4179	4044	3456	1338	1327	2984	3068	1342	2477	1943	
17	8	261	2702	3124	87	3759	716	3465	3630	2606	1242	3929	3836	2982	3968	937	1028	2016	
13	7	2867	2567	869	2670	2336	1725	2792	1037	455	1517	3377	4140	992	
23	13	827	4069	970	1461	2691	1357	3727	3881	3212	1041	2380	1328	2180	3970	2553	4066	755	3372	3688	3457	3814	1752	3736	
15	5	78	4118	187	921	513	1065	1708	4014	1084	3894	1787	480	3421	3024	125	
9	4	15	2251	2510	4158	2044	914	2576	1063	2613	
12	4	1718	160	3257	3680	3048	3374	2572	1830	3451	1876	2422	565	
19	9	3035	2247	419	3918	2519	4053	1588	2678	1018	1934	1497	3516	2022	2445	3365	3561	934	1578	1707	
15	6	1591	3841	1433	778	1300	826	355	769	833	1264	3370	697	1952	2411	350	
21	9	242	1701	3274	4125	863	1033	680	3804	3745	2879	3306	1905	2019	3859	1455	2412	2106	4194	754	58	3210	
21	8	1099	4126	3586	3980	3216	654	634	4114	2100	52	2740	2313	508	4015	3760	3623	3877	429	3343	235	2364	
14	7	2275	1817	1172	7	3134	3868	2440	1673	3234	3650	1643	1768	1237	749	
15	9	878	1815	1406	2703	69	4074	2315	3461	1510	1705	2629	3499	3092	4184	2649	
15	8	3721	3652	784	3574	741	2153	3361	153	3011	1890	2227	1504	3487	2638	3731	
15	8	2500	2294	630	2878	3635	3454	1123	1587	1535	1158	2193	3998	1984	478	3408	
11	7	3	2828	3192	3204	1297	1824	3949	1127	702	3455	1597	
18	11	3964	141	935	1109	3553	927	4017	1780	2038	2155	4191	3965	1918	2612	20	2908	2647	1914	
13	7	2398	1919	4082	3673	1867	2157	2798	1317	3497	2700	3385	3495	1688	
13	7	3579	167	2104	3397	3984	3085	3524	3363	3550	4129	461	2962	1769	
14	6	220	4139	967	3267	1330	536	354	3031	1270	1064	494	4078	77	2531	
11	6	1736	885	2265	2103	2189	4075	1253	2960	3460	670	4127	
14	9	2904	1468	2797	3247	3423	3695	2057	3355	1522	1576	2480	2554	1486	1877	
9	6	1290	2192	932	3902	590	1206	556	2511	2996	
11	6	3577	546	2132	2985	3625	3409	1693	3095	1251	2898	4195	
12	8	1216	2594	2667	673	2049	2737	3714	1606	2271	1467	1975	1144	
17	9	1434	332	1418	236	3162	664	3130	682	1082	3080	729	3974	1585	2095	1550	964	3418	
10	4	3786	4155	1871	1901	3161	4003	3566	890	3905	174	
8	6	3331	2325	763	1077	2429	648	2662	3927	
14	5	2834	1593	2943	3075	344	3864	3567	472	2063	2167	1285	4171	3109	2526	
13	4	2666	2555	2958	247	2427	2964	2534	3767	1286	80	2102	4108	607	
20	9	4156	3079	4083	2922	4123	3352	1589	685	800	3596	583	1974	3879	3208	3560	3690	2459	2755	2873	3919	
14	7	582	1499	1429	3722	3089	1660	1746	3936	3657	50	1173	2064	1240	2050	
5	3	3597	2316	3629	2036	3869	
14	7	1230	2330	465	791	1377	2642	267	3445	3947	1784	2706	1755	1137	1659	
18	11	2362	1507	46	2282	1477	178	11	3175	2389	1035	3636	717	835	1563	3590	29	628	2874	
17	7	2945	2051	2524	468	2178	742	1713	1019	438	3074	1238	1306	1233	1150	155	1567	4077	
16	7	3589	3724	3029	3232	1145	1849	724	4162	631	3226	3887	1355	3600	2442	410	1986	
18	11	12	523	1598	799	3077	3678	3193	2906	1586	2256	8	537	2413	1668	3023	96	3301	4109	
9	4	43	2028	3735	1677	2080	37	3975	1231	208	
13	6	3211	1029	1999	1148	1967	3969	3515	280	2934	3729	1875	813	3320	
13	8	2713	1223	3513	295	1816	2946	3280	3822	3617	3663	2314	1968	1951	
8	5	3668	2134	3973	655	3715	3176	3861	3783	
17	6	3885	2777	4039	803	3551	166	2839	202	2279	10	1470	3670	2663	1835	3747	962	1228	
19	9	1304	3100	3987	1722	3798	3357	2202	1040	2232	3358	576	3171	2101	3926	369	2001	2203	1354	1346	
7	5	714	1282	1819	2608	3110	1937	4029	
14	7	3356	435	1775	2042	933	2475	1329	1081	1113	928	3517	3913	3303	820	
23	12	2421	3812	3459	3120	3063	1427	3999	231	1910	904	2199	3129	4121	908	3585	2538	2453	2875	375	3202	2541	237	534	
15	8	2130	449	79	3010	3510	2221	2824	1159	54	2961	4134	3500	244	2699	3000	
11	4	3152	1831	3203	851	3972	1972	4034	2233	4033	437	3187	
14	9	3438	3044	1624	123	99	82	2681	3281	3121	953	2948	2339	2810	361	
14	5	3598	1771	3295	3890	4040	2835	3897	662	2394	1818	1581	3957	951	2274	
14	5	692	3415	132	3349	2778	3954	2139	323	3072	3275	891	2308	1969	1456	
10	6	821	871	1608	1012	417	975	2276	192	2832	2528	
14	6	3298	3839	1795	919	18	4170	1891	3631	2829	348	1044	3160	1933	1568	
13	7	273	4079	1977	13	1618	3297	1908	3712	511	2515	2974	936	1176	
11	6	2464	1774	333	3494	758	2365	1540	3781	48	2573	1521	
12	6	3294	1475	1058	3308	277	1557	2658	893	3818	1676	2373	422	
17	8	1825	1514	2973	2598	4056	3200	501	3621	362	1296	2578	3931	2011	2360	489	3932	1291	
16	10	3146	3096	3708	275	62	2646	57	352	1939	2181	1243	956	3350	3239	639	3728	
14	9	675	2956	1494	3469	1889	1110	694	2827	2568	3106	3206	747	2090	4055	
11	5	1575	2586	3268	3167	122	3507	1820	3520	259	3411	3237	
15	7	479	4048	699	2289	462	3312	2210	766	1622	2300	1369	1213	1503	2903	2059	
12	8	3476	1161	1900	913	4199	558	1694	1786	2722	3701	2065	2997	
15	7	1637	2005	2375	3279	1313	1021	3563	696	3791	3406	3993	191	2032	2150	1493	
18	11	1358	1180	923	2826	1846	3808	687	228	2705	229	152	4117	2290	4178	3014	1001	2782	4124	
7	5	4022	3696	2823	2039	1284	3639	1979	
12	8	1201	3103	2004	408	3288	3726	1559	1822	3697	90	2561	1331	
16	9	246	789	2164	1367	2987	1083	3554	2479	3448	427	1227	3181	969	1853	2122	3345	
17	7	3112	2641	3956	3168	2161	3066	2636	1869	3009	3910	466	1839	1445	3915	1269	2583	2861	
11	5	2379	617	215	1241	3857	2079	1962	2109	809	2735	572	
9	4	1700	2719	1146	331	1938	547	2518	1092	706	
14	6	1925	1549	2244	2975	3033	535	2696	3477	322	3098	2955	870	899	2381	
13	5	439	1446	1308	1412	2041	3342	321	2350	1569	1244	1782	159	2655	
14	5	2575	3145	118	327	382	2580	3225	922	3153	3051	3671	88	4163	268	
15	8	156	2085	2075	2520	3740	3143	2172	3155	176	4128	3978	500	2125	3439	798	
14	9	3088	1030	2819	2182	195	399	26	2296	3527	3655	4012	3645	2710	3575	
19	9	3788	1852	3763	794	2794	1225	669	1664	1169	684	1071	3595	3090	764	3742	1998	2140	2204	4035	
10	6	1274	625	3940	4197	4112	1611	2953	2653	823	2866	
17	6	3376	2143	3549	2420	363	761	1526	1687	3608	3863	1261	1696	1916	517	880	2756	2055	
12	8	2516	2344	2862	3290	3026	2382	3793	388	608	521	1728	3437	
10	6	2402	138	1153	337	1655	3849	727	2890	1415	1556	
11	6	150	3503	612	85	426	241	3007	3546	1906	3751	1860	
13	5	497	1352	2295	663	1430	3111	1074	2775	3633	2430	127	2151	3734	
13	4	1344	2270	3862	2485	3529	2117	2482	554	2089	3592	3289	976	2040	
13	4	2880	23	2799	2913	2602	2752	2404	3227	1944	4096	1767	973	293	
12	4	3190	2558	412	2280	1685	1985	883	3108	2920	619	444	3906	
17	9	666	2772	2723	3612	808	580	700	2732	797	3514	1862	2396	4120	2110	965	1626	3730	
14	8	3235	137	1115	395	2123	1785	1541	2660	3508	600	3236	3466	492	3815	
12	4	1252	1857	2830	2272	2293	946	2433	510	1896	3270	347	926	
12	7	3486	3255	2790	2478	2284	1909	365	4152	2761	3666	2259	1665	
13	6	1408	1783	2014	4020	4090	2644	1011	1348	2492	3015	2318	3854	2851	
14	6	4064	948	2856	3042	825	1639	4051	381	940	3276	1836	482	858	1334	
16	7	2550	2370	874	2119	2622	266	2341	771	2224	4052	3093	3810	27	723	3622	3532	
15	5	3679	2936	2811	3489	1051	3501	2754	397	1149	2448	3142	1686	430	762	2902	
17	9	345	443	1130	314	1038	528	1126	2671	2726	3137	1973	2332	2584	3199	133	620	2392	
21	10	2709	304	2804	735	373	3512	4086	679	3201	1079	2361	2406	3775	336	4068	1888	2582	1714	4166	3413	1730	
15	7	2176	786	1670	4084	3521	181	1735	3391	2853	2273	2817	831	40	1672	2200	
15	6	3316	1122	2849	56	1167	3144	3245	1961	613	1619	1826	1800	1561	2512	955	
14	8	477	2935	3502	1114	2097	3304	578	2034	3038	2652	1552	3971	672	972	
5	4	4094	790	1132	2452	1075	
14	5	2654	147	2216	3136	3578	3262	3402	3545	2326	272	1256	961	3674	3157	
12	4	1061	2616	3185	126	1032	3335	2565	3231	224	2517	2744	1366	
17	9	136	2196	504	2027	2250	3693	1278	713	214	3300	2688	319	2045	3719	2921	1481	2860	
7	4	1090	163	3603	1451	3432	1873	1671	
12	5	1911	873	124	3444	2488	2243	888	1462	3017	1546	3821	1678	
21	10	1009	2333	3694	1525	2062	1661	205	1271	957	3256	1924	2841	3552	3266	856	2993	3774	1351	1405	3555	2154	
13	8	2099	1621	879	108	1288	445	991	3028	2408	1314	3380	1208	2078	
13	5	660	740	2847	3884	618	3602	889	2551	1861	1386	3099	463	1690	
21	9	1931	131	2495	2591	767	1482	968	2983	2311	2876	643	567	1600	2803	3797	750	3215	4164	2363	574	629	
11	7	2704	102	2447	515	1489	3414	3934	674	1485	3789	498	
14	5	1989	379	3321	3036	2391	3197	541	1532	1263	3994	2570	3480	190	1810	
19	7	1	1087	637	3770	2457	3420	2506	2114	1345	1015	1715	2388	452	1745	1732	128	2822	1312	1257	
19	11	1537	665	1387	3990	3609	770	3825	872	3381	3479	709	121	1209	240	3273	416	404	294	3518	
16	6	2229	4161	3930	3482	2415	1747	2252	1315	2535	3539	1749	3086	2298	854	3403	1421	
15	5	949	4188	1006	1185	1734	3194	1866	1134	816	360	1365	1027	3351	3845	3591	
15	7	2359	3651	1279	4070	2149	351	1513	2758	2035	1276	2640	570	542	1855	2073	
18	10	1214	587	3030	76	2957	1844	3032	3073	1091	2963	2338	2401	2137	2321	4007	1164	2857	239	
17	6	840	3018	595	1627	2765	561	3131	3813	1646	303	2742	2368	847	2848	2783	2505	467	
14	5	3442	158	1108	1439	3329	309	265	3244	1443	1166	2750	3758	1098	1976	
11	3	1399	1402	1756	3209	3706	1333	342	2494	1469	2883	3070	
16	10	3874	807	483	2166	1528	484	3173	1635	2220	291	739	2277	343	4182	3530	2628	
16	8	2949	1192	2674	2283	2454	1219	2685	1311	2087	3002	3326	3896	3654	1723	3570	2146	
15	8	65	3571	2930	3405	4153	3264	3230	3916	3634	2212	1205	1183	469	3542	2918	
19	11	2395	3872	2266	1834	2897	2627	2021	2865	2501	3271	1347	1031	91	3824	1530	1495	1379	2677	2617	
11	7	326	802	3832	624	3541	2796	1658	2366	2911	1234	736	
11	7	281	225	678	3067	886	1042	1425	721	4119	3923	2950	
13	6	177	1779	1010	4132	2669	2708	502	1458	1171	2093	1957	3218	238	
12	8	2058	1754	3471	1620	1140	4041	1760	254	4189	4180	3568	262	
19	10	431	3837	3831	3114	2509	2198	3762	3847	650	3952	313	3132	1882	2888	95	4115	3285	998	1003	
14	9	509	1181	3908	3700	817	1958	3765	3892	4030	1978	3433	3827	2066	661	
9	5	81	3174	4045	2082	173	632	4088	1731	356	
15	9	1583	781	4101	3491	3043	503	2269	1691	1903	2187	2773	1283	2745	2218	4008	
9	3	1663	2471	3475	1129	384	1887	115	1070	3886	
19	9	2869	1124	2605	3914	3829	1287	533	2694	892	4046	2569	1198	2133	1548	2634	2372	3062	2497	958	
11	5	3021	1053	2074	2995	3618	1982	346	3928	3441	2348	1656	
11	3	703	1111	1187	3060	2436	3198	657	4185	563	3055	1854	
21	11	180	3709	148	1625	2403	2424	1249	2530	209	1182	2383	188	2952	1480	924	4058	4167	1177	1280	3540	3880	
9	4	2206	1104	586	2779	1829	1848	838	1444	3504	
11	3	3900	212	3738	98	3083	1652	1555	3246	2697	393	2891	
13	7	17	2337	705	1259	2070	1325	688	2781	1410	2031	1250	2813	538	
17	7	1460	3498	219	596	2025	1378	2067	3019	3293	1373	3222	3766	3122	4193	3924	2147	1742	
12	7	3627	1236	487	2784	3139	2183	19	3991	4089	2668	516	74	
11	7	1706	3997	569	151	3988	3412	335	211	3333	2225	1448	
12	5	398	1414	4092	3140	2687	3746	4000	2863	548	3360	2112	1727	
14	8	1864	2168	2253	3548	4037	3800	2831	3941	38	183	253	2145	876	3917	
12	6	1744	918	3324	3717	3071	3005	1983	194	887	328	843	3901	
10	7	3012	3619	1100	2346	2684	1143	3858	3116	2084	5	
17	6	1424	943	1293	3607	575	476	1255	3653	845	2635	149	4145	2439	592	1837	2529	252	
8	5	2914	3741	2947	3427	3006	1112	4131	974	
17	8	1340	726	2546	526	898	1384	2242	3318	738	3569	1680	2142	496	4186	1055	748	3334	
17	6	1762	2926	3104	1423	1651	63	1368	392	1717	3287	2695	1534	198	2465	2387	2343	3853	
10	7	1992	954	1151	925	2393	1917	92	686	1904	2968	
20	11	1698	2390	1450	1536	4107	490	2003	757	1899	97	162	4172	2615	366	719	3992	787	994	1692	2012	
16	8	3656	900	3889	486	4103	1239	3982	3473	3883	4141	33	2886	2469	3739	1649	1956	
9	3	1502	627	1178	434	1954	4073	3058	982	3610	
14	8	3319	2007	1538	185	614	4149	2069	2234	1679	2776	3614	1582	4187	3165	
9	2	428	3640	3022	2650	1609	1823	4049	988	3935	
13	8	2006	279	2763	3588	2307	2877	3538	1089	4142	4091	2418	2917	1014	
10	4	3008	248	1292	2371	2793	1794	2978	2909	1268	3113	
12	5	3681	3045	1666	2676	2894	45	1981	1902	1226	200	1294	2998	
17	10	2738	2780	1840	2980	3263	1808	1868	3981	2864	2845	3251	94	1152	204	49	2349	2807	
20	10	3601	169	1542	4026	2972	2537	597	3424	1729	691	3986	1179	861	1833	1881	334	1520	801	3177	1490	
10	4	3196	1085	765	1370	3468	551	255	3664	1235	999	
21	11	2581	644	1863	1034	1324	844	993	222	165	668	3367	3307	1821	2094	3790	3535	1356	3611	2159	1116	3003	
13	7	3462	4137	2450	207	3149	2690	841	1484	1751	2600	2937	2643	2976	
22	12	3172	4122	2046	868	2377	1592	114	1809	109	4019	1363	4173	1382	3163	2281	3395	1210	415	2317	2347	4097	2969	
21	10	824	3252	106	1940	512	1221	2521	730	2423	223	171	389	2928	1492	1073	1307	3826	3912	3314	2407	3213	
12	5	812	2217	2910	3269	1318	3034	1554	633	2077	2683	110	1565	
15	9	881	2870	1193	120	221	175	3359	3557	1007	3522	1052	1524	2971	1930	2215	
15	9	3882	4183	1571	1131	3996	3040	2245	3844	391	1413	2173	520	3478	3470	907	
9	5	939	2900	609	1465	1501	2081	1157	299	432	
13	7	2560	4080	865	1400	1218	1323	2562	433	413	707	470	3559	3967	
21	12	782	1319	458	1991	2729	2426	3449	1275	2136	2236	2764	3138	2513	681	2286	1738	1892	4054	41	2882	822	
12	6	3976	2734	3534	549	1638	864	2158	1599	1076	2425	4009	859	
15	8	3392	3888	2507	2438	518	3224	751	3632	1602	1960	2938	206	1403	1133	659	
11	5	3506	602	1704	2305	9	1117	4004	2508	409	2113	2484	
10	6	1000	1175	3182	3737	3769	3699	1748	2939	1165	320	
8	2	2981	1392	28	756	2842	3834	1607	1050	
13	6	2322	3259	2887	1584	1353	1965	330	3878	1197	3221	297	4106	1068	
15	8	401	3948	2258	3394	3348	1942	2207	4157	1303	179	3309	1988	2571	3873	1950	
17	9	3723	485	418	385	3755	1322	1894	3305	1695	3166	2502	3493	2105	3816	1850	656	1987	
18	9	1265	3698	341	1048	1273	2585	896	460	1547	834	47	3179	2736	1641	1872	3876	796	2261	
18	10	3282	3667	3240	3594	3186	274	971	732	1684	930	3620	2979	2306	3117	2693	1207	3496	2624	
22	12	599	2767	2825	1518	785	1102	72	2840	135	31	2483	3207	4036	2320	1640	386	2721	916	1813	2549	3050	1573	
15	9	708	1372	1043	1246	1447	1936	3323	2131	2739	371	690	1564	4006	2386	505	
5	4	2029	1097	777	2033	3544	
17	8	1653	3749	1601	3037	1385	2539	3780	451	421	1199	2352	701	1295	2	3921	3115	641	
16	6	2017	2858	3389	2287	945	4067	1758	4168	3076	406	2053	1453	3691	44	1320	271	
11	5	2068	2731	4057	2771	1298	829	635	201	959	1326	1765	
15	5	1980	3383	3525	168	53	1803	269	3658	3436	377	4001	1046	846	64	2924	
18	7	4	3875	263	2885	917	805	1675	3364	1398	1654	298	1804	2651	3784	2596	1436	584	1321	
11	3	2205	1511	2455	1349	3447	339	117	2871	3016	3474	3547	
17	10	1062	3785	3950	667	3425	251	3325	4200	2959	230	1371	2340	305	4130	1170	1302	2323	
13	6	1473	2329	1859	579	1020	2620	2632	1539	189	495	3091	3283	1733	
13	5	3159	2818	3809	2312	2291	1702	227	1078	312	3801	1107	1990	4133	
18	8	311	555	1476	1004	1949	4176	2397	2327	390	3180	4100	1262	882	199	3248	566	3953	1416	

1	81	104	197	431	649	782	1290	1309	1399	1441	1460	1537	2395	2682	
2	326	398	733	836	1700	1736	1744	2419	2525	3159	3319	3589	3679	3723	
3	477	827	1026	1214	2421	2527	2575	3035	3442	3486	3601	3743	3866	3874	
4	150	156	587	1304	1319	1575	2560	2727	3088	3261	3476	3656	3786	3788	
5	599	832	1061	1216	1265	1911	2060	2586	2801	2834	3054	3294	3462	3505	
6	359	509	703	1161	1583	1925	2550	2768	3431	3724	3807	3838	3872	3962	
7	43	246	666	878	1900	2402	2564	2869	3172	3282	3531	3668	4023	4069	
8	111	136	970	1072	1201	1408	2176	2446	2581	2665	2753	3233	3503	3519	
9	65	107	180	622	807	824	1662	1825	2047	2229	2428	2516	2949	3356	
10	273	1023	1062	1090	1931	2359	3029	3178	3255	3278	3298	3698	3837	3963	
11	78	220	341	582	773	781	1111	1709	2017	2666	2673	2715	2738	3112	
12	17	772	1420	1591	2249	2464	2559	3229	3572	3638	3721	3831	4024	4156	
13	676	731	802	985	1359	1434	1926	2238	2772	3114	3571	3579	3709	3843	
14	21	261	1125	1710	2058	2128	2398	2780	2872	3211	3498	3627	3785	3805	
15	169	177	281	300	302	1274	1473	1614	2504	2818	2892	2904	2930	2945	
16	1	242	458	918	939	1099	1754	2205	2322	2434	2555	2867	3252	3327	
17	55	839	929	1013	1181	1340	1341	1391	1402	1502	1616	1706	1989	2201	
18	12	131	401	1030	1048	1301	1542	1815	2007	2024	2072	2329	2641	3100	
19	660	884	1266	1653	1762	2054	2085	2702	2704	2785	2944	3008	3616	3900	
20	158	311	378	539	593	849	1358	1414	1645	1893	2309	2713	2965	3174	
21	552	675	1461	1637	2111	2717	3012	4026	4045	4071	4094	4118	4126	4137	
22	340	428	488	644	698	776	2029	2691	2709	3376	3839	4038	4101	4169	
23	420	881	1000	1701	2134	2191	2192	2230	2495	2654	2859	3025	3124	3232	
24	332	708	1145	1180	1774	1859	2297	2370	2972	3640	3716	3835	3885	3973	
25	4	474	564	621	786	981	1840	1919	2591	2759	3223	3387	3471	4064	
26	523	568	900	948	2099	3274	3491	3667	3749	3852	3907	4065	4105	4155	
27	1499	1514	1718	1772	1795	1995	2030	2228	2926	2958	3021	3556	3598	3812	
28	345	1119	1192	1357	1759	1783	1852	1980	2266	3241	3286	3392	3956	4110	
29	296	938	1124	1863	2196	2819	2858	2899	2935	2980	3340	3506	3841	3888	
30	435	479	602	767	923	1468	1771	2226	2870	3502	3685	3707	3727	3976	
31	182	187	1002	1108	1433	1992	3081	3103	3389	3681	3895	4050	4122	4125	
32	692	863	1538	2174	2195	2206	2222	2450	2809	3030	3061	3316	3383	3481	
33	3	304	379	1422	1657	1663	1698	1711	1799	2143	2567	2826	2981	3295	
34	789	954	1114	1189	1281	1683	1773	1996	2014	2182	2777	3146	3168	3577	
35	87	546	812	821	873	921	1482	1898	2006	2507	2601	3156	3263	3386	
36	102	247	573	778	840	912	1442	1604	2130	2217	2287	2438	2605	3235	
37	22	106	148	504	871	983	1118	1151	1163	1621	1791	1880	2004	2460	
38	603	1009	1034	1842	1945	2076	2900	3079	3259	3315	3321	4020	4079	4080	
39	318	1175	1191	1704	3317	3459	3750	3875	3898	3964	4083	4090	4150	4154	
40	172	443	483	740	945	1230	1324	2027	2664	2701	3104	3120	3228	3549	
41	141	518	665	1049	1130	1406	2262	2447	2595	2828	2847	3045	3242	3782	
42	248	457	529	920	1029	1439	1670	1838	2046	2379	2420	2672	2719	3078	
43	219	497	1138	1142	1187	1411	1864	1947	2010	2075	2097	2129	2330	2333	
44	160	225	282	555	952	1437	1601	1712	2037	2337	2427	2589	2656	3586	
45	314	363	439	705	774	874	932	1120	1193	1418	1511	2141	2161	2500	
46	485	935	1259	1429	1846	2166	2914	3525	3759	3763	3889	3890	3899	3980	
47	380	449	609	794	1038	1397	2005	2186	2674	2804	3060	3997	4042	4067	
48	868	1053	1779	2509	2679	3145	3216	3405	3581	3808	3945	4040	4048	4082	
49	93	683	761	844	1465	1912	1999	2120	2344	2790	3268	3354	3908	4005	
50	408	448	716	2082	2377	2537	2698	2936	3096	3683	3694	3764	3881	3914	
51	279	481	515	678	687	1136	1188	1292	1332	1598	2514	3066	3942	3950	
52	195	530	597	1625	2068	2070	2237	2594	2636	2797	3041	3043	3190	3329	
53	36	579	581	869	925	1033	1109	1196	1775	2283	2403	2455	2558	2731	
54	213	459	486	569	658	667	1424	1666	2164	2520	2725	2835	2991	2992	
55	212	513	1419	1423	1608	2362	2868	2973	3087	3152	3182	3313	3606	3641	
56	879	1489	1620	1870	2208	2250	2268	2474	3382	3564	3722	3737	3779	3795	
57	79	84	120	137	210	411	799	1223	1344	1387	2198	2540	2670	3063	
58	711	1525	1593	1737	2168	2214	2723	3870	4018	4039	4084	4092	4113	4139	
59	76	147	167	540	735	1128	1352	1932	1940	2301	2390	3265	3401	3553	
60	828	1272	1528	2471	2748	3331	3415	3619	3651	3684	3769	3832	3977	3990	
61	66	309	1087	1229	1454	1478	2405	2454	2611	2922	3492	3521	3643	3740	
62	118	207	243	287	454	528	977	1236	1808	2163	2270	2278	2295	2956	
63	604	625	714	919	967	1834	1868	2264	2763	3151	3311	3819	3829	4059	
64	168	181	228	327	653	680	968	1010	1372	1393	1929	2042	2325	2353	
65	18	39	324	522	591	640	654	1325	1647	1977	2410	2659	2964	2989	
66	221	487	726	1200	1282	2132	2216	2247	2614	2794	2957	3135	3700	3933	
67	503	1122	1148	1367	1472	1501	1592	1797	1849	2285	3010	3047	3143	3167	
68	175	412	612	652	663	763	803	943	993	997	1273	1494	1505	2062	
69	122	949	1287	1392	1991	2269	2371	2897	2943	3359	3475	3897	3903	3981	
70	108	367	1612	1632	2305	2667	2767	2849	3082	3469	3612	3699	3809	3958	
71	627	911	1140	1703	1844	1869	2375	2424	2929	3214	3425	3796	3862	3882	
72	116	256	419	473	1178	1300	1605	2051	2485	2598	2703	2985	3652	4161	
73	61	373	525	2008	3018	3288	3304	3507	3510	3708	3778	3995	4123	4132	
74	596	637	724	1572	1789	1819	2384	2463	2705	2718	2864	3036	3067	3089	
75	222	402	760	817	2104	2449	2627	2648	2784	2811	2844	2880	3192	3196	
76	132	265	688	699	915	1085	1126	1258	1450	1549	1660	2221	2385	2825	
77	514	673	865	1097	2119	2253	2275	2336	2729	3224	3397	3660	3687	3937	
78	310	2049	2490	2671	2987	3609	3799	3930	3987	4143	4146	4183	4188	4190	
79	338	447	512	875	1279	1507	1831	2524	3032	3279	3352	3373	3576	3597	
80	236	275	826	1631	1648	2676	3037	3512	3752	3850	3918	4103	4162	4170	
81	146	151	372	533	770	1225	1249	1316	1381	1722	1927	2299	2546	2630	
82	23	28	624	669	689	1566	1691	2312	2644	3162	3212	3465	3649	3777	
83	355	784	1043	1065	1135	1476	1589	2028	2289	2324	2799	3077	3541	3762	
84	15	301	768	1889	2088	2726	3203	3489	3678	3804	3948	4022	4086	4153	
85	113	114	465	595	1104	1427	1756	1790	2258	2280	2294	2669	2905	3193	
86	163	1390	1518	1617	2156	2530	2714	2887	3410	3630	3848	4041	4056	4057	
87	13	251	1115	1217	1221	2002	2025	2108	2694	2793	3482	3574	3738	3798	
88	56	418	785	885	886	1041	1051	1101	1288	1293	1571	1584	1618	1664	
89	526	804	1006	1246	2172	2708	2833	2862	3209	3247	3349	3366	3529	3580	
90	62	382	395	790	1011	1110	1215	1536	2127	2426	2845	2910	2983	3155	
91	664	685	1004	1603	2117	2311	2856	3009	3149	3240	3254	3414	3726	3770	
92	445	462	1627	1758	1809	2209	2409	2457	2913	3022	3139	3297	3357	3594	
93	559	562	765	1083	1380	1430	1446	1475	1812	2124	3137	3449	3735	4076	
94	263	1400	2265	2482	2523	2631	2692	2846	3200	3438	3693	3902	4063	4072	
95	170	185	387	631	679	718	808	1020	1335	1661	2380	2436	2461	3075	
96	69	109	209	260	385	741	1042	1167	1708	1794	2021	2183	2544	2563	
97	484	751	775	892	991	1100	1275	1378	1817	2123	2135	2493	2585	3267	
98	176	468	1278	1308	1798	1851	1949	1967	2415	2893	2894	3277	3501	3632	
99	344	364	1129	1313	1417	1725	1958	2136	2202	2462	3673	3696	3787	3847	
100	289	791	818	1102	1677	2251	2608	2646	3140	3272	3394	3467	3607	3753	
101	502	634	1222	1474	1685	2707	3110	3325	3548	3959	3988	3999	4107	4128	
102	73	434	490	580	851	1903	2067	2391	2626	2795	2823	3186	3195	3588	
103	205	586	630	744	931	1336	1425	2319	2369	2519	2521	2951	3044	3324	
104	9	501	730	898	996	1185	1239	1412	2690	3269	3464	3665	3703	3820	
105	165	231	1022	1058	1121	1131	1271	1973	2236	2346	2796	3004	3046	3755	
106	623	668	1219	1634	1871	2754	3073	3648	3864	3934	3982	4027	4070	4102	
107	193	700	713	896	1318	1353	1697	1879	1891	2764	2999	3251	3513	3625	
108	85	138	554	655	841	927	1169	1182	2416	2620	2622	2771	2789	2792	
109	57	590	1117	1488	1750	2534	3101	3164	3257	3264	3290	3409	3551	3567	
110	734	1384	1431	1491	2178	2778	2876	3026	3042	3065	3226	3367	3473	3661	
111	72	397	605	2211	2542	2781	3284	3344	3659	3910	3972	3984	3996	4004	
112	266	414	1141	1577	1735	2116	2432	2838	2840	2906	3034	3173	3230	3244	
113	288	352	472	617	1045	1172	1385	1558	1624	1776	1827	2003	2074	2685	
114	368	383	460	684	1908	1910	2242	2478	2623	2824	2881	3059	3144	3378	
115	295	578	742	752	853	933	1149	1254	1377	2557	2606	2885	2931	3085	
116	32	166	1059	1816	2687	3136	3554	3631	3715	3717	3748	3946	3969	4021	
117	19	46	441	757	1077	1562	1699	2779	2839	3308	3391	3765	3884	3925	
118	135	1146	2041	2063	2244	2487	3412	3621	3916	4014	4017	4046	4151	4176	
119	129	331	618	1348	1500	1635	1713	1739	2580	2734	2941	3307	3428	3524	
120	800	1801	1829	1899	1954	1972	2291	3040	3582	3741	3825	3891	3939	3983	
121	475	677	725	1153	1298	1443	1702	1821	1965	1970	2765	2802	2889	3342	
122	333	335	561	1040	1159	1526	1939	2423	2533	2684	2978	3197	3515	3578	
123	130	283	1458	2153	2220	2492	2603	3084	3341	3398	3420	3746	4034	4074	
124	215	227	396	694	960	1166	2315	2397	2506	3138	3361	3565	3682	4053	
125	7	53	811	1171	1289	1328	1343	1716	1748	1858	2148	2282	2657	3225	
126	614	806	904	1349	1687	1747	1901	2307	2503	2853	2966	3019	3125	3883	
127	31	229	270	278	557	571	650	1615	2023	2510	2552	2737	3312	3704	
128	214	223	321	588	917	1078	1088	1330	1395	1477	1560	1594	1651	2252	
129	330	519	710	1559	1586	1760	2341	2358	2650	3201	3245	3253	3534	3745	
130	178	1071	1084	1985	2273	2475	3001	3150	3169	3204	3220	3878	3892	3991	
131	124	202	362	771	805	1232	1547	1590	1961	2080	2383	2577	2602	2975	
132	94	211	1329	1361	1602	2199	2292	2393	2400	3033	3131	3628	3952	4073	
133	54	83	280	337	957	1008	1746	1811	2114	2149	2382	2522	2878	3028	
134	1296	1938	2180	2479	2483	3450	3461	3602	3677	3817	3828	3894	4114	4149	
135	45	436	575	830	913	1496	1803	1848	2103	2569	2879	3015	3293	3407	
136	306	476	531	1079	1937	2100	2187	2467	2837	2995	3430	3635	3706	3757	
137	63	493	1021	1080	1147	1373	1374	1793	1847	2239	2513	2829	3300	3596	
138	134	613	1588	1955	2970	3222	3423	3453	3813	4031	4037	4141	4158	4168	
139	11	14	123	491	769	1037	1410	2241	2350	2367	2732	2961	3207	3444	
140	52	783	797	850	1091	1218	1785	1822	2034	2081	2189	2431	2688	2895	
141	274	284	349	674	829	1315	1878	2052	2089	2491	2752	2800	3038	3170	
142	16	101	549	792	819	1409	2181	2332	2404	2539	2817	2942	3260	3615	
143	313	399	825	1322	1646	1867	2318	3198	3484	3680	3855	3954	4030	4036	
144	291	351	693	1005	1019	1039	1156	1463	1484	1544	3048	3118	3424	3447	
145	384	745	1333	1368	1978	2170	2279	2616	2740	2896	3183	3262	3306	3318	
146	171	312	426	635	889	950	1024	1323	1763	1907	2235	2535	2642	2939	
147	466	777	831	1993	2031	2175	2448	3052	3076	3514	3539	3557	3702	3776	
148	10	89	188	756	1498	1513	1527	1674	1981	2590	2990	3130	3336	3426	
149	112	144	319	389	738	941	1186	1241	1619	1807	2284	2451	2749	2927	
150	339	342	583	643	1081	1242	1297	1541	2331	2354	2378	2578	2758	2843	
151	152	682	842	872	1095	1255	1856	1902	2094	2399	2488	2678	2770	2865	
152	1243	1894	2045	2167	2224	2232	2335	3256	3384	3712	4075	4099	4117	4138	
153	307	1311	1693	1966	2245	2345	2947	3227	3695	3732	3790	3793	3936	4028	
154	308	638	681	1017	1974	2139	2632	2716	2946	3363	3563	3595	3608	3766	
155	143	277	1012	2171	2290	2750	2916	3280	3429	3494	3719	3800	3854	3911	
156	37	267	425	536	971	1007	1143	2160	2243	3132	3134	3402	3857	4089	
157	161	233	438	877	1082	1479	1824	2588	3522	3647	3653	3718	3811	4052	
158	117	241	527	1152	1805	2313	2574	2652	2746	2769	3049	3129	3339	3634	
159	354	405	535	739	990	1252	1924	1948	2138	2256	2320	2584	2592	2842	
160	1508	1655	2026	2963	3381	3528	3569	3771	3801	3834	3940	4019	4029	4062	
161	606	721	845	942	1569	1839	1857	2496	2660	2712	2952	3007	3031	3161	
162	2194	3448	3508	3676	3780	3844	3951	4121	4181	4192	4197	4198	4199	4200	
163	541	1260	1376	1787	1820	2069	2086	2342	2361	2408	2877	2921	3305	3348	
164	26	97	508	720	1438	1609	1905	2087	2286	3058	3074	3090	3205	3379	
165	33	153	196	427	1531	1909	1964	2429	3094	3107	3111	3488	3520	3603	
166	250	753	888	1016	1227	1244	1447	1516	2057	2093	2096	2213	2233	2267	
167	35	119	303	365	598	1451	1462	1532	1639	1780	1862	1936	2696	2741	
168	600	834	1554	1734	1957	2197	2212	2886	3071	3347	3929	3961	3979	4033	
169	98	269	323	1074	1139	1470	1882	2044	2234	2472	3338	3374	3432	3479	
170	1432	1658	2035	2038	2190	2296	2417	2619	2775	2827	3072	3443	3658	3714	
171	8	99	392	695	989	1270	1596	1944	1994	2223	2304	2572	2831	2841	
172	374	391	709	746	922	1519	1695	2155	2661	2933	3194	3527	3545	3978	
173	499	511	662	696	848	883	1729	2466	2742	2928	3175	3333	3552	3558	
174	164	1198	1719	2923	2959	3002	3064	3185	3218	3323	3358	3863	3868	3871	
175	204	290	547	838	906	1052	1717	2079	2394	2440	2568	2934	3355	3404	
176	325	1238	1679	2043	2231	2396	2469	2932	3166	3399	3538	3550	3794	3970	
177	162	567	855	1094	1481	1942	2326	2338	2389	2553	2774	2830	3106	3388	
178	70	1306	1363	1579	1640	2502	3102	3337	3390	3416	3626	3644	3713	3949	
179	254	406	537	1428	1971	2033	2272	2551	3093	3243	3275	3427	3758	3975	
180	257	388	451	616	1047	1512	2366	3287	3697	3960	4015	4179	4189	4191	
181	264	611	1018	1310	1364	1413	2401	2406	3330	3396	3624	3760	3791	3931	
182	82	908	1204	1245	1276	1524	1830	1861	1917	2019	2645	3353	3623	3822	
183	601	1277	1386	1394	2157	2681	2773	3080	3176	3433	3445	3583	4134	4178	
184	576	1211	1934	2368	2788	3142	3406	3436	3860	3861	3879	3941	4044	4047	
185	608	691	758	1283	1480	1600	2098	2173	2219	2971	3005	3099	3434	3533	
186	982	1113	1206	1250	1253	1299	1497	1675	1962	2293	2501	2625	2695	3310	
187	230	376	1345	1452	2207	2911	3108	3158	3332	3477	3657	3803	3965	3986	
188	729	833	1035	2091	2169	2532	2593	2640	2798	2803	3122	3535	3585	3655	
189	50	577	671	1396	1826	2137	2508	3039	3083	3767	4066	4104	4112	4120	
190	92	556	924	1356	1483	1628	1638	1644	2053	2321	2374	3206	3364	3754	
191	558	755	1160	1314	1370	1445	2635	2668	3208	3592	3618	3633	3836	3859	
192	245	1398	1466	1751	1823	1843	2365	2680	2776	3017	3181	3493	3546	3670	
193	49	1107	1263	2489	2609	3281	3523	3775	3810	3833	4007	4152	4173	4193	
194	201	216	417	423	764	1382	1865	1866	2277	2351	2600	3266	3271	3599	
195	38	40	732	1157	1226	1261	1522	1606	1607	1654	1920	1982	2860	3171	
196	126	139	173	450	867	914	1184	1371	2061	2494	2621	2730	3516	3613	
197	25	322	377	437	847	897	1552	1652	1680	2110	2982	2988	3133	3974	
198	633	856	864	944	1234	1248	1682	1792	1906	2009	2724	3121	3328	3642	
199	24	157	403	969	1453	1539	1684	2663	2920	2993	3369	3636	4000	4012	
200	27	316	560	930	995	1089	1127	1134	1205	1492	1990	2511	2538	2576	
201	121	259	570	816	910	1015	1534	1777	2747	3095	3199	3326	3669	4043	
202	189	400	1025	1455	1686	1738	2039	2109	3236	3249	3511	3729	3947	3993	
203	424	1073	1444	1570	2131	3014	3456	3887	3924	4133	4147	4159	4165	4172	
204	47	360	430	495	702	715	862	1173	1435	1853	2327	2412	2453	2888	
205	149	589	615	1197	1696	1715	1784	1895	2340	2863	3454	3500	3614	3620	
206	390	1123	1347	1449	1457	1555	1875	2122	2739	3011	3126	3372	3463	3483	
207	218	305	953	959	1251	1338	1611	1921	2147	2388	2706	2937	2979	3163	
208	1031	1106	1179	1557	1835	2766	2898	3705	3865	4049	4051	4096	4136	4157	
209	336	348	1286	1576	1960	1983	2185	2349	2437	3451	3645	3849	3966	3971	
210	90	421	1194	1510	1673	1782	2263	2743	2815	2901	2967	4032	4093	4129	
211	80	343	594	648	795	1056	1471	1523	1574	1582	1916	1930	2022	2210	
212	244	298	455	1407	1681	1689	1705	1892	1915	2133	2281	2498	2658	2940	
213	91	442	452	471	520	585	809	1303	1317	1327	1540	1749	3380	3395	
214	984	1032	1264	1485	1672	1694	1814	1941	2101	2158	2260	2306	2629	3188	
215	1057	1209	1307	1599	2710	3560	3617	3739	3744	3824	3989	4130	4160	4180	
216	550	1170	1517	1876	2751	2960	3370	3468	3826	3994	4058	4135	4142	4145	
217	357	381	975	1162	1786	2177	2271	2413	2948	3346	3497	3568	3610	3688	
218	179	358	947	1164	1183	1426	1587	1668	1757	2441	2700	2851	2871	2875	
219	194	240	551	736	759	956	1533	1804	1884	2121	3105	3377	3485	3742	
220	200	386	409	717	928	987	1770	2013	2200	2328	2536	2836	2857	3604	
221	814	1383	1753	2077	2106	2414	2439	2721	3098	3912	4003	4111	4140	4167	
222	191	543	626	686	1054	1060	1802	1923	2011	2445	2480	2722	2813	3053	
223	1105	1401	1535	1595	1755	1781	1918	2225	2599	2662	3385	3466	3499	3720	
224	632	946	1998	2107	2113	2276	2562	3117	3309	3371	3797	3806	3877	4001	
225	255	793	891	893	940	1623	2048	2140	2468	2548	2651	2808	2953	3006	
226	429	672	766	1355	2032	2215	2355	3289	3663	3818	3842	3920	4087	4091	
227	145	492	532	835	1158	1294	1326	1610	1890	1988	2547	2693	2761	3153	
228	592	657	813	815	1284	1543	1563	1676	2142	2246	2254	2314	2339	2357	
229	183	895	1203	1800	2334	2675	3086	3127	3148	3179	3296	3455	3517	3600	
230	496	542	966	1199	1233	1305	1548	1622	1667	2360	3016	3273	3393	3460	
231	95	285	346	861	909	1745	1818	2102	2915	2986	3023	3184	3639	3858	
232	96	238	299	461	489	852	1103	1365	1833	2227	2255	2543	2634	2955	
233	51	71	433	651	697	1098	2020	2193	2298	2643	2699	2728	2807	2821	
234	253	545	1050	1190	1546	1885	2288	2615	2736	2994	3092	3690	3768	3896	
235	272	500	894	1064	1220	1585	1881	2118	2179	2570	2571	2938	2984	3234	
236	60	329	727	1168	1724	1887	2316	3116	3219	3238	3246	3774	3840	4054	
237	315	517	548	712	916	2084	2372	2444	2612	3180	3747	3926	4068	4098	
238	154	198	317	413	553	1046	1208	1855	1963	2473	3056	3068	3097	3221	
239	20	619	728	988	2352	2442	2465	2476	2787	3051	3301	3544	3605	3711	
240	276	375	737	1177	1207	1504	2150	3314	3457	3701	3904	3944	4002	4011	
241	75	142	707	1063	1641	1883	2095	2597	3069	3320	3629	3915	4182	4185	
242	469	846	1351	2073	2387	2587	3091	3187	3365	3474	3846	3922	4061	4144	
243	30	334	1150	2745	3191	3291	3772	3784	3821	4025	4115	4148	4186	4194	
244	366	754	870	1165	1256	1581	1952	2184	2300	2459	2556	2855	2954	3276	
245	369	887	962	1027	1231	1841	2518	3446	3593	3692	3781	4100	4195	4196	
246	58	1155	1369	1404	1405	1732	1778	2105	2373	2596	2757	2925	3487	3671	
247	410	544	901	1280	1487	1872	2064	2433	2481	2515	2806	2890	3302	3400	
248	192	470	494	701	880	1210	1436	2078	2422	2854	3335	3555	3654	3998	
249	41	186	453	1213	1984	2125	2204	2407	2907	3351	3480	3666	3927	4108	
250	328	371	723	747	1093	1112	1561	1946	1959	2458	2565	2820	3285	3350	
251	521	642	860	1629	2071	2308	2484	3540	3611	3725	3814	3893	3957	3968	
252	115	297	444	464	478	1001	1342	1520	1550	1806	2435	2786	2909	3650	
253	88	961	1132	1247	1375	1968	2162	2633	3123	3250	3368	3526	3783	3876	
254	68	416	670	854	1076	1269	1295	1743	2159	2554	2755	2850	3013	3258	
255	258	415	480	1262	1493	1530	3202	3417	3478	3530	3662	3686	3789	3827	
256	128	262	440	456	719	1597	1767	1997	2188	2443	3345	3495	3562	3756	
257	239	516	973	980	1761	1969	2001	3360	3470	4078	4109	4175	4184	4187	
258	74	286	510	584	704	796	801	882	903	998	1055	1202	1509	1649	
259	404	563	843	937	1285	1896	2356	2882	3440	3955	4016	4131	4174	4177	
260	2	48	59	370	690	1069	1752	2638	2782	3845	3928	3935	3943	3985	
261	155	1070	1228	1302	2317	2579	2583	2908	3761	3851	3992	4081	4116	4163	
262	77	190	206	208	750	1036	1688	1873	2259	2425	2996	3177	3322	3441	
263	86	100	133	217	857	951	976	1044	1448	1633	1766	2090	2203	2430	
264	446	463	964	1268	1403	1678	2092	2112	2144	2639	2810	3020	3215	3270	
265	974	1028	1350	1486	1650	1721	1888	2248	2697	2756	2974	2976	3664	3691	
266	1764	1788	2145	2561	2628	2649	2653	2919	3027	3189	3674	3830	3913	4009	
267	347	1092	1469	2347	2762	3504	3590	3909	3932	4060	4088	4127	4164	4171	
268	965	1953	1979	2363	2686	3119	3496	3559	3751	3816	3921	3938	4055	4119	
269	184	498	902	1291	1440	1810	2735	3055	3057	3128	3160	3231	3472	3566	
270	44	249	393	1904	1986	2066	2573	3141	3217	3575	3672	3856	3873	3923	
271	42	159	620	706	787	823	936	1240	1503	1515	1643	1671	2566	2582	
272	199	407	748	979	1845	1950	2115	2348	2607	2883	2962	3343	3439	3823	
273	572	837	1137	1224	1339	1467	1506	1714	1836	1837	3062	3154	3299	3303	
274	926	978	1567	1613	1630	1874	2261	2418	2486	2497	2822	2832	3421	3452	
275	905	1003	1832	1935	1951	2343	2499	2618	2891	2998	3109	3543	3731	4095	
276	224	610	788	994	1312	1490	1723	1765	1850	1928	2512	2903	2917	3024	
277	646	762	1320	1362	1495	1529	1741	1768	2411	2968	3157	3362	3542	3646	
278	29	140	574	820	1154	1379	1626	1665	1727	2541	2624	2814	2918	3248	
279	127	268	482	538	565	722	899	958	1014	1237	1564	1731	1854	1860	
280	226	237	1956	1976	2065	2683	2848	3490	3561	3622	3792	4013	4085	4166	
281	34	110	628	876	1212	1690	1742	1769	2303	2733	2760	2884	3292	3403	
282	67	235	271	507	934	1133	2152	2274	2689	3165	3334	3591	3802	4097	
283	506	858	1267	1388	1580	2016	2083	2218	2528	2866	3283	3917	4077	4106	
284	64	292	394	749	1235	1545	1740	1813	2165	2240	2950	3375	3573	3637	
285	6	629	636	645	822	890	955	1565	2036	2151	2470	2529	2655	2783	
286	125	356	422	524	866	907	1578	1656	1692	2018	2452	2517	3070	3411	
287	203	1086	1415	2323	2505	3115	3239	3536	3547	3587	3905	4006	4008	4035	
288	293	534	566	1116	1796	2392	2549	2711	2997	3532	3730	3815	3853	3906	
289	103	320	992	1066	1726	1877	1897	1913	1975	2126	2364	2381	2477	2531	
290	639	779	1521	1553	1720	1733	1922	2310	2637	2805	2816	2902	2969	3408	
291	105	234	350	607	999	1144	1551	1728	2000	2015	2050	2376	3728	4124	
292	432	1075	1195	1331	1456	1828	2257	2720	3113	3213	3509	3584	3773	3953	
293	5	361	798	1067	1174	1257	1464	1669	1943	2154	2647	2677	2812	2852	
294	353	467	656	810	1360	1389	1459	2055	3050	3147	3413	3570	3689	3867	
295	252	661	780	859	1176	1636	1642	1707	1914	2012	2386	2604	2744	2791	
296	641	1096	1573	1659	2456	2912	2924	3435	3537	3675	3733	3734	3880	3886	
297	174	294	972	1354	1366	1933	2059	2146	2873	2977	3000	3419	3422	3437	
298	232	505	743	986	1321	1346	1416	1886	1987	2056	2302	2613	3736	3919	
299	1068	1337	1421	1556	1568	2040	2545	3237	3518	3710	3869	3901	3967	4010	
300	647	659	963	1334	1730	2526	2610	2617	2861	2874	3003	3210	3418	3458	

1	0	1	0	1	0	1	0	1	0	1	0	1	0	1	0	1	0	1	0	1	0	1	0	1	0	
1	0	0	1	0	1	0	1	0	1	0	1	0	0	1	1	0	1	0	1	0	1	0	1	0	1	
1	0	1	0	0	1	0	1	0	1	0	1	0	0	1	0	1	1	0	1	0	1	0	1	0	1	
1	0	1	0	1	0	0	1	0	1	0	1	0	0	1	0	1	0	1	1	0	1	0	1	0	1	
1	0	1	0	1	0	1	0	0	1	0	1	0	0	1	0	1	0	1	0	1	1	0	1	0	1	
1	0	1	0	1	0	1	0	1	0	0	1	0	0	1	0	1	0	1	0	1	0	1	1	0	1	
1	0	1	0	1	0	1	0	1	0	1	0	0	0	1	0	1	0	1	0	1	0	1	0	1	1	
0	1	0	1	0	1	0	1	0	1	0	1	0	1	0	1	0	1	0	1	0	1	0	1	0	1	
0	1	1	0	1	0	1	0	1	0	1	0	1	1	0	0	1	0	1	0	1	0	1	0	1	0	
0	1	0	1	1	0	1	0	1	0	1	0	1	1	0	1	0	0	1	0	1	0	1	0	1	0	
0	1	0	1	0	1	1	0	1	0	1	0	1	1	0	1	0	1	0	0	1	0	1	0	1	0	
0	1	0	1	0	1	0	1	1	0	1	0	1	1	0	1	0	1	0	1	0	0	1	0	1	0	
0	1	0	1	0	1	0	1	0	1	1	0	1	1	0	1	0	1	0	1	0	1	0	0	1	0	
0	1	0	1	0	1	0	1	0	1	0	1	1	1	0	1	0	1	0	1	0	1	0	1	0	0	
