4200	300	300	14

20	10	2821	1556	3696	2452	2916	3774	2088	1005	2532	302	1674	2526	2975	2281	3409	2640	2413	4108	1891	2041	
16	6	1422	226	1892	1484	3092	570	3000	1860	1749	2285	264	2332	2798	367	830	840	
7	4	1886	1100	3495	2982	1448	2588	2942	
11	3	3301	97	4072	3782	3219	3026	1121	2714	670	1390	1342	
15	8	841	296	1293	1517	4052	2767	3087	2258	3765	2133	459	1918	1898	2936	3518	
16	8	1947	3355	3687	1735	3943	3074	3580	681	2677	1082	198	3260	2929	1902	2545	3166	
14	8	1906	890	2868	1937	3165	623	527	2892	3001	4110	2815	4067	4022	3216	
10	7	1660	2185	2486	2674	3766	3496	3096	853	3923	3596	
11	4	1808	836	119	3364	2607	1416	4000	3972	1692	3716	2095	
16	7	809	1910	1078	244	2222	3999	1767	787	2781	3088	1379	1543	2690	678	1504	75	
16	9	1164	2005	2849	2226	3790	785	561	3748	2138	4048	1333	493	631	567	820	2037	
17	8	697	228	1606	3989	3964	2183	1118	3376	1190	2026	2358	3473	3358	3077	1252	2051	1644	
12	7	501	2697	2152	4011	227	2773	2312	1728	2515	3041	2402	2756	
10	3	3121	4082	4094	1678	1103	3320	1670	3293	1973	3472	
15	6	1593	1934	2195	1625	1699	1904	803	3535	2614	438	3925	4061	293	2432	1974	
12	8	564	3449	2830	1217	1079	3312	2135	1396	3120	1988	1908	180	
10	6	1110	3058	2516	208	1027	3825	870	3976	144	1962	
13	7	1780	1361	2577	1144	1975	2943	420	972	2556	3009	4147	1125	2763	
14	6	1948	766	3834	842	3805	2530	1703	3754	2685	299	1391	529	2139	395	
17	10	1681	4166	762	123	2807	2675	3018	1420	268	2182	2098	3103	579	130	1473	3448	2456	
19	7	2776	90	1429	4116	3874	3921	2355	641	1561	538	2939	261	3503	3589	475	844	3248	2823	3414	
13	8	1592	2908	4177	3440	3957	3572	291	2169	1468	3912	2966	1982	1834	
12	4	3458	3410	401	4190	1549	57	2245	3429	1395	3446	3859	3654	
20	12	627	53	1557	2514	3994	2341	1348	3141	1077	2068	1889	4199	3652	2636	2013	877	3397	4141	1435	2404	
18	9	3604	606	543	676	1672	1540	2376	3194	3562	165	1234	370	352	4124	3764	3346	1318	3435	
11	7	2160	433	3809	3404	2790	2792	2448	2428	3263	29	3384	
15	8	2872	563	1979	1231	2296	1345	3333	2707	1836	1683	2496	3222	379	3493	817	
10	7	956	1909	32	3489	3199	1317	2907	609	2188	663	
13	5	2401	2631	3818	677	374	902	56	855	796	1868	1729	2359	3670	
16	6	1570	1773	1544	3365	4051	2008	1127	1702	2565	3946	1669	865	3585	728	1944	3588	
13	6	1316	3698	362	1235	1176	587	1259	1042	2173	3311	2444	1098	345	
12	4	737	625	3138	62	967	928	1413	230	2061	1222	14	1935	
13	6	1169	2831	477	3628	306	3206	521	518	2560	3742	3163	237	2624	
19	10	3985	1857	3154	3638	3858	3491	3970	2965	381	211	1175	863	2761	1917	36	342	1782	3178	2800	
13	6	1326	4038	1087	3161	1017	2980	3241	3918	3679	1148	3730	1306	300	
10	4	1738	3823	1608	4026	2935	875	1768	2937	1410	1940	
15	6	517	1832	508	4098	4170	282	1147	682	2461	3356	794	2757	2209	499	1559	
12	6	2102	1776	3992	532	1535	3509	1874	3323	1725	365	2130	3111	
8	5	3949	3254	3786	3536	133	1285	2441	106	
13	6	2298	4100	1894	289	2085	2679	3952	2852	1064	615	1419	2073	3455	
7	2	2860	3974	753	833	767	3386	1057	
17	9	2955	1024	3208	1065	3212	2768	1806	2702	3492	243	339	2693	2488	125	1854	1719	1171	
18	10	105	269	3454	3732	3187	1273	2601	2365	1987	191	1304	453	896	2047	1839	3353	2504	976	
18	9	1154	1707	1129	1173	1360	959	460	2065	3841	2920	3116	3370	4160	1757	1177	3257	1014	1481	
15	9	1553	1926	151	997	1445	1485	412	1774	2997	3541	3549	784	1880	1308	2669	
14	7	2250	84	3759	808	3153	700	2774	805	2416	2877	2149	1522	1376	3067	
17	10	2979	2635	2489	2457	815	210	937	2204	3530	3151	951	3574	2232	1916	3160	1518	3532	
13	6	1865	3218	946	3657	3938	1319	386	1794	3237	2998	4169	1432	669	
16	9	3147	2189	1186	3701	2269	3877	3331	3658	761	2303	355	2696	2381	1310	2072	4076	
13	4	2876	2698	1919	1723	1340	2333	2617	2889	2251	1301	3024	274	1137	
19	11	3443	1102	2181	688	622	4080	3012	2007	1028	3467	2699	479	2498	3236	1160	2166	3403	3326	2897	
11	7	4193	4143	3332	1124	3184	2985	1666	3668	3791	1155	2645	
20	10	3105	487	3479	1838	1885	197	3268	2804	2880	2103	1967	122	2087	3119	2553	3911	2487	985	2320	1111	
15	7	800	1529	1809	3048	1531	1338	941	241	1551	2293	1095	1513	3505	2221	3525	
16	6	938	3054	225	1569	2170	629	2147	428	2895	2218	2301	1276	2994	1257	1159	3330	
17	10	9	3152	48	619	3753	2519	1388	2735	2196	326	212	2972	713	3550	483	2323	1386	
18	11	694	2721	3369	2474	2360	3983	182	732	1467	2418	3511	3888	3005	3134	178	1614	750	3253	
13	8	3697	3593	3003	3647	223	891	703	3115	258	3034	202	3413	2057	
8	3	2109	3584	23	1362	2469	1248	2255	1146	
16	9	3977	2787	1071	2219	2344	117	1271	2442	3953	3283	1690	3411	351	1254	2918	3327	
12	7	3855	3981	2263	256	2074	3063	200	2119	2538	2336	3781	2981	
11	6	1743	70	3405	3868	1201	436	360	357	2590	3460	2142	
14	5	3987	843	3284	1505	3010	2904	1	3731	664	214	3846	3738	3075	3126	
14	8	3101	3801	892	2164	2989	916	2951	2352	4017	813	1486	966	971	3537	
20	8	377	186	2794	4047	2839	2758	4134	2871	2993	2921	3631	3997	1595	3937	1262	217	2844	2957	3319	4092	
19	10	3651	2584	2606	3029	1181	240	497	3296	2346	2745	74	2544	1846	864	885	104	584	1923	1440	
10	4	889	2425	1372	1640	2642	2744	3198	3603	2238	2316	
14	6	943	1785	3373	2579	1783	2866	3685	1094	1705	716	3167	2728	465	47	
11	5	505	3959	207	3071	1226	2019	1373	1032	2692	2175	1055	
9	3	3378	2127	242	233	2594	1912	3389	4074	4144	
19	8	1439	2497	1884	2024	2450	4059	2684	4154	1502	1574	1827	2753	4034	494	514	393	725	1872	2443	
17	7	2512	3892	2983	828	983	3486	1624	3961	1218	1599	1298	2700	4077	3885	3523	1192	158	
16	7	1198	3617	526	3149	388	2755	1265	1460	1434	2893	984	3543	2896	2390	3393	4096	
10	6	1081	2835	1188	1056	2214	4187	3274	2924	965	512	
14	5	3512	43	176	3391	3285	2356	3560	3737	1365	3094	2417	795	4135	2795	
14	8	955	2861	1465	4012	184	3703	2066	3	880	3942	2751	1653	3304	1291	
15	5	2742	1206	219	3466	1455	2354	1877	4191	588	1646	2848	1107	2466	3557	3833	
15	8	861	933	1929	1353	3991	668	1991	321	3636	1101	3461	272	1355	2159	1799	
14	6	3514	868	2801	1536	1816	2307	2029	378	338	2595	679	495	2187	1907	
12	4	594	10	2468	3209	881	3037	323	1221	2858	1021	1722	3934	
12	4	727	3302	1984	4158	3035	199	382	3660	3362	2878	1334	2952	
16	10	1493	3350	452	329	3971	2483	3249	3650	690	1279	4101	100	3676	1046	876	1288	
17	6	4064	4167	2117	1730	3210	2011	91	895	3553	2399	474	2071	3569	2542	576	1454	15	
15	8	2814	2056	376	573	1643	1528	2275	1745	2083	4105	434	3719	1658	3193	159	
12	5	2824	2476	3922	2894	284	898	647	1945	4053	2295	409	446	
16	7	1228	2759	1367	2105	3619	1698	3916	2688	1792	3643	1546	3710	192	2746	2691	1998	
17	9	1661	932	662	3050	2022	1913	2873	239	2783	1560	2378	2337	73	560	888	873	2888	
12	8	1002	3673	2393	3757	333	774	1141	3894	2856	1828	1261	183	
11	5	229	109	1695	3055	812	705	2478	935	1693	189	2431	
19	9	2050	642	1112	1596	2167	702	380	4127	3516	2228	3856	1341	3780	883	1633	271	2571	3487	1022	
16	10	2254	3251	1135	3919	2616	1562	1936	3266	1421	3501	1430	1067	776	1004	1737	1115	
15	9	1701	751	2277	2988	3470	3820	4136	169	3863	69	2108	3076	1650	4095	4027	
16	6	3843	1210	275	406	3686	170	3288	1873	1950	1165	3544	3279	2940	2536	558	2429	
12	5	4030	3407	2248	599	1814	1781	2950	1895	1015	2766	2414	3490	
13	5	45	2910	1264	3724	692	1972	3641	3265	3129	1290	2467	607	1018	
18	8	1380	929	2207	64	845	492	1048	2324	1771	332	1881	3551	181	1887	3807	4107	3022	108	
12	6	4176	2155	2796	1688	2874	2718	1324	2914	4120	3042	467	3158	
14	9	2306	1508	2615	2039	1462	3144	2069	695	2477	2518	1495	2424	3244	2313	
11	4	4111	3278	1621	3996	1178	2882	3571	21	1452	2984	3735	
12	7	2463	1163	2387	3252	2118	1938	2434	2820	2129	1286	4068	1436	
12	8	3220	3648	1149	575	3513	175	1878	3136	2743	1613	3778	1590	
15	7	471	1724	3811	1903	2854	4	444	1598	655	2115	2864	531	2879	1213	2246	
19	9	1815	1451	2289	1537	253	204	3610	2143	1770	190	530	3980	270	3804	3394	3433	3300	2445	3183	
12	7	1236	310	831	1423	2673	267	2574	821	3815	3663	136	3171	
16	7	1582	155	2930	304	978	3607	1882	3704	634	2235	1577	248	247	2633	3258	4046	
20	8	3940	4070	3379	3758	528	948	2928	3828	882	2969	1622	793	1132	3814	2094	1203	162	448	3189	398	
15	7	206	124	430	1576	2959	2364	851	712	1841	3699	3746	3947	2927	4071	2304	
20	9	2808	1041	2971	2310	3099	1153	860	3848	93	1447	65	2772	1665	4185	2832	1459	1847	3007	414	3881	
20	12	2625	2706	1441	1996	2506	2247	3316	1746	2869	2805	2495	1180	920	3822	893	2891	337	4039	2999	39	
15	7	721	536	3526	2415	1980	3927	71	4103	3578	2243	2200	1384	129	4087	903	
13	6	1713	2453	3478	486	2121	1673	3059	2806	790	1453	2509	35	2252	
16	9	2165	3993	900	3865	38	443	3506	1299	2598	3723	347	3965	1211	4156	4121	1957	
5	2	2549	1161	3709	683	3824	
15	9	565	2829	3717	3564	67	138	2435	2462	201	1842	3305	1427	1796	756	1575	
7	2	3125	4014	2682	2451	3510	2053	2270	
12	7	788	245	1969	3749	54	3343	3573	3474	807	3666	1817	3850	
14	8	4024	3662	1811	2392	3838	2144	854	188	1656	742	2473	1779	1790	2433	
14	8	3282	2058	1080	765	3880	739	638	218	383	1954	3297	3577	3256	2793	
20	11	1120	4007	757	572	2963	2620	3873	2608	556	3109	3672	421	3592	3366	1385	1897	3795	3450	3642	3770	
12	4	250	2923	28	2659	3771	384	3849	498	3328	2508	630	1356	
9	5	1930	4172	288	2199	3752	4174	2048	1512	2578	
13	8	1696	1805	1597	779	1691	1320	1752	1084	593	653	2949	979	4152	
16	7	3108	3733	1759	94	827	3837	1932	924	1511	3089	3743	2328	1007	3587	391	3442	
13	5	4138	1708	4104	1119	2898	17	590	748	3098	3522	4021	2100	3816	
18	9	1601	3797	3392	846	1133	3351	3469	4183	4194	2546	2862	950	1143	917	1351	1545	2241	318	
8	6	1166	1953	2524	1039	1245	3629	1864	4031	
11	7	1282	3246	2662	559	958	317	2259	4146	689	2883	2162	
14	8	98	1068	3130	596	149	3995	1772	3031	3374	3691	3904	4198	1793	3893	
19	9	643	3432	1586	2161	1610	156	2203	2015	3623	977	3897	1715	135	2082	2938	654	1179	92	1397	
14	7	2665	1760	3907	510	1012	1837	160	1501	1552	1589	3812	2558	16	1631	
14	9	3895	1325	2380	1059	2754	2318	350	1933	2302	76	1706	3232	823	735	
15	8	1830	179	3051	2747	822	2857	2421	2543	485	2654	3176	2093	2321	3068	3023	
17	7	524	4163	2369	405	1001	887	194	3861	1819	2554	598	1823	1374	1280	257	2678	3338	
14	9	3655	2314	675	1478	3299	385	957	2637	2769	3402	3229	1278	1075	2562	
16	7	2131	142	2194	906	608	1344	3803	1193	1835	947	1503	2850	31	1848	3240	1999	
18	8	3760	3131	994	3777	3539	2459	3690	1019	4019	3632	2734	1563	1927	3917	1010	1649	2797	3011	
16	8	3817	3357	2308	1238	2256	818	60	3608	1714	13	2423	3984	3396	2394	2349	2206	
16	7	4196	1431	1219	2739	2647	2634	3431	3270	1060	644	3694	2180	2060	789	3385	4079	
15	7	174	3851	547	41	3905	3612	3420	2932	1215	2436	1031	390	34	577	1091	
14	6	1680	2995	415	540	1726	2236	19	1043	571	1856	3235	910	2045	3517	
16	7	3702	3462	1900	3348	1594	1479	72	671	319	356	236	1958	150	3924	2038	298	
22	11	1314	2522	1195	3317	3057	2836	909	838	3910	2593	993	2191	359	962	2750	3117	2334	646	1411	3225	1312	3387	
18	8	3870	1871	4119	425	387	4129	484	3926	4145	3779	11	3415	3255	3173	2572	1787	2708	3484	
9	6	1686	3217	2597	2657	3170	1069	4033	2325	107	
8	3	3289	2676	3247	1296	1283	2471	862	1939	
15	5	2223	723	2297	334	2505	3973	1405	255	2086	314	3361	2264	1357	1062	3772	
16	6	4065	2111	51	2902	4049	759	2212	3463	3599	1399	1807	462	3606	944	1784	1403	
14	6	30	2268	1191	2106	1532	1605	3982	2407	1074	3852	650	252	2327	66	
19	11	491	224	2561	2276	4155	4109	797	879	2686	595	1977	3835	3424	3061	3360	3736	3445	1212	121	
16	9	1220	470	2043	120	3988	413	1766	313	1289	132	1548	348	1321	2437	2845	1130	
13	7	848	2722	930	738	2265	769	2539	472	2712	4050	1270	2348	1343	
14	6	1732	1986	2151	582	4073	986	2	1711	1813	2454	2881	783	2500	77	
10	6	4153	3382	1833	3276	648	3755	535	3221	2575	1533	
10	4	2726	1859	3444	3430	3929	1251	4003	3064	905	2770	
11	3	1150	3234	1437	3582	1209	2964	2557	3004	1255	2125	612	
12	8	1564	402	2884	1040	704	3196	2592	2779	987	3624	3776	667	
7	3	715	2658	1233	322	1023	3292	515	
11	6	1756	722	3352	311	509	3600	621	1194	3422	1555	1105	
13	6	1214	1113	2670	141	463	3224	1425	3079	82	1949	231	2150	3575	
7	2	411	3337	3787	1000	3909	2076	3979	
17	8	1487	3734	2231	3335	3950	2905	1117	1182	2157	1383	2172	2780	440	1748	2741	2535	4020	
18	9	3720	283	2389	246	2819	278	1368	1697	3047	4159	2666	3021	3727	2660	1584	1482	749	760	
18	7	520	3751	4042	645	3287	2517	3832	866	651	3172	2826	354	88	3678	1694	801	3313	1274	
15	8	37	3864	2531	3913	3143	777	2112	4043	3693	2070	2672	3768	3281	2733	1853	
11	3	408	729	2632	2619	3226	1778	1641	1500	4018	3417	3502	
15	6	613	3227	2953	2148	4045	849	4016	3375	1126	537	2525	3271	2028	4117	4028	
9	2	2732	2668	2853	850	2551	602	161	2099	2040	
7	3	1223	743	2602	1249	922	3162	1207	
17	7	1604	12	3052	1247	3744	3298	2834	1840	3310	1013	3046	3548	2021	481	2548	2716	1869	
23	11	3439	3036	3019	2244	1523	1229	2639	1224	2177	826	3879	806	837	3371	2059	2077	50	1044	1029	3416	4139	3649	3901	
11	5	3062	2587	1550	466	1336	1810	4106	1829	2034	2501	2000	
16	8	2541	432	2652	3875	1052	659	1020	1364	2326	1277	1971	513	1655	1883	2107	3515	
9	5	1717	1418	1404	912	2996	3729	927	2547	1720	
15	5	2510	2816	3465	2863	2080	1315	546	3169	696	455	1995	195	167	1450	294	
9	5	3707	2809	3788	3452	488	3611	1123	25	2253	
11	4	923	1332	3016	1899	1970	1086	3792	1667	1635	3315	2576	
20	12	3528	706	1174	1989	2990	3211	2803	919	3793	1241	1990	1600	110	2193	2947	2968	982	2447	3195	3464	
11	7	2521	2385	717	549	3383	307	139	1168	2330	454	3726	
12	4	4009	1471	2917	3597	3069	2913	2846	2822	1267	1851	1628	1183	
10	6	2114	4044	2280	952	3871	1890	3605	1498	1006	3990	
18	11	3669	312	196	3441	128	397	1363	1424	154	624	449	1648	185	1417	975	763	1189	303	
15	8	3438	3998	2455	2362	973	2859	2934	1554	3566	423	1961	718	3570	1685	3567	
14	6	2680	1818	143	894	2141	3480	2490	3951	2703	2648	3106	1616	140	620	
13	7	791	1922	3421	544	3933	1647	1497	18	2711	1755	2002	2311	3137	
16	10	116	1901	2855	2351	3273	3113	1632	3920	1398	2513	1747	899	3014	3498	1761	417	
16	10	583	3741	2134	3866	2009	3482	1795	2018	811	1134	3867	2372	2449	566	2485	1915	
18	10	4115	3191	273	4126	2317	730	4058	693	2970	942	2110	1092	426	3399	3659	343	1033	4189	
10	7	3775	2945	3494	480	878	3013	616	3967	1003	3275	
18	8	2618	1483	3763	3261	506	649	2201	3359	2843	1047	259	79	1359	3133	913	733	2567	4150	
11	7	1433	2315	83	3086	2582	1849	1263	3966	2322	500	4025	
15	8	3264	1798	3645	2154	3688	2771	3625	3945	1893	1162	2014	2568	3637	2391	3747	
8	3	1038	768	2641	1275	3340	1741	4002	2656	
9	6	3903	3245	1855	2915	2377	2096	3773	2622	429	
17	10	290	3412	539	3307	33	1657	157	764	266	3644	3428	3936	2016	2278	3576	3590	3602	
13	7	1509	4140	3546	280	1185	3321	617	907	1687	3118	3148	632	3594	
12	6	331	525	672	1802	3090	2294	2650	1985	3928	3767	2146	3002	
16	9	3084	1506	396	3534	3785	3521	1583	1426	3367	1407	3630	3349	847	3447	2828	3860	
17	6	2158	1152	2279	4060	2208	1844	2062	904	297	3091	1131	371	1240	4125	3318	2475	1026	
11	3	1764	3872	4008	2628	20	953	2775	2818	999	3711	3102	
11	3	2300	2171	1244	216	772	555	1295	2347	2643	1997	2242	
18	7	1045	2215	2919	1116	1704	3201	1208	3682	3745	2701	754	2629	3556	1978	3150	281	1638	1611	
11	4	633	1157	3830	3529	1490	2906	1812	1619	3401	3070	3354	
18	9	1104	4113	752	3555	747	1876	1369	1167	3640	473	1446	3475	3471	2299	2230	437	3097	2887	
10	7	3939	1617	1227	1009	1803	1627	2817	1645	3436	1378	
15	6	3664	3259	40	551	2589	213	533	2842	1305	507	1850	3459	2978	2233	1769	
13	6	2120	3485	2550	1449	1609	1968	665	1758	2484	3006	2630	4122	96	
10	4	2494	731	2724	392	2033	3347	1114	974	1951	1354	
9	6	872	1888	3954	3188	1955	1530	2529	3520	1237	
9	3	834	292	2003	2992	4057	2271	59	720	2239	
27	15	1928	550	1952	4037	2090	3794	1415	3286	2329	447	1197	2186	1300	3030	2091	2480	1076	1402	1527	1089	2287	3826	187	2789	1073	1050	2833	
16	10	3180	1327	707	1507	1142	3626	4086	4130	205	3377	279	998	1858	554	1196	3680	
12	7	2367	2901	52	3277	3408	3639	2213	3683	940	1534	2078	2156	
11	6	3110	4133	1943	81	1867	3499	585	3618	4132	2603	991	
9	6	581	1093	1791	1585	804	3204	2366	328	2653	
14	7	552	3504	2126	3230	3192	960	2704	1607	1170	3423	2044	3813	1294	400	
10	3	3900	603	44	327	2397	2695	2472	778	4041	3739	
9	3	2954	523	1824	1202	3882	3883	3634	4162	489	
10	4	3944	2493	1733	3457	2481	4054	3614	503	172	2784	
10	6	1053	4128	2841	285	3168	1629	1346	3542	745	2216	
15	6	1469	2168	3908	2438	1366	4197	3715	3065	578	3661	3341	1090	4102	1659	1591	
10	5	2283	3132	2626	3558	2782	636	610	1016	2540	3891	
16	9	502	674	4063	2986	859	2671	852	1634	1408	2612	2067	1151	2411	4168	939	1292	
13	8	3978	2176	3336	3426	3081	89	755	1539	3418	3032	2555	3468	3114	
11	5	3400	736	656	802	164	3388	1200	2286	3656	2350	640	
13	5	3810	1744	1620	1328	3762	4075	2089	2124	3508	1414	3545	2282	3583	
12	6	2292	1284	2875	2163	3082	3621	3932	611	2730	4056	2837	3339	
20	8	2827	2227	2909	407	2234	1652	1330	3020	1801	574	3902	1281	3481	657	3140	3975	1565	2811	2370	42	
17	7	2343	3886	3591	4001	3677	2922	2689	153	3840	2492	711	2220	7	2748	3969	2838	2190	
16	9	3675	4118	1981	825	658	2010	336	2740	3561	2511	468	1491	3958	744	2137	4137	
11	6	2400	87	4188	2042	2116	2184	260	215	3844	3127	3344	
19	9	2661	2667	3581	2140	1329	2627	3156	591	3769	832	1008	2956	2406	1931	2946	3962	3345	3242	782	
14	6	1307	4157	925	816	394	490	2563	2502	3272	3915	1350	2371	2419	2870	
17	6	2566	3609	964	1763	476	2646	2520	3107	3203	2054	548	2104	2382	2569	2335	2851	4081	
17	8	3039	3066	3869	2261	1313	3884	1992	3419	102	3072	3615	3028	3306	3290	1303	2132	3836	
14	6	2092	2719	2374	1337	1256	26	3796	3175	3700	2363	1675	1976	3177	3890	
17	7	8	3112	3476	1392	148	3800	2681	2599	2004	2600	2710	1852	482	424	1786	3294	3712	
21	12	2063	1054	1476	2465	152	911	2012	1302	2339	1145	2460	2274	101	871	3527	1494	3060	1239	4078	1393	3174	
13	4	68	2006	3488	3146	3721	358	918	1250	2727	3214	171	3015	3692	
15	5	3671	2262	3080	3477	1444	2977	286	1580	673	954	147	2778	478	2055	2237	
16	10	2398	353	1822	1862	2174	234	3524	3847	771	1615	2973	2430	1826	249	2762	1716	
13	5	3215	770	3123	3684	4142	442	3223	3135	2427	1108	439	177	2284	
15	7	691	1438	4015	1242	3073	1140	1637	2764	2464	1269	325	2925	1216	1956	2031	
9	5	1266	111	3406	368	1863	3878	458	3342	3935	
14	7	49	542	2810	4182	3559	2991	344	4091	1051	4171	824	1914	2403	1492	
11	3	3750	369	1960	1571	2705	203	1689	2523	4089	3045	3906	
13	4	3667	4161	992	1612	1475	2961	127	220	4005	666	2211	970	2649	
25	14	2813	3044	3968	2570	1138	1058	661	3027	1542	441	316	1572	914	2345	6	2664	1753	3329	1331	1156	1875	1804	112	1664	2025	
10	5	99	1662	1721	315	1088	829	3104	457	798	504	
13	7	2962	3497	1070	1750	2192	1199	3303	1740	3197	2046	1230	1642	1963	
18	8	3689	1959	2396	3862	2655	2931	3179	3456	988	1139	1109	869	3622	2266	3295	4040	118	418	
17	10	1406	1412	2720	496	4151	1442	2482	2683	4013	592	1352	2408	652	1843	2361	1861	3789	
9	4	618	2729	1618	949	3363	4083	3681	3205	1036	
7	5	2179	2470	3948	4097	4165	3053	961	
10	6	856	1966	2049	2786	3598	1049	1941	741	3831	3695	
20	11	1946	1581	4181	1461	1381	1789	3381	22	2760	3157	3182	4186	2604	3025	968	635	936	1474	416	1677	
21	11	173	1526	1472	996	1375	3267	3453	1920	2440	1942	464	3380	1011	3239	1964	1734	2507	309	698	4006	372	
17	6	2338	2899	1800	115	262	775	2412	2812	990	553	27	2273	934	3898	2097	276	3829	
21	9	3554	2001	1066	4010	3756	2257	1825	2723	114	4114	1272	86	685	2288	3784	680	810	3395	1464	1085	3653	
18	9	781	3250	295	4032	3291	1158	1187	2611	3085	639	2941	3722	4112	4123	2725	126	1204	4084	
22	9	3740	2591	3181	145	3540	814	2036	2596	2020	3613	3986	874	1339	2409	2064	1099	3616	4200	3914	3507	2319	2865	
14	7	1924	222	1541	2420	2217	1496	1870	1172	2272	2422	1394	3798	1516	1831	
14	9	4090	2644	1470	3799	989	534	450	1547	113	1037	2260	1636	2987	758	
12	7	726	366	562	4192	3586	2384	2537	3955	335	2527	3960	3243	
10	5	3233	1335	1820	2749	2890	1034	4179	2559	1676	786	
20	10	3425	2573	349	2373	1268	2694	221	2586	1499	3956	2023	2581	1965	1443	3887	2353	193	3708	3324	2585	
13	4	305	2528	2128	1520	605	419	2867	2052	3930	2799	2638	1797	3941	
12	6	1682	1602	3876	2305	1458	1538	734	969	3186	626	1477	714	
17	10	1558	166	2395	2610	1128	3827	2375	2958	3280	137	3049	1409	1096	2439	3390	1323	3202	
12	8	3142	235	1232	3043	3853	1663	131	597	604	2736	2903	346	
8	2	981	2198	456	3308	1718	3207	519	1035	
17	10	522	4062	3314	469	2032	3931	341	3761	1579	746	1845	3200	1349	857	637	431	1911	
17	8	2405	1489	3674	2583	1671	3145	545	1762	80	2113	2017	2534	3533	897	2388	3563	4036	
10	4	2446	3713	3579	2825	2491	3124	2178	3842	3889	4184	
10	4	1510	586	3100	701	1896	3231	251	2623	2410	4149	
18	11	4178	3633	1205	2240	945	1983	2960	557	2785	1297	3078	2976	2224	1788	277	1243	1736	4175	
13	7	4085	3185	1710	232	1083	1623	1731	3238	2885	3819	858	1370	4093	
8	5	1428	926	330	2499	361	780	2145	1925	
13	4	1184	1382	3398	589	404	1389	78	1524	3538	3808	4069	3896	1777	
10	6	1639	4066	2552	3802	835	1401	2202	2249	1488	364	
9	4	146	867	686	2533	2605	4035	3368	2609	2911	
9	5	1712	3963	1377	3017	1136	1466	3159	163	1063	
12	6	1630	3008	2153	3728	2944	773	580	103	1993	2342	1739	2788	
11	7	541	1311	3646	134	340	2210	2084	3434	1463	1921	3635	
12	7	58	1587	3565	1260	435	1709	3228	1061	1568	46	4164	3899	
14	7	1566	2122	209	2503	1515	445	1754	1457	710	61	2967	2267	4088	4099	
12	8	3155	3164	1567	3128	2840	2331	511	389	3262	1514	921	3705	
21	10	2900	24	422	4131	1225	2765	1603	301	931	1400	1654	1578	2340	5	2101	2368	1253	3483	2075	3595	363	
17	6	320	1030	1751	3269	1742	1684	2715	740	1347	2357	2926	2752	2229	516	2225	1573	568	
11	4	3033	708	63	4180	3139	1519	254	3309	2613	399	1106	
10	5	1387	2713	375	3620	308	410	1668	3665	4055	2458	
14	8	2912	2291	792	2027	995	2847	2197	3552	3322	1371	2564	2651	427	628	
9	3	3437	1258	2738	819	2580	2426	3547	2933	2079	
13	6	3372	3725	886	168	687	600	373	2791	3093	1679	908	2777	799	
17	9	4023	1866	963	1727	2974	2136	2386	3122	461	1287	3839	1700	709	3038	4029	3056	403	
13	4	2205	4195	1775	1122	1821	3519	85	1072	660	2886	724	3095	1456	
15	7	263	4004	3568	601	4173	839	1905	2379	614	884	2621	2709	2663	3500	3451	
22	10	901	569	915	1097	3325	3040	1025	3854	3334	3718	1588	3190	265	2309	3083	1879	2035	3845	1480	980	1994	2030	
18	7	1651	699	3821	3601	287	3714	684	1322	2717	4148	3706	1246	2383	3806	3627	2731	2081	451	
11	5	55	2737	2123	1358	1525	3857	3783	238	3427	3213	2802	
12	8	1626	1521	3531	2290	2948	1309	719	2687	1765	2479	95	324	

1	105	520	923	1198	1564	2306	2398	2625	2814	3264	3438	3458	3514	3528	
2	800	1680	1712	1756	2056	2405	2510	3425	3439	3689	3740	3760	3870	3977	
3	250	643	1164	1282	1433	1593	1630	1651	2179	2298	2343	2401	2787	2860	
4	726	727	856	981	1045	1510	1626	2470	2591	2955	3008	3155	3180	3372	
5	737	1002	1521	1592	1808	1928	2541	2665	3843	3855	3949	4009	4065	4115	
6	30	98	524	552	841	872	1469	1487	1582	1830	1930	1934	2111	2158	
7	173	1509	1566	3125	3301	3443	3531	3664	3895	3939	4064	4138	4172	4176	
8	58	505	541	564	721	938	1120	1154	1236	1307	1708	2726	2816	2995	
9	377	1526	3036	3084	3604	3903	3944	3985	4023	4030	4157	4163	4167	4178	
10	861	901	1682	1924	1959	2155	2494	2566	2827	2912	3108	3504	3720	3810	
11	694	788	1102	1152	1325	1857	1866	2291	2338	2776	2900	3131	3437	3512	
12	37	186	722	933	1214	1220	1422	1570	1639	2005	2160	2223	2573	3302	
13	24	49	116	263	1068	1071	1113	1553	1773	2153	2808	3054	3181	3289	
14	68	225	415	433	613	706	791	834	1439	1732	1948	2631	3101	3130	
15	55	310	376	471	943	1223	1326	2168	2962	3033	3164	3751	3775	3987	
16	179	269	517	697	868	1266	1661	1865	1929	2131	2215	2618	2721	2737	
17	45	502	522	1169	1604	1681	1832	2908	3019	3220	3633	3669	3671	3702	
18	145	222	228	550	889	1947	2219	2813	3218	3400	3609	3655	3675	3733	
19	43	618	1406	1558	1798	1952	2117	2123	2126	2283	2549	2801	2821	3449	
20	206	491	542	932	1556	1606	2824	3044	3105	3191	3462	3554	3725	3817	
21	142	224	487	581	633	1038	1327	1696	1738	1785	1900	1926	2250	2254	
22	166	583	964	994	1205	1210	1228	1483	1489	1906	2001	2262	2796	2945	
23	508	569	594	708	766	1024	1041	1053	1428	1506	1780	1901	2102	2314	
24	124	292	353	596	836	848	1815	2063	2831	3801	3809	3948	3959	4037	
25	119	176	915	946	1601	2090	2680	2910	3479	3741	3981	3989	3998	4066	
26	606	1174	1314	1472	1544	2497	3215	3355	3540	3648	3834	3978	4085	4100	
27	12	151	349	430	781	1358	1541	1759	1838	2971	3348	3454	3667	3697	
28	63	90	283	312	331	501	536	1451	1493	2092	2670	3051	3147	3259	
29	207	565	926	1097	1412	1471	1822	2244	2373	2493	2722	3410	3593	3673	
30	51	97	540	843	892	955	1776	1922	1986	3062	3233	3251	3407	3645	
31	573	1081	1104	1316	1508	1818	1884	1888	2395	2561	2661	2855	2923	3142	
32	1268	1760	2003	2263	2393	2872	2899	3110	3230	3246	3364	3373	3732	3940	
33	146	149	196	996	1135	1529	1569	1885	2006	2151	2194	2292	2579	2919	
34	305	867	1054	1110	1184	1800	2279	2396	2979	3421	4042	4113	4133	4161	
35	8	28	94	366	1429	1730	1744	1809	1946	2521	2552	2902	3441	3497	
36	141	432	842	1602	1620	1859	3132	3227	3391	3992	4049	4070	4140	4153	
37	582	627	770	1380	1763	2154	2512	2667	3382	3404	3651	3750	3777	3818	
38	929	1258	1382	1943	1984	2615	2719	2720	2759	3080	3488	3797	3892	3919	
39	562	814	827	831	2315	2385	2742	3052	3154	3187	3546	3698	3794	3954	
40	226	1247	1576	1726	2369	2635	2835	3638	3876	3907	3963	3964	4007	4072	
41	401	405	496	645	886	1284	1332	2181	2227	2236	2810	3250	3864	3886	
42	53	691	1743	1783	2205	2207	2268	2420	2531	2747	3365	3432	3688	3757	
43	128	290	463	662	1536	2476	2610	3121	3245	3369	3674	3763	4004	4014	
44	40	168	256	295	408	677	688	707	1523	1567	2122	2183	2189	2374	
45	111	422	890	1128	1353	1387	1525	1892	2036	2607	3112	3261	3284	3392	
46	846	1337	1375	1581	1660	1724	2165	3827	3968	3974	4032	4082	4090	4098	
47	229	362	506	551	699	1833	2676	2954	3325	3357	3476	3539	3862	3991	
48	83	333	510	586	792	822	1118	1133	1166	1643	2276	2522	2983	3128	
49	10	470	757	1001	1707	1894	2198	2400	2659	2909	3039	3568	3687	3802	
50	1116	1149	1150	1367	1713	2240	2425	2463	2616	2794	2861	2959	3071	3282	
51	575	1372	1392	2058	2459	2474	3379	3477	3782	3821	3900	4111	4151	4170	
52	155	759	997	1191	1335	1505	2380	3185	3908	3922	4062	4155	4158	4166	
53	174	275	280	729	1444	2050	2655	3744	3995	4024	4047	4060	4177	4192	
54	81	476	674	1066	1186	1445	1735	1886	2208	2212	2310	2375	2589	2632	
55	209	369	675	1485	1507	1586	2043	2120	2360	3010	3040	3208	3314	3350	
56	296	1328	2584	2904	3086	3701	3983	4010	4131	4181	4190	4193	4195	4196	
57	396	1256	1688	1816	1989	2024	2134	2446	2619	2829	2857	3003	3247	3267	
58	109	245	273	649	717	835	1080	1461	2455	2917	2953	3591	3707	3728	
59	19	397	622	1273	1431	2582	2646	2713	3058	3210	3717	3811	3857	3858	
60	1	182	407	1185	1195	1225	1361	1416	1476	1862	2027	2176	2185	2438	
61	572	625	715	723	736	1381	1438	1557	1764	2174	2234	2868	2990	3016	
62	532	731	752	828	1065	1652	1733	2839	3234	3287	3491	3526	3734	3866	
63	99	1775	1937	2415	2453	3224	3440	3581	3647	3805	4000	4001	4063	4116	
64	87	992	1701	1844	2290	2517	2706	3066	3291	3321	3485	3534	3677	3696	
65	406	452	1640	1903	2305	2922	3597	3662	3771	3785	3957	3970	4080	4104	
66	235	563	1484	1535	1662	1811	2148	2161	2697	2849	2874	2986	3298	4051	
67	148	329	477	668	743	1100	1528	2530	3278	3457	3555	3690	3731	3762	
68	197	469	549	1157	1158	2140	2367	2481	2948	3035	3100	3913	3971	4075	
69	64	199	213	402	701	762	906	1019	1119	2032	2289	2583	2644	3143	
70	120	223	234	617	687	777	1043	1235	1329	1366	1594	2152	2344	2421	
71	664	686	1219	1671	2364	2601	2626	2809	2830	2875	3351	3376	3383	3564	
72	84	859	945	1330	1686	1871	2089	2106	2514	2694	2958	3285	3572	3617	
73	384	753	907	1991	2300	2468	2876	3406	3444	3478	3509	3657	3783	3832	
74	1142	1437	1562	1896	2389	2489	2739	2854	3280	3465	3601	3993	4038	4109	
75	330	600	601	751	1311	1612	2465	2596	2606	2627	2732	2884	3430	3582	
76	900	1936	2011	2351	2450	2963	3398	3469	3994	4015	4073	4119	4126	4128	
77	70	117	221	525	765	1087	1415	1441	1465	1772	1899	2105	2201	2226	
78	137	289	320	456	608	774	809	925	1264	2039	2164	2758	3494	3524	
79	1293	1458	2085	2171	2195	2362	2528	2840	3209	3359	3788	3790	3938	3972	
80	642	881	986	1030	1478	1625	3069	3192	3686	3851	4173	4180	4182	4183	
81	956	1025	1163	1309	1363	1703	2843	2931	2989	3092	3266	3273	3286	3646	
82	143	321	719	916	1475	1517	2586	2642	2834	3099	3626	3823	3872	4094	
83	134	152	368	672	1442	1499	1610	1979	2329	2486	2652	2671	3254	3453	
84	839	973	1012	1425	1695	1699	1960	1996	2275	2317	2331	2452	2658	2662	
85	852	1479	1789	2008	2863	2894	3123	3268	3756	3758	4054	4118	4134	4143	
86	26	282	1424	1587	2482	2550	2698	3217	3352	3586	3754	3988	4012	4019	
87	91	412	930	983	1047	1537	1538	1874	2916	2992	3211	3219	3405	3412	
88	115	570	1187	1232	1233	1242	1296	1855	2387	2392	2674	2689	3212	3614	
89	4	413	523	1840	1919	2062	2257	2647	2803	3020	3161	3332	3486	3774	
90	9	246	1910	2080	2457	2506	2771	2901	3049	3317	3463	3558	3766	3800	
91	67	322	797	851	1905	2503	3628	3849	3943	3956	4011	4052	4057	4059	
92	123	154	486	1217	1231	1283	1751	1920	1980	2804	2961	3231	3874	3880	
93	52	544	1315	1470	2020	2247	2685	2807	3026	3145	3188	3299	3854	3927	
94	539	732	911	1704	1766	1802	1983	2170	2533	2871	2880	3050	3113	3179	
95	127	262	287	511	528	545	1040	2570	2587	2605	2944	3381	3521	3599	
96	447	894	1138	2012	2103	2114	2308	2683	3252	3307	3378	3613	3796	3865	
97	22	411	739	775	1161	1188	1344	1981	2231	2277	2684	2913	3031	3073	
98	730	963	1056	1058	1206	1226	1805	1867	1955	2088	2118	2668	3012	3090	
99	170	227	444	816	1079	1549	1721	1762	2611	2853	2859	3803	3830	4045	
100	306	375	661	768	845	1127	1153	1467	1571	2128	2819	3152	3175	3316	
101	253	546	747	833	879	1462	1687	1723	1745	1966	2019	2109	2782	2993	
102	526	948	1017	1140	1421	1801	1863	2483	2577	2767	2960	3000	3029	3276	
103	259	860	1377	1608	2296	3312	3529	3625	3714	3799	3929	4013	4086	4154	
104	278	291	385	1176	1190	1345	1637	2007	2294	2543	2768	2980	3169	3584	
105	184	219	887	1005	1229	1515	1520	2026	2121	2356	2675	2760	2977	3017	
106	138	194	299	603	1124	1678	1970	2127	2681	2764	2790	2846	3310	3632	
107	38	533	557	624	1028	1144	1634	2163	2271	2602	2687	3156	3334	3501	
108	57	79	284	425	785	904	1078	1368	1806	1837	1969	2049	2074	2435	
109	48	1673	1746	2248	2599	2634	2934	3027	3043	3149	3201	3452	3684	4008	
110	2	242	394	696	895	1070	1583	1598	1632	2022	2384	2705	2921	3082	
111	388	919	1112	1697	2516	2785	2842	3138	3335	3466	3619	3636	3838	3921	
112	1208	1532	1825	1953	2269	2379	2686	2792	3308	3749	3986	4188	4194	4197	
113	738	874	1059	1597	2358	3157	3431	3560	3703	3875	3878	3950	4026	4044	
114	288	547	592	599	1052	1849	1975	2639	2702	3047	3074	3139	3146	3184	
115	313	960	1502	1909	2083	2217	2597	3055	3057	3085	3270	3323	3456	3621	
116	286	543	1238	1352	1596	2265	2418	2440	2520	2734	2935	3226	3620	3837	
117	71	812	1297	1302	1727	1904	2144	2765	2930	3018	3144	3467	3793	3848	
118	204	297	315	503	595	1605	1698	1938	2524	2620	2915	2988	3277	3718	
119	443	898	1224	1554	1603	2167	2744	2841	2905	2928	3048	3087	3337	3565	
120	311	488	1717	2042	2377	3165	3470	3506	3713	4058	4103	4130	4142	4159	
121	72	160	214	233	485	490	561	629	656	684	849	1702	1711	2004	
122	93	304	308	574	587	825	1197	1373	1501	1814	2666	2718	2723	2786	
123	589	638	648	1013	1032	1193	1271	1588	1710	1977	2177	2214	2256	2339	
124	387	988	1060	1289	1574	1824	1860	2009	2754	3269	3513	3721	3835	3873	
125	203	1117	1340	2066	2258	2866	2869	2965	2974	3482	3724	3759	3853	3868	
126	232	238	358	381	605	1447	1542	1689	2136	2169	2341	2546	2628	2822	
127	62	1088	1101	1129	1147	1401	1624	1778	2657	3408	3610	3631	3787	3920	
128	218	445	802	818	1122	1244	1322	1531	1827	2116	2355	2408	2532	2836	
129	41	156	208	340	404	692	2199	2297	2600	3553	3559	3748	3820	3847	
130	389	441	492	682	803	967	1338	1663	1754	2023	2135	2141	2202	2499	
131	44	244	458	614	641	655	769	957	1093	1181	1423	2186	2442	2641	
132	559	702	815	854	1086	1398	1750	1821	2069	2203	2210	2755	3715	3846	
133	307	644	695	866	1136	1241	1409	2448	2464	2471	2738	2991	3021	3190	
134	651	659	705	850	1048	1083	1173	1300	1305	1617	1718	3079	3685	3694	
135	619	658	734	1396	1420	1496	1561	2138	2143	2461	2673	2729	3333	3427	
136	3	131	153	205	989	1795	2773	3738	3869	3932	4035	4048	4129	4187	
137	114	767	819	829	880	891	1249	1360	1449	1972	2608	2898	3461	3480	
138	597	712	826	2428	2581	2805	3104	3792	3828	3997	4016	4105	4114	4136	
139	139	164	301	302	884	918	1263	1333	2318	2654	2951	3059	3120	3170	
140	265	969	978	1094	1324	1359	1389	1552	1609	2324	2621	2710	3905	3916	
141	211	334	380	449	995	1145	1227	1621	1749	2523	2699	3492	3611	3727	
142	316	941	1139	1182	1408	1563	2679	2688	3424	3519	3578	3580	3612	3682	
143	20	243	327	484	591	639	771	1109	1269	1418	1623	1742	1913	2637	
144	132	325	676	869	875	1348	2112	2124	2261	2505	2862	3030	3065	3249	
145	54	60	210	344	350	909	958	959	1020	1550	1705	1968	1990	2115	
146	33	78	466	556	1430	2307	2352	3107	3207	3499	3511	3566	3608	3840	
147	457	647	953	1103	1548	1572	1927	2460	2864	3262	3607	3931	3942	3945	
148	32	423	578	1589	1774	2192	2490	3037	3206	3374	3641	3877	3933	3953	
149	498	1364	1781	1852	1942	2397	3078	3535	3639	3752	3926	3961	3973	3996	
150	922	1067	1250	1336	1399	1893	1967	2015	2249	2495	2695	2769	3274	3495	
151	374	434	455	623	1313	1488	1530	2717	3182	3265	3331	3377	3388	3420	
152	85	172	220	773	902	1426	1835	1882	1932	2084	2180	2280	2309	2434	
153	59	493	1272	2727	2753	3473	3753	3769	4005	4097	4127	4148	4174	4186	
154	240	631	1199	1260	1319	1455	1657	1988	2157	3650	3765	3902	3951	4091	
155	65	419	937	1096	1123	1524	1648	1667	2029	2386	2492	3336	3658	4145	
156	17	272	480	671	711	1299	1600	1813	2018	2326	2519	2537	3083	3186	
157	23	188	319	378	681	693	704	1580	1771	1876	1879	1965	2184	2213	
158	82	332	341	673	779	1000	1009	1141	1684	2060	2245	3303	3719	3779	
159	86	497	1200	1656	1933	2035	2513	2692	2772	2867	2997	3263	3402	3683	
160	356	832	882	931	1265	1275	1388	1672	1714	2412	2806	2941	2943	3063	
161	200	338	507	531	534	811	940	2365	2724	2950	3203	3700	3706	3888	
162	110	169	216	420	519	950	1731	1747	1770	1810	1945	2302	2594	3241	
163	190	442	685	808	914	1870	2286	2439	2565	2707	2969	3122	3229	3328	
164	279	435	716	1180	1400	1622	1765	1836	1961	2091	2175	2354	2478	3153	
165	450	479	527	790	1008	1277	1987	2580	2879	3704	3955	4034	4043	4106	
166	13	383	585	947	1405	1466	1658	1949	2285	3172	3196	3623	3737	3982	
167	567	665	789	1246	1391	1490	1954	2054	2274	2660	2956	2985	3296	3879	
168	255	339	392	530	924	1791	2010	2288	2345	3109	3343	3368	3709	3745	
169	1121	1172	1202	1692	1820	2243	2539	2604	2751	2892	2924	2970	3176	3320	
170	634	742	798	1683	1881	2480	2498	2701	2749	3193	3761	3884	3917	3946	
171	191	652	700	1072	1259	1768	2093	2272	2496	3005	3141	3356	3516	3541	
172	11	80	472	862	954	972	1077	1908	2812	2906	3133	3162	3549	3622	
173	101	122	268	410	580	1178	1278	1281	1453	2048	2222	2406	3167	3214	
174	157	990	1143	1304	1457	1709	1841	2147	2228	2598	2704	2715	2774	2932	
175	76	590	764	1218	1877	2086	2087	2113	2563	3129	3573	3755	3784	3980	
176	317	386	917	952	1051	1134	1213	1460	1758	2017	2033	2502	2609	2735	
177	267	323	482	740	920	1514	1843	2383	2426	2509	2534	3119	3672	3999	
178	373	460	461	772	998	1540	1547	1725	1992	2133	2333	2407	2592	3046	
179	147	314	428	1074	1503	1615	1829	2266	2346	2595	2820	2826	2914	3091	
180	806	1201	2553	2556	2791	2895	3236	3283	3295	3533	3579	3693	3723	4053	
181	171	494	553	794	1209	1691	2052	2361	3297	3419	3429	3481	3548	3661	
182	421	509	1653	1931	2423	2728	3342	3375	3415	3691	3786	3863	3894	3918	
183	180	837	899	1162	1251	1895	2065	2551	2714	3198	3223	3228	3367	3385	
184	113	266	382	464	602	748	878	1168	1339	1369	1618	1740	1807	1912	
185	103	347	720	1290	1365	1407	1443	1579	2454	2982	3025	3118	3592	3822	
186	670	1858	2068	2614	2850	2890	3014	3699	3841	3856	3861	3887	3911	3930	
187	27	35	175	555	611	1160	1362	1595	2363	2399	2946	3366	3390	3551	
188	181	251	679	761	793	893	1076	1584	1654	1670	1792	2166	2422	2703	
189	231	436	838	897	1402	1641	2096	2873	2881	2964	3288	3347	3358	3536	
190	69	241	928	1175	1341	1482	1819	1995	2070	2677	3061	3746	3852	3910	
191	264	690	1167	1347	1527	2200	2617	2778	3015	3361	3389	3780	3904	4040	
192	285	335	784	1131	1665	1669	1706	2193	2353	2357	2388	2825	2891	2937	
193	236	270	538	604	657	754	1323	1585	1889	2235	2484	2554	3094	3341	
194	360	865	1577	1873	2847	3643	3812	3867	3952	4165	4185	4191	4198	4199	
195	453	1082	1126	1279	1434	1887	2593	3168	3489	3496	3538	3577	3652	3984	
196	31	260	521	680	804	1010	1215	1599	2252	2477	2557	2893	2939	2976	
197	478	537	650	776	863	1023	1069	1394	2376	2473	2508	2779	2920	2973	
198	29	185	239	261	336	354	1267	1295	1320	1384	1519	1668	1993	2204	
199	56	102	198	438	683	810	1385	1512	1578	1666	2197	2612	2650	2709	
200	462	703	871	993	1037	1114	1395	1511	1878	2196	2303	2409	2852	3001	
201	248	666	942	949	1779	1812	2260	2312	2783	3072	3093	3194	3255	3498	
202	746	1551	1636	1674	2119	2648	2693	3135	3202	3527	3547	3615	3630	3640	
203	6	161	1619	1647	1752	2295	2321	2330	2342	2372	2472	2525	3075	3371	
204	88	361	921	1061	1417	1607	1629	2014	2293	2340	2491	3199	3272	3349	
205	133	247	598	977	1089	1494	1739	1850	1950	2436	2636	2745	2926	3098	
206	529	1034	1546	1568	1790	2246	2518	2740	3009	3204	3271	3474	3530	3678	
207	626	1031	1042	1823	1971	2013	2449	3115	3159	3403	3561	3598	3679	3722	
208	258	390	855	1794	2150	2273	2511	2568	2629	2925	3053	3089	3508	3660	
209	548	1027	1064	1132	2173	2182	2191	2220	2332	2856	3237	3426	3882	3909	
210	326	348	355	474	1298	1694	1767	2224	2752	2998	3136	3293	3503	3808	
211	5	74	588	787	807	1039	1404	1728	2526	2682	3028	3077	3081	3396	
212	25	660	1084	1216	1497	2417	2544	3060	3197	3380	3644	3798	3804	3806	
213	89	518	987	1221	1560	2129	2394	2558	2696	2700	2832	3151	3360	3363	
214	7	16	371	495	535	951	1090	1956	2034	2064	2108	2110	2451	2574	
215	337	365	783	796	805	883	1095	1635	1846	2761	2858	3096	3394	3552	
216	212	359	473	780	1170	1346	1788	1985	2712	2775	3871	3937	3947	3965	
217	554	710	877	1240	1351	1513	2218	2433	2527	2623	2672	3134	3260	3825	
218	254	277	459	1035	1534	1845	2031	2101	2287	2347	2381	2784	3585	3710	
219	129	801	912	1633	2021	2378	2467	3106	3140	3505	3603	3665	3814	4083	
220	18	975	1245	1917	2046	2488	2664	2996	3322	3397	3428	3666	3743	3845	
221	193	1015	1092	1459	1753	2337	2798	3116	3238	3637	3716	3824	4079	4087	
222	46	870	934	962	1021	1410	1468	1500	1690	2104	2238	2711	3384	3681	
223	34	357	1321	1649	1880	2663	2730	2781	2799	3124	3292	3522	3556	3562	
224	728	763	821	968	1099	1355	1679	1803	2078	2094	2462	3076	3329	3434	
225	409	426	635	778	1331	1414	1646	1650	2382	2391	2743	2748	2882	3395	
226	165	718	961	1049	1156	1287	2139	2229	2301	2560	2848	2947	3006	3034	
227	630	755	1234	1383	1978	2368	2633	3304	3399	3729	3807	4033	4110	4112	
228	195	853	1239	1545	2055	2430	3386	3826	3928	4018	4089	4095	4107	4123	
229	187	593	1011	1107	1464	1539	1851	2028	2437	3222	3256	3606	3767	3839	
230	571	1356	2098	2172	2750	3411	3433	3570	3600	3616	3742	3768	3897	3936	
231	202	1243	1371	1448	1722	2016	2071	2259	2815	2929	2972	3088	3163	3315	
232	465	965	1262	1286	1627	1755	1861	2349	2975	3510	3934	4003	4125	4179	
233	178	192	217	424	935	984	2788	2889	3148	3370	3542	3589	3618	3898	
234	163	201	468	1165	1379	1628	1856	1918	2059	2328	3413	3656	3736	3815	
235	713	896	1317	1446	1613	1693	1700	1715	2067	2281	3221	3239	3300	3318	
236	515	847	2076	3013	3418	3423	3915	3962	3975	3976	4069	4074	4132	4160	
237	615	820	1350	1616	1685	2427	2911	2927	3569	3896	4141	4164	4169	4171	
238	125	1075	1207	1211	1435	2366	2469	2746	2886	3004	3022	3663	3912	4041	
239	367	370	1291	1419	1495	2097	2099	2780	3550	3627	3899	3925	4017	4039	
240	276	475	1055	1675	1847	2047	2424	2559	2564	3232	3309	3417	3543	3629	
241	709	813	1230	1432	2053	2077	2529	2542	2817	2968	3032	3117	3235	3409	
242	61	795	1285	1757	1868	1941	2178	2479	3173	3200	3213	3544	3574	4102	
243	47	144	364	379	440	1543	2232	2404	2630	2933	3007	3068	3447	3668	
244	514	607	749	927	1614	1676	1964	2416	2475	2501	2731	2885	3445	3567	
245	393	621	1897	1898	2073	2187	2466	2515	2613	2828	2877	3023	3475	3969	
246	36	140	669	908	2002	2146	2569	2640	3705	4071	4077	4101	4117	4120	
247	73	512	944	1310	1854	2304	2789	3103	3150	3571	3659	4050	4122	4156	
248	108	271	481	516	579	823	913	1004	1085	1108	1734	1842	2239	2487	
249	130	636	1390	1413	1486	1659	1736	2040	2264	2797	2838	3401	3455	3502	
250	189	352	560	577	724	1151	1270	1645	1828	1839	2211	2251	2548	2690	
251	167	237	566	678	733	824	1177	1196	1301	1374	1491	2253	2334	2410	
252	230	252	864	1463	1826	2651	2966	2987	3038	3126	3326	3345	3459	3563	
253	100	328	616	653	750	1203	1253	1480	1737	2156	2225	2350	2507	2967	
254	844	936	1276	1748	2130	2149	2348	2431	3340	3795	3842	4021	4124	4146	
255	504	646	910	1504	1817	1973	2278	2766	3279	3305	3471	3493	3791	3860	
256	1875	1958	2061	2575	2896	2999	3311	3576	3764	3883	3885	3923	3958	3960	
257	399	610	1194	1427	1729	1907	1982	2159	2325	2567	2653	2691	3095	3520	
258	21	343	576	741	885	1007	1222	1343	1786	2299	2485	2757	2907	2949	
259	136	342	513	966	1106	1252	1473	1741	2725	2736	3362	3446	3739	3850	
260	150	446	620	985	1280	1796	1939	1940	2051	2359	2411	2716	3596	3708	
261	439	1212	2190	2267	2320	2335	2994	3676	3773	4029	4061	4078	4168	4200	
262	104	162	979	1349	1456	1516	1533	1804	1944	2044	2413	2571	2777	2818	
263	215	483	1642	1784	1890	2371	2441	2844	3171	3281	3523	3778	3859	4002	
264	257	584	609	980	1357	2072	2206	2444	3041	3253	3313	3483	3653	3813	
265	725	745	1062	1073	1115	1192	1411	1761	1848	1963	2590	2903	3450	3545	
266	758	830	1046	1452	1976	2802	3042	3575	3587	3605	4055	4068	4147	4149	
267	50	107	999	1454	1793	1916	2390	2458	2572	2622	2741	2957	3306	3353	
268	1057	1248	1294	1573	2075	2323	3242	3258	3624	3819	3844	4056	4067	4108	
269	106	112	135	391	982	1834	1914	2327	3064	3460	3634	3642	3776	3914	
270	414	429	568	756	817	1664	2403	2678	2733	3045	3225	3243	3422	3588	
271	888	970	1274	1312	1522	1923	2037	2216	2447	2643	2978	3024	3472	3595	
272	126	309	744	876	1555	2045	3056	3177	3240	3244	3294	3881	3889	3906	
273	66	427	698	857	858	1016	1044	1063	1921	2270	2311	2313	2316	2576	
274	403	467	632	689	971	974	1098	1189	1891	1994	2082	2984	3011	3290	
275	158	293	799	1303	1655	1787	2100	2500	3324	3557	3692	3711	3966	3967	
276	351	448	782	1951	2221	2230	2255	2414	2419	2504	2585	2624	2649	2878	
277	249	400	454	905	1018	1644	1869	2209	2588	2883	2940	3205	3257	3448	
278	159	499	1029	1146	1308	2402	2555	2562	2708	2770	2938	3248	3346	3507	
279	95	281	437	976	1003	1105	1125	1386	1872	2535	2547	2603	2942	3319	
280	75	363	667	1254	1257	1288	1719	2241	2319	3416	3468	3525	3924	4006	
281	346	640	735	840	1014	1148	1155	1159	1559	1565	1720	1997	2095	2145	
282	873	1171	1376	1393	2000	2041	2081	2322	2536	2762	3002	3127	3160	3189	
283	417	654	903	1050	1318	1450	1638	1782	1902	2079	2793	3158	3330	3338	
284	96	177	637	1036	1831	2538	2756	2936	3097	3178	3730	3831	4088	4121	
285	628	1255	1334	1370	1481	2188	2432	2445	2545	3137	3500	3594	3635	3695	
286	15	558	939	1033	1183	1204	1354	1474	1498	1631	2282	2540	2763	2800	
287	274	663	760	1403	1518	1864	1883	2057	2336	2429	2443	2918	3726	3833	
288	121	318	991	1306	1777	1974	2125	2578	2638	2888	3111	3490	3517	3532	
289	300	1179	1237	3114	3195	3387	3829	3890	4076	4135	4139	4162	4184	4189	
290	14	303	372	489	500	1492	1853	2030	2456	2795	2811	2897	3327	3464	
291	77	345	1292	1591	1797	1935	2132	2137	2370	3935	4022	4025	4093	4144	
292	324	431	1006	1111	1915	2107	2669	2823	2845	3067	3102	3393	3487	3747	
293	118	294	612	1026	1091	1261	1436	1925	2851	2887	3174	3275	3344	3712	
294	395	786	1137	1611	1799	2038	2237	3781	3789	3816	3836	4020	4027	4150	
295	183	416	418	2284	2833	2837	3183	3515	3537	3979	3990	4028	4031	4099	
296	1342	1440	1477	1575	1716	1998	2025	2233	3484	3649	3770	4036	4081	4096	
297	92	398	1022	1130	1590	2870	3216	3414	3590	3670	3680	3893	3901	3941	
298	298	714	1962	2242	2981	3070	3339	3435	3436	3442	3518	3602	3654	3735	
299	451	1397	1677	1769	1911	2142	2952	3166	3354	3451	3891	4092	4137	4152	
300	39	42	1378	1957	1999	2162	2645	2656	2865	3583	3772	4046	4084	4175	

1	0	1	0	1	0	1	0	1	0	1	0	1	0	1	0	1	0	1	0	1	0	1	0	1	0	
1	0	0	1	0	1	0	1	0	1	0	1	0	0	1	1	0	1	0	1	0	1	0	1	0	1	
1	0	1	0	0	1	0	1	0	1	0	1	0	0	1	0	1	1	0	1	0	1	0	1	0	1	
1	0	1	0	1	0	0	1	0	1	0	1	0	0	1	0	1	0	1	1	0	1	0	1	0	1	
1	0	1	0	1	0	1	0	0	1	0	1	0	0	1	0	1	0	1	0	1	1	0	1	0	1	
1	0	1	0	1	0	1	0	1	0	0	1	0	0	1	0	1	0	1	0	1	0	1	1	0	1	
1	0	1	0	1	0	1	0	1	0	1	0	0	0	1	0	1	0	1	0	1	0	1	0	1	1	
0	1	0	1	0	1	0	1	0	1	0	1	0	1	0	1	0	1	0	1	0	1	0	1	0	1	
0	1	1	0	1	0	1	0	1	0	1	0	1	1	0	0	1	0	1	0	1	0	1	0	1	0	
0	1	0	1	1	0	1	0	1	0	1	0	1	1	0	1	0	0	1	0	1	0	1	0	1	0	
0	1	0	1	0	1	1	0	1	0	1	0	1	1	0	1	0	1	0	0	1	0	1	0	1	0	
0	1	0	1	0	1	0	1	1	0	1	0	1	1	0	1	0	1	0	1	0	0	1	0	1	0	
0	1	0	1	0	1	0	1	0	1	1	0	1	1	0	1	0	1	0	1	0	1	0	0	1	0	
0	1	0	1	0	1	0	1	0	1	0	1	1	1	0	1	0	1	0	1	0	1	0	1	0	0	
