4200	300	300	14

17	6	4087	3139	3432	820	3613	334	4193	3299	18	2723	2122	764	3892	2115	1672	3228	2546	
17	8	3276	714	423	1929	2349	3507	1273	2936	1947	1049	4062	1719	689	1343	3636	1095	1778	
12	5	2247	309	3794	810	119	491	2038	2910	1833	4069	1569	1363	
13	7	549	2363	3114	3702	3094	823	2791	3184	2820	4190	3796	552	1326	
12	6	785	262	3003	2144	1332	2681	972	1427	676	2299	4167	4074	
14	5	845	2886	2290	1749	2219	720	2379	4120	2512	3389	3537	496	3145	242	
17	10	2244	3982	483	1050	1104	2849	175	825	3540	1195	2352	1004	531	1895	1241	1902	4078	
11	3	3878	1054	435	529	1409	3947	3434	1944	1034	566	3824	
14	7	317	3711	2310	1501	3468	1545	1281	1868	3469	77	3085	3827	1248	2789	
10	6	1172	1539	1396	3203	2617	399	984	738	1263	468	
12	8	2175	2866	1886	816	3502	3419	2421	1943	2350	3176	3374	1174	
10	7	419	3109	1584	2927	2134	1894	1357	4097	4088	169	
11	7	325	2741	223	495	3221	3928	3205	204	3868	3247	1508	
24	14	603	2878	176	1366	518	3901	2717	1573	2632	967	568	784	1909	2508	3458	3673	3618	3960	3015	2420	3344	1186	3107	2028	
9	2	2989	1412	3625	1222	2485	224	594	413	2697	
13	4	231	375	3298	1869	60	1457	1951	3634	4164	2956	3508	2557	1196	
10	3	2414	1567	2653	3962	86	715	4170	171	3916	2716	
16	6	1238	3267	934	1275	3651	2227	203	311	3010	2925	3721	3841	1934	1624	2848	1662	
18	7	1230	1654	3931	4176	656	2616	83	2528	395	417	2260	2298	2178	1325	1763	548	1823	3444	
11	6	3396	3716	778	2284	3632	3050	1887	4129	2292	2618	2532	
12	4	2901	3515	2410	3329	843	2325	2040	3597	3849	3682	279	2103	
14	9	3946	988	1292	1384	1801	925	2166	2036	3786	361	1613	1267	2468	3490	
21	8	1260	4045	1359	3341	814	1387	2048	1674	2078	1246	3848	1779	432	5	833	2396	3297	2351	216	2719	2967	
11	3	333	3451	111	944	424	1154	2721	1460	851	3666	282	
11	7	3633	1966	2625	3264	446	490	2549	3124	3361	3577	164	
10	5	1467	3942	2868	2222	2507	3728	924	502	2029	2700	
8	6	1884	652	1718	2390	2086	906	1575	560	
14	8	2862	143	2777	1194	3987	2966	3075	3698	1449	3920	3629	1964	3904	228	
6	4	3645	505	637	1836	1684	1651	
18	11	2581	1455	66	3372	1199	608	2994	1021	3492	2113	543	1598	2300	3494	1705	3674	52	2470	
19	11	3087	1010	3792	1713	1845	2231	68	2705	135	1344	4029	2074	3182	4002	3071	3660	1939	2240	265	
14	5	2403	4018	1583	273	185	1711	1835	1037	1784	2573	4187	1428	2766	1918	
9	6	2900	635	1729	1185	3585	2016	3022	3665	2453	
15	9	146	943	2275	1691	2783	3918	2313	2238	3929	1207	3328	2170	212	1967	3922	
16	10	2208	3185	2606	752	2745	4098	287	1741	2387	3602	2516	1982	331	390	3229	526	
17	7	259	2934	2119	504	736	588	4172	1985	456	506	1392	3795	1160	2304	1289	437	2644	
16	7	1290	2864	1753	3967	137	701	696	3360	902	3817	3742	1369	863	3275	2354	1142	
17	6	3811	3499	1650	3601	2285	278	3400	2041	1581	1030	3505	2830	3076	927	1921	3874	3574	
15	7	1854	1031	316	3556	341	887	1200	1192	2194	2895	2320	1981	853	1679	890	
18	10	3531	2366	1692	2377	234	791	393	71	2968	2009	1878	305	2467	777	3834	1789	1264	133	
16	10	2486	3570	1645	2553	2474	1493	2047	2565	16	1385	2622	662	3436	3762	2665	2207	
13	8	3933	2808	2449	1198	421	3696	1094	2867	2010	516	3619	740	2577	
13	5	1956	3231	1461	1441	3313	2599	3486	564	324	422	2343	1599	346	
14	5	3552	155	719	1228	3876	3875	2136	3225	122	2442	1865	2853	3837	2521	
16	10	2433	3464	2575	3471	2422	1920	533	578	2587	575	434	2727	1737	2915	384	1287	
12	6	10	3091	3353	3550	2937	2072	2306	1404	1022	2597	2412	3941	
17	10	3318	1278	1452	3161	2336	3679	670	2728	4186	3519	2743	3830	192	1129	2784	1974	2585	
17	9	3572	1630	254	3814	1028	410	1604	2871	3388	951	3831	4156	3766	762	561	43	2896	
13	7	2067	621	717	1850	497	1592	441	3066	193	3240	3652	2940	2905	
11	5	3805	386	1485	2541	4189	3220	905	1912	2321	2249	651	
8	6	2235	4157	3252	658	1202	3155	949	1217	
21	8	741	109	1546	258	821	1614	3785	2843	1097	2	387	2007	2792	3965	1280	3676	1144	3649	3509	2971	525	
11	7	2071	1875	3411	1906	3821	123	4090	3964	2863	1942	772	
10	4	3782	808	1666	3429	3800	761	2359	3591	1699	1380	
19	7	2751	735	3600	2117	2955	1078	103	3539	1785	362	2055	3945	913	1812	3860	3254	2734	2233	1157	
13	8	3262	1291	4080	2720	995	2221	1013	3885	601	1849	2110	2128	2627	
17	10	1523	378	2997	2332	2426	1431	3755	3978	474	3542	3314	767	3189	7	638	2311	2908	
10	5	1058	2187	758	1541	344	2840	3261	1685	31	1011	
20	11	2271	2961	644	4007	773	2554	129	3510	3700	36	3730	3121	4117	3714	1773	1553	295	1494	370	2392	
13	7	1212	1136	149	2487	3171	22	1867	3791	2588	1970	59	3697	2431	
15	5	3424	213	3915	3137	2154	4075	1676	623	539	2883	1767	1156	1015	750	2544	
14	7	1871	3562	2831	1473	448	214	332	602	2319	3529	2448	3747	732	3052	
21	11	3846	2502	84	1120	2076	3211	3224	538	306	677	866	4047	2774	2884	2064	2435	11	2920	285	3842	1211	
14	6	1904	260	3195	966	3823	1169	1825	975	2523	57	2417	1299	1712	2797	
12	5	2180	891	38	546	2530	857	4081	1873	4032	1965	1330	238	
14	5	559	4154	3558	3900	3378	3190	1419	4136	1311	3356	3395	2371	1053	3345	
19	10	3265	121	3484	3481	3528	780	2650	667	284	1182	704	2070	763	114	3870	2066	2232	431	996	
11	7	1572	957	611	2899	1641	4134	2611	3421	1007	2005	1149	
12	6	2440	3972	3459	2229	2348	3340	1856	2693	3784	744	3427	4035	
17	9	1063	2230	2543	607	3435	2733	2169	3115	2330	180	1963	4005	1882	3573	1179	2973	3884	
10	4	4025	2749	2464	2562	170	1683	1298	1517	168	1026	
14	8	2469	2674	1312	467	3416	1861	14	163	4073	79	3589	1908	794	1256	
11	4	1043	687	1213	3040	2641	2511	1923	2724	2796	1175	3061	
10	3	2805	124	756	1738	2799	571	345	859	2872	3	
13	4	1068	40	2758	1092	1204	3009	3177	4184	3819	2030	574	3859	708	
13	8	911	1772	1954	3316	579	3273	751	3950	4151	4108	3227	3233	1898	
16	10	2990	2825	2307	3302	2983	3635	3720	1024	1639	1141	447	3093	1276	3377	3181	46	
11	5	2353	2167	3180	3280	226	486	3983	1826	154	643	1135	
11	4	1557	394	730	2633	1658	3741	3020	1237	765	2504	2424	
18	7	2156	3923	567	1355	1304	3243	1533	4008	895	2610	256	3688	4138	2857	2079	848	3765	3566	
12	5	1378	3322	2168	1065	1271	1725	1848	3333	1339	3001	2821	4185	
13	5	2185	1083	376	1268	1995	1082	2111	839	2186	3839	4103	3394	3005	
16	10	2555	1637	3995	1052	2706	2921	593	215	2646	2124	2065	508	2012	2312	1101	1308	
9	4	2105	368	2928	606	974	288	3740	2952	3769	
9	4	2192	2093	2112	442	3186	2643	1777	877	3548	
22	12	1803	3851	2301	692	3164	4152	1866	1821	3534	2441	3930	2262	2938	4104	1632	1509	1883	2846	2058	1016	1931	3307	
12	5	513	2023	2031	2861	1633	140	776	1119	3513	3576	2513	2932	
13	4	1103	1984	373	3206	3882	2406	2236	3810	2620	872	2399	1153	817	
9	2	2892	3339	2501	1020	556	3440	2640	3693	729	
18	9	348	3330	1756	2401	3418	412	2922	682	901	1425	1340	315	2281	1462	2459	3452	832	3030	
10	4	3681	1044	522	2347	1491	1504	847	197	683	2780	
19	8	3812	2760	277	1735	3804	2736	177	4051	1652	1323	797	2108	3303	1727	1952	1123	3712	3119	654	
13	7	3952	1500	3943	3132	3256	3263	3604	2596	2869	722	3447	2172	1544	
13	8	852	2714	3657	172	2953	1251	3028	1709	519	3393	2251	3587	2179	
13	6	2773	1394	986	1863	2770	120	2757	4076	3479	3456	240	239	2157	
13	7	688	3564	1752	2623	2954	572	3457	614	2265	2149	2171	1420	2771	
20	9	1139	746	2762	642	2842	530	1389	3857	2943	2667	2217	2550	4031	1118	3450	2303	4054	733	3647	3776	
9	2	4037	2099	3420	3292	2199	3081	3046	2014	2383	
10	3	3336	161	1876	1048	2394	115	276	3147	2634	1407	
21	12	2996	592	541	460	903	3993	3080	1489	2959	3312	2032	1447	3218	4165	3997	4000	807	2176	920	3906	3571	
13	4	268	263	3294	2548	2977	3979	3772	4041	779	3744	3168	2684	364	
13	5	3148	2338	1110	2984	1408	3595	461	918	2177	2859	2439	631	2944	
15	9	617	186	2493	367	992	3793	3337	2708	1669	3226	3501	1805	1146	3799	139	
11	7	3475	3201	2291	681	1983	964	1968	846	3251	3270	4125	
10	3	3975	1027	818	3135	1998	1693	2480	1084	985	2220	
10	4	1925	2376	3260	411	304	1917	2578	657	1109	1716	
16	7	1438	3122	3869	3866	1229	1507	3854	3886	2218	1147	1795	4180	3639	2628	3433	3006	
15	5	1748	493	3948	3234	619	3216	3449	2140	2579	828	2274	2365	2008	3701	2965	
17	9	1459	3626	2407	3118	2838	1561	1364	2668	3117	503	2127	1362	700	1470	3897	2116	4023	
19	7	3592	1277	3879	2389	3012	792	1033	1286	425	3905	145	1857	1085	3988	3067	2245	318	1189	1800	
14	9	3641	469	1620	3609	3760	4183	1062	1443	789	4102	190	2203	3101	296	
6	3	2224	127	2626	1300	1935	3442	
20	9	3291	3998	3127	655	363	342	167	3889	1306	1349	1516	1698	1987	1223	590	545	1294	2810	2589	3767	
13	4	3518	3258	2635	2323	3735	1590	3153	3644	3610	1244	2873	2580	3991	
18	11	1726	1529	3272	408	2430	971	2839	100	2083	1350	1634	2571	3370	3590	2197	3017	274	569	
12	7	398	3899	695	1009	2437	873	1114	1301	595	3736	3522	2137	
11	7	1830	494	51	106	2161	1042	1270	151	1949	2882	1252	
16	9	4011	1399	1233	1099	1770	2003	3758	1552	4123	938	922	1125	3230	3026	3554	3289	
11	4	2670	671	3060	1560	930	3238	3902	2572	3092	2423	4093	
12	5	2135	382	3246	3954	4084	2801	1041	1940	2091	2181	3877	856	
12	5	2402	1411	1391	2001	2827	2276	1474	1728	1874	2815	3844	199	
13	7	343	936	3726	3379	2837	3514	210	484	1988	2556	711	3102	2790	
7	2	3731	947	144	91	4026	2107	2582	
10	7	3146	1870	69	187	584	926	3466	1375	1131	118	
15	7	2941	3128	2654	1117	477	1609	1892	1802	2638	2980	3535	298	2370	2598	1700	
11	6	3290	555	2153	2518	1039	2688	2998	2568	2995	3935	2193	
15	8	225	1822	2397	2860	427	3236	1537	2560	2357	2982	1528	3425	1284	4099	2833	
17	7	3014	2712	179	2372	1440	1374	229	1903	3045	50	249	2302	1168	458	271	209	1534	
14	5	1341	1828	2531	2270	3880	3373	4197	2069	3110	2209	664	3555	1471	1973	
12	4	1382	3200	3351	1490	3621	498	3053	961	3778	1786	799	1140	
8	2	267	3840	3797	1993	481	3021	1629	743	
19	11	2020	222	2538	4017	834	4119	4092	4122	1781	402	3097	2506	449	2534	1336	2092	1656	1383	3405	
21	8	2752	2888	1177	1012	1187	407	2919	156	3815	1690	3932	1365	1134	3232	3253	3685	604	2522	710	1612	3940	
8	3	340	3223	4158	2893	3981	2011	3863	1145	
19	7	101	1424	32	2664	1608	95	291	2287	3598	1259	893	1765	470	2902	3407	489	4016	1593	1819	
10	4	1733	955	2692	3843	2601	956	1435	4033	819	2482	
20	11	430	3162	908	3476	2155	3781	1816	3992	3612	1739	2964	2536	3536	1247	1730	3994	264	2802	2551	1750	
16	7	391	2609	3406	1329	3480	1536	2355	19	3039	371	2061	725	452	1413	646	2425	
17	7	2747	4121	3214	3172	2335	3642	4163	581	3385	981	576	727	4083	1088	472	1265	4166	
15	9	2691	3605	1615	1565	1840	2196	4038	235	104	4101	2039	4181	3783	1436	275	
11	6	1487	1064	3193	3237	211	2958	2314	2949	189	2639	2614	
10	4	1416	1717	790	3934	1559	320	3567	2024	702	831	
16	9	798	3269	17	2479	1354	3477	4091	910	770	4024	563	2658	34	150	117	3334	
21	12	2689	1245	3724	686	3958	978	3249	826	70	675	904	1731	4173	1249	2552	313	2130	2999	2950	3706	1653	
23	13	3853	915	1999	4036	815	1209	3208	3955	89	3533	1834	321	3323	2364	4013	2988	1352	900	3157	3596	554	2631	4082	
14	8	2165	1205	1089	126	3569	3281	3956	2957	2174	2636	3973	1797	2095	2918	
8	4	2924	2050	1193	3438	1961	2499	3283	97	
3	3	128	3100	1439	
15	9	2978	1258	2811	3142	453	3826	75	2767	196	786	3667	3217	2081	2890	1978	
16	10	1319	3608	1811	3990	243	3807	3865	3989	2191	1631	928	3871	1318	542	3408	3391	
11	6	612	2603	881	3775	105	455	1757	3690	2139	82	2917	
22	9	244	3133	3204	45	113	3152	1066	1019	2205	1623	886	1659	2021	2225	4003	1081	1582	1665	4095	2268	2602	3250	
16	6	1792	1023	1047	1813	2698	1796	25	3049	2498	184	3953	1695	2715	3086	112	4137	
18	7	1720	1398	1232	888	3917	3671	3422	1564	4079	768	3036	2204	1774	2419	1761	2876	2246	261	
7	1	1526	954	1736	691	3362	3986	3822	
18	10	2328	2006	4056	3809	3627	1579	3650	3215	953	3543	3801	2680	1986	3096	1911	1197	628	338	
7	3	429	3191	1511	3746	1463	302	3282	
9	2	1045	2567	4096	4194	206	2259	3196	3041	2963	
16	6	354	2052	141	3257	1274	874	2793	102	4179	3445	3495	4019	2013	1038	3911	4105	
20	9	3833	1151	2367	2778	202	1234	2141	3129	4198	3715	1161	359	3966	3392	1787	3130	897	1893	1775	788	
13	8	1381	3324	2494	1327	56	3949	3491	2492	2583	4115	2261	678	2447	
18	9	626	2993	2677	1642	739	745	2282	3173	583	2080	1877	1496	801	1442	2082	2761	2503	2903	
18	9	1005	609	2756	1913	459	98	1888	1896	2852	438	1619	132	2085	3348	2132	4020	2834	806	
12	7	3355	1568	3606	3402	2478	2856	3977	597	2686	2854	3325	610	
15	7	1367	2809	1532	1989	699	3780	292	669	2624	3478	1758	2804	1960	4063	3493	
17	6	1499	3363	3680	2462	1899	3170	2322	640	1086	2558	191	108	2473	553	3331	3358	3944	
14	8	864	629	2212	37	939	1663	3376	299	1218	1243	3062	3668	2574	1158	
12	6	916	2642	4049	2912	2375	23	1347	2408	4199	1067	1864	1846	
8	3	87	1747	1759	248	3925	1746	336	4135	
18	11	159	27	1851	2520	726	2630	365	1106	4161	3530	879	465	1930	3023	3654	511	294	3365	
19	8	1296	937	2962	2960	2779	2100	2427	2847	4132	2257	4034	396	3126	314	3338	3058	774	1744	3219	
14	8	3083	3293	2125	809	1682	2101	1969	3808	1547	3029	3455	645	2987	2214	
14	5	3398	2690	632	3637	666	3512	3431	1844	63	694	2829	3753	2887	1972	
19	7	824	3835	3503	3910	685	1266	2391	3383	3850	4141	3887	1415	3144	2509	3082	1397	1220	2537	565	
13	8	634	2803	1171	3160	1732	1458	3675	1881	2289	3867	760	959	528	
14	6	1626	1018	509	551	1465	246	1017	2885	2510	174	4070	3103	1640	600	
13	7	697	3470	3578	1210	3708	3718	1313	2454	1418	3150	520	330	1444	
10	4	3306	849	444	328	2114	3309	303	3704	2450	308	
8	3	2147	1542	1393	3532	148	353	2173	3694	
14	7	3352	2881	405	1361	3018	47	1451	2710	12	1957	1530	418	499	4042	
8	6	3426	2746	3583	3384	1540	4040	3326	639	
10	6	485	1484	2158	76	356	1941	4150	3517	1069	3143	
19	11	3136	2044	2272	535	3367	2062	3683	3727	868	130	2210	633	1512	1448	2211	3266	1250	2004	479	
10	3	2027	653	3723	1497	1927	2875	586	2213	1838	1807	
16	10	865	1225	1345	898	3845	3051	822	932	2451	2495	136	2776	3777	3371	3684	2559	
17	8	1127	4053	3616	3104	3881	889	3461	1333	2253	2545	415	3368	2018	1035	1597	3971	107	
12	8	3446	110	1648	2037	1919	1907	2652	2201	3399	3031	2413	3787	
17	8	2891	281	1694	907	1832	1768	1219	3413	1842	2342	488	1808	1403	1346	1288	672	48	
17	8	805	3301	842	3165	2195	241	2584	591	2327	3271	1107	99	3037	1181	44	948	3188	
18	11	793	728	2466	3033	2823	3310	414	3166	2308	2400	1843	2782	138	3414	3113	289	26	1170	
15	9	618	2216	358	1646	2676	1520	1776	749	2991	4064	3754	3025	2263	2748	1762	
5	2	1178	537	2930	1514	625	
12	4	3568	2660	587	3709	1316	1165	2947	1788	2382	1310	4014	2687	
14	5	3460	3430	1476	1707	1603	96	2444	3692	2645	78	3072	3000	147	2725	
19	9	1859	2223	3733	188	4086	2461	2608	3002	1503	3197	3520	2226	2432	950	2850	392	1687	1605	2362	
23	13	963	3764	2159	3894	1057	4048	471	2704	2297	2753	24	3108	3304	381	3235	2703	3178	731	205	4059	3279	4010	286	
18	11	2279	4124	85	2386	181	1755	892	3937	3579	158	2702	290	1400	310	1334	1148	3315	3739	
15	9	269	2655	2476	994	3803	2063	2835	2000	2696	3043	2489	2764	2106	2563	3658	
15	8	3581	454	2637	369	3008	3412	2228	355	218	2906	753	2434	1390	1079	2045	
12	5	1627	3300	661	3689	2740	1992	1477	1126	1324	3623	585	1697	
16	9	2656	3745	2188	379	3090	912	233	2121	2471	3441	3047	335	706	3563	312	2911	
15	8	462	2305	1841	1395	3048	1824	870	2939	403	673	349	2880	589	4067	1488	
22	12	3498	3898	1111	690	1002	1764	3439	1254	1285	4077	3924	1953	1184	8	3403	946	3295	2870	4107	1410	960	463	
23	9	1661	636	178	4028	2897	2053	1525	2709	3891	252	2411	4145	766	860	4061	3163	2094	3858	540	3951	2816	4126	1714	
16	6	1815	3296	2267	4043	3888	4012	2283	771	1971	2851	577	1959	2075	3968	2277	3013	
19	9	475	436	1675	3628	2333	3423	1429	1625	693	3437	2566	4191	3525	1771	3125	2570	781	383	1257	
6	5	1328	2951	1933	250	3749	1402	
11	3	4131	3343	4050	2695	4066	4139	2877	1760	1818	2373	1180	
15	5	3614	3699	2215	2374	166	2294	492	2393	2385	2914	2781	599	1734	4171	3390	
12	7	1686	2015	3798	1950	982	270	6	4001	3032	2594	2206	3134	
18	10	3187	2605	909	2415	3861	2662	1905	3210	2972	1122	1481	1201	734	3895	1231	650	3347	4114	
14	6	2722	1681	4195	3748	1827	3175	3560	3828	1976	3308	81	1817	3768	2718	
15	6	1025	2416	9	3763	2129	759	1574	2183	1831	352	979	1480	125	2458	1176	
11	5	3976	1754	2763	1855	1337	921	1188	1482	899	1029	3588	
22	10	1622	2340	3599	3054	1014	871	2819	2404	3141	323	3838	723	862	478	3908	1558	1087	397	3640	2255	2916	464	
11	3	4177	2923	2969	3914	999	3095	1032	1239	451	965	2600	
8	3	3088	406	1799	1543	3829	3538	2913	1348	
16	8	1616	2398	1860	1206	3806	2002	4057	4027	1531	876	2663	1946	1527	2358	3199	783	
10	7	2198	2765	573	1601	1090	1093	844	558	1262	1203	
8	2	1577	2087	3245	3255	466	1315	3213	1051	
16	9	2569	3202	1710	1376	329	208	3111	931	439	385	3959	2360	2143	2239	2477	2163	
14	5	374	1804	2806	220	802	3222	3011	232	3305	2595	3957	929	3907	2738	
10	3	3487	4192	3603	58	1240	2243	2160	1235	2368	1423	
14	7	3474	1703	983	1255	255	3985	3428	3912	2043	1862	680	326	3044	2077	
20	12	1272	357	64	1430	4155	1556	605	1152	2344	1059	3643	3042	300	3790	1075	2590	1647	3278	1080	2056	
19	7	3738	2828	1962	2768	3594	1680	2975	3737	2547	3070	757	2395	4004	1975	1314	2742	3659	3410	2097	
15	7	2612	2146	3320	2788	812	1566	1595	3565	2904	1991	90	3248	1955	1483	1133	
15	5	428	2126	3192	3056	1115	3198	500	3963	4085	1636	838	3545	875	2666	3756	
12	5	2699	1872	1994	3209	4030	1745	3375	1915	782	796	991	3482	
7	3	4196	2607	2026	2981	230	4046	3732	
20	12	804	3620	73	2496	1456	1124	1635	1096	2818	1510	919	3527	2190	2060	2123	3123	624	457	3286	3670	
16	8	1450	1839	360	2295	1060	647	1571	630	1208	3710	2514	4022	2460	3687	1938	339	
13	6	3903	1743	1521	3516	1535	3759	3672	4144	2586	3832	668	1522	1143	
13	7	42	3773	2621	841	4055	1317	2739	1588	1518	1723	3686	2446	3453	
5	1	1689	2735	2707	3751	253	
17	7	562	2673	3149	72	3847	2992	3244	2490	1386	2685	1769	2619	2438	4116	536	450	1224	
14	7	1322	377	3580	4106	3523	598	3938	283	3239	2675	2979	775	993	4162	
11	5	1798	3980	3541	1524	1342	4068	942	1475	3770	2985	1594	
11	7	3317	976	935	2273	933	3872	3896	1885	1269	219	1469	
12	5	800	747	2858	62	515	660	2457	2812	2907	482	1040	20	
20	12	3717	3443	724	3761	2017	1137	3472	2755	1138	221	1589	2500	2118	1617	322	698	914	3695	2182	1072	
7	3	3864	4200	2296	2604	940	1668	2200	
13	5	2073	1678	4178	183	2089	2826	3883	1628	3454	1426	1766	2648	532	
14	9	2242	4140	2250	2669	1820	997	3319	1660	2378	1466	615	2102	3277	3463	
12	6	2505	2539	2258	200	755	3038	2561	2750	883	4094	2769	2345	
20	9	3707	544	4044	1388	3615	2046	1000	55	3703	2787	884	855	917	998	3500	1722	3354	173	2334	3575	
14	6	3154	1283	388	4147	3757	3024	1434	712	2519	3350	2726	3551	3617	1814	
19	7	1586	1670	2443	1150	3386	1515	534	3663	2526	2324	1794	840	227	3327	1587	1279	2844	803	4182	
11	6	2879	880	3825	2798	1356	3624	1070	3524	251	517	622	
19	10	2150	297	3366	854	2671	134	1879	1253	3057	684	3974	3019	679	2361	3820	827	2564	977	2865	
15	7	813	4058	1056	1046	1433	3401	2049	3098	4130	4060	3582	3722	3669	1519	165	
17	6	2889	2475	1591	1006	4	3138	93	2679	2527	570	116	3607	2672	1472	2737	2316	3034	
8	4	1643	1164	2463	3561	1445	748	237	4006	
12	4	1113	4127	1302	2933	1621	3415	3664	2456	2629	2535	1704	1371	
9	6	3774	2138	3996	837	3653	3465	2945	2152	2772	
23	10	830	2331	1236	2807	1555	380	2694	2540	2529	620	1901	2515	1554	523	2713	2286	3311	3077	35	182	3063	4112	473	
8	4	3027	1696	641	3622	3836	2497	2337	2409	
18	11	3167	2785	970	3183	2025	2592	787	280	2483	480	1307	2315	1166	3335	29	2754	2109	3691	
14	5	1073	1453	3559	1891	1261	3789	878	2894	301	4174	973	894	882	142	
18	9	4143	3890	923	3661	1321	3212	293	1914	1215	2465	1242	2184	2822	3553	1638	1742	2317	3140	
13	7	829	366	2929	3771	1454	2164	2189	350	2445	1128	162	2145	153	
15	6	1468	858	1570	3174	3734	1076	4118	2729	2481	2326	1414	1162	3913	1130	2591	
14	6	2329	3818	4175	3926	3750	3342	1910	2647	236	3526	2874	989	1948	1922	
18	8	2814	21	510	3855	1549	3417	3752	4009	885	3007	869	2341	152	2517	707	4110	524	3961	
15	5	1958	1335	1036	1293	1926	4148	1607	659	2661	2484	1667	3074	1295	319	754	
21	11	3064	3546	1368	1673	3705	3511	4169	1478	709	3999	3638	769	74	3544	3380	713	2034	514	3268	1596	2845	
12	5	1159	195	3120	3856	1155	968	1167	1701	2237	3106	4160	3284	
16	10	1320	3158	2824	1351	1649	4188	1226	3813	1221	1550	1945	3970	990	2098	3156	3713	
13	8	1644	4149	2542	2436	2346	1996	2068	2096	1706	2711	663	1108	3448	
20	10	201	3586	2731	2151	3078	1116	1401	3909	1121	2084	3055	1506	718	649	443	3483	1074	3547	1889	969	
12	4	1990	1071	501	2133	1853	1100	2836	1214	3369	3678	2418	54	
14	5	4168	3816	3381	88	2976	4089	3656	2794	2786	1837	433	4109	1578	2472	
15	5	420	2832	15	41	440	337	4113	1479	3779	2855	1105	2405	557	987	3743	
9	5	3089	4133	13	3473	3611	2318	613	3073	3506	
19	8	1977	1492	2576	2380	2388	1829	3068	245	4072	1421	67	2533	3112	1309	1980	1897	2120	3485	2613	
12	4	1890	1227	3630	3359	198	1610	1297	2455	2657	2898	4146	1602	
13	7	3387	1216	580	616	1576	2948	1191	3116	811	3521	3016	1505	2730	
11	4	1791	512	3802	1997	1847	404	3496	65	4021	3404	3497	
11	3	1495	400	445	1585	347	2841	1793	737	3467	61	716	
13	6	1486	952	1580	487	3207	980	1498	3274	3079	3346	1305	1655	1783	
16	9	2202	2942	2524	2293	1437	131	3984	527	3179	2269	157	1405	4015	547	2264	1112	
15	7	1008	1780	2381	1618	1183	1132	92	160	2775	2732	2651	3159	247	416	1163	
14	6	3321	1538	3382	3288	1417	1806	3631	705	1282	94	1880	721	1563	2278	
11	3	2491	2288	1900	1937	1513	2266	2986	3259	2042	1751	1303	
11	6	2241	1432	1936	1562	3584	3725	3488	3557	2309	3169	327	
15	7	3349	2051	4142	1600	1740	962	4128	850	1928	596	2384	1098	80	1721	30	
12	7	33	3069	674	2935	53	3939	2280	1702	2090	401	3927	3364	
10	5	49	3873	2813	2682	351	1606	3409	2035	2931	1091	
10	5	2649	2452	2088	4039	1548	3969	2248	2926	4100	2022	
13	8	3655	582	2054	2369	3788	861	896	1377	3719	2974	4159	3862	521	
13	5	3919	1370	2795	217	2488	1406	2800	2678	1671	1190	941	2254	2148	
13	7	1715	2429	795	1338	3105	1464	28	3397	1422	648	4071	3099	2033	
15	8	3921	2759	945	3504	3852	1677	3065	2525	2970	1810	507	2131	3332	1331	627	
15	5	39	3648	1446	3004	2234	3242	665	2104	2615	2701	742	1979	1611	867	2683	
9	3	1061	3084	3194	1077	194	1724	3357	3549	1102	
16	8	1055	1373	3729	207	1502	2162	1372	1173	2142	1353	1708	1551	2817	3893	2744	2356	
15	7	3677	1003	372	307	1852	389	2428	2057	1001	476	2593	257	3287	1932	2339	
9	3	4153	1782	1688	1916	2019	409	1657	3131	2909	
21	9	4065	2946	426	3059	3285	836	2059	2256	1360	958	2659	1924	4052	3241	3662	3151	835	3035	1809	4111	1379	
15	9	1790	550	1	266	272	3489	3462	1358	3936	3593	703	2252	1664	3646	1858	

1	42	159	813	1272	1416	1616	2505	2656	2805	3064	3276	3474	3853	3919	
2	357	420	462	845	852	1025	1290	1703	1726	1748	2224	2486	3027	3154	
3	348	475	688	804	1043	1103	1450	1859	2067	2271	2279	2691	2773	2886	
4	33	340	493	513	549	618	1055	2247	2752	2990	3531	3552	3614	3846	
5	244	430	559	687	824	963	1643	1661	2135	2165	2223	2722	2901	2996	
6	259	983	1320	2027	2747	3136	3306	3352	3738	3773	3833	3835	3933	4025	
7	268	269	333	391	1373	1803	2208	2328	2353	2612	3148	3291	3321	3330	
8	429	592	916	1113	1212	1328	1733	1756	1984	2071	2502	2862	2924	2961	
9	325	634	1438	1468	1839	2167	2290	2401	2402	2416	2888	2900	3191	3451	
10	428	800	858	1063	1260	1990	2006	2241	2469	3014	3088	3290	3503	3605	
11	27	562	1073	1238	1790	1830	2864	3087	3133	3641	3699	4121	4124	4131	
12	155	317	829	1367	1495	2674	2699	2741	3581	3707	3729	3805	3851	3903	
13	436	793	915	1061	1319	1322	1411	1467	1743	1958	2301	2363	2414	2433	
14	10	374	400	469	550	714	1296	1487	1851	2150	2366	2642	3446	3498	
15	64	494	653	719	1172	1255	1370	1521	1749	1791	1871	1890	1999	2050	
16	146	225	354	423	741	830	955	1341	1523	1956	2814	2891	3546	3562	
17	626	1335	2023	2052	2126	2219	2828	3267	3424	3572	3745	3811	3898	3952	
18	231	937	943	1459	1615	1753	1854	2156	2244	2403	2714	2751	2892	2934	
19	201	555	692	865	1008	1230	1529	1681	1792	1798	2020	2119	2147	2215	
20	84	504	541	1031	1127	1804	2329	2331	3185	3317	3336	3570	3592	3645	
21	267	697	785	1058	1139	1432	1577	1686	1977	3499	3921	3942	3980	4053	
22	262	281	2187	3146	3158	3470	3518	3626	3948	4065	4143	4153	4168	4177	
23	360	375	485	728	805	1010	1151	1205	1565	1567	2188	2520	2825	3114	
24	109	382	454	544	1036	1089	1120	1228	1627	1822	2539	2941	3192	3586	
25	621	1225	1382	1925	2689	3262	3272	3564	3946	4045	4049	4127	4195	4196	
26	51	377	1499	1570	2397	2806	2951	3167	3681	3764	3782	4056	4087	4154	
27	222	2015	2216	2692	2824	2978	3608	3818	3876	3967	3982	4018	4037	4058	
28	126	223	758	864	1177	1213	1359	1486	1622	2759	3187	3231	3301	3774	
29	378	483	603	952	976	1044	1193	1394	1694	2031	2307	2712	3056	3091	
30	986	1056	1484	1583	1644	1840	1904	3122	3234	3620	3655	3798	3809	4036	
31	21	263	309	619	798	1046	1929	2087	2158	2235	2275	2605	2809	3418	
32	111	137	644	1068	1430	1557	1645	2305	2655	2831	3464	3541	3569	3717	
33	260	386	510	2731	2785	3164	3214	3246	3398	3443	3843	3869	4155	4175	
34	127	207	297	406	460	1782	1870	2581	3200	3216	3298	3460	3748	3910	
35	495	1005	1012	1492	1780	1884	2258	2673	3180	3302	3318	3616	3657	3866	
36	76	106	394	1064	1278	1827	1841	2180	2555	2808	2889	2993	3003	3627	
37	172	213	255	617	1187	1473	1811	1828	1863	2923	3149	3733	3812	4007	
38	39	505	726	935	1236	1526	1538	1572	2376	2398	2861	3104	3294	3475	
39	273	512	609	1650	1815	2105	2146	2338	2367	2576	2795	2807	2962	3083	
40	808	909	1368	1455	1546	2076	2151	2198	2349	2677	2878	3366	3723	3881	
41	9	343	368	419	746	842	1227	1502	1630	1673	2538	2575	2946	3507	
42	128	426	685	934	1556	1715	1717	2531	2609	3711	3763	3855	3875	3990	
43	379	903	1159	1275	1283	1524	1580	1642	1691	2153	2161	2690	3139	3165	
44	40	635	790	957	2159	2202	2449	2630	2912	3174	3432	3438	3705	3975	
45	73	185	407	629	724	911	1178	1245	1391	1555	1692	2270	2381	3258	
46	1	85	735	1071	1111	1229	1351	2230	2670	3069	3265	3471	3878	3934	
47	66	176	1258	1666	1950	2374	2475	2476	2649	3406	3511	3734	3890	3926	
48	217	612	815	889	1329	1366	1378	2196	2422	2811	2919	2942	2960	3078	
49	366	398	518	994	1342	2195	2569	3128	3293	3372	3923	3998	4011	4152	
50	69	143	195	582	690	773	849	854	945	1433	1485	1532	1618	1620	
51	179	448	739	891	1542	1962	2777	3084	3223	3351	3430	3633	3761	3899	
52	101	188	487	537	605	970	1199	1209	1591	1772	2440	2548	2778	3175	
53	187	745	1006	1050	1152	2192	2375	2491	2637	2671	2881	3211	3280	3568	
54	156	388	1381	1476	2093	2282	2953	3202	3221	3343	3387	3515	3648	3724	
55	23	632	636	736	1291	1559	1579	1586	1966	2410	2760	2832	3040	3204	
56	254	1497	1989	2017	2340	2452	2653	2768	2929	2997	3504	3915	4038	4086	
57	45	258	501	747	907	936	1266	1507	1549	1649	1720	2288	2295	3480	
58	4	38	186	608	699	701	1136	1637	2543	3127	3183	3224	3322	3461	
59	49	674	686	1198	2025	2112	2332	2372	2783	3142	3854	3962	3993	4149	
60	453	695	696	720	820	1399	1707	2380	2542	3195	3578	3771	3901	4157	
61	178	243	1137	1603	2125	2756	2770	2803	3349	3677	3731	3792	3816	3840	
62	266	923	982	988	1045	1054	2133	2496	2749	3201	3355	3429	3487	3928	
63	15	113	141	149	380	1860	1954	2291	2935	2983	3797	3995	4028	4068	
64	358	1273	1393	1440	1456	2273	2426	2868	3152	3173	3316	3382	3449	3814	
65	202	277	320	435	538	1251	1292	1490	1913	2717	3516	3594	3637	3803	
66	87	220	444	611	671	1104	1206	1511	1536	2129	2660	2860	3257	3324	
67	272	652	1233	1832	1866	2621	3080	3208	3363	3417	3746	3826	3880	3958	
68	583	954	1027	1060	1164	1171	1216	1489	1675	1713	2162	2415	2461	2466	
69	75	316	365	427	717	1002	1042	1302	1424	1646	1696	1821	2429	2641	
70	41	110	306	1764	2386	2606	2936	3033	3090	3109	3320	3353	3609	3650	
71	32	161	200	802	821	1023	1183	1431	1735	1845	1920	2175	2654	2765	
72	584	944	1398	1446	1850	1853	2185	2222	2377	2379	2541	2626	2635	2694	
73	166	752	1009	1345	1461	1539	1689	2044	3137	3162	3288	3341	3630	3894	
74	1633	2762	2933	3004	3059	3060	3296	3396	3651	3680	3804	4017	4050	4169	
75	181	580	1028	1194	1372	1454	1670	1711	2063	2462	2823	2866	2989	3138	
76	637	1052	2144	2242	2407	2493	2664	2879	3100	3172	3534	3560	3794	3815	
77	86	235	241	642	1417	1626	1872	2231	2323	2554	3205	3550	3628	3873	
78	129	140	408	497	730	926	942	1083	1115	1132	2344	2584	2676	2897	
79	529	834	1117	1412	1755	1899	2553	2633	2758	3222	3401	3556	3567	3750	
80	204	410	755	759	1047	1680	1736	1752	2567	2603	2779	3285	3661	3802	
81	68	92	587	1277	1374	1608	2138	2227	2355	2441	2969	2975	2977	3281	
82	72	477	655	677	978	1099	1234	1321	1768	1876	2100	2294	2540	2842	
83	19	363	836	1018	2049	2310	2858	2994	3212	3625	3726	3807	3828	3852	
84	62	229	509	588	647	1059	1869	2154	2487	2835	3260	3599	3861	3864	
85	376	1574	1729	2430	2464	3249	3300	3643	3800	3987	4147	4172	4188	4189	
86	293	641	666	810	1106	1347	1614	2427	2706	3558	3580	3716	3735	3737	
87	373	1333	1677	1690	1886	1900	1997	2388	2488	3089	3120	3360	3752	3847	
88	421	607	898	1232	1590	2391	2437	3038	3359	3635	3954	3972	3976	3979	
89	908	912	1003	1092	2168	2494	2529	2561	2601	2745	3042	3170	3342	3383	
90	53	124	369	866	1573	1584	1985	2511	2788	3193	3245	3329	3886	3930	
91	226	372	873	1903	2335	2524	2592	2847	2992	3098	3339	3379	3381	3472	
92	60	104	203	411	809	814	880	1384	1478	1535	1770	2322	2662	2695	
93	424	440	787	971	1387	1409	1453	1648	1829	2001	2930	3045	3215	3755	
94	93	445	816	818	1116	1219	1268	1560	2755	2813	2966	3068	3198	3476	
95	307	1204	1541	2140	2333	2607	2632	3269	3502	3709	3720	3845	3900	3978	
96	95	134	761	888	1500	1754	2293	2436	2937	3065	3489	3914	4044	4066	
97	530	620	756	1718	2051	2099	2267	2525	2562	3613	3759	3806	3918	3947	
98	17	579	709	776	966	1654	1747	2000	2037	2705	2959	3378	3423	3466	
99	121	1441	2059	2507	2625	3054	3220	3255	3510	3702	3943	3956	3996	4106	
100	328	1395	1437	1457	1520	1879	2479	2623	2970	3094	3310	3999	4075	4119	
101	1048	1057	1452	1592	2183	2408	3011	3048	3236	3244	3264	3700	4047	4120	
102	198	500	1014	1621	1937	1961	2141	2212	2608	2767	3194	3642	3823	3932	
103	412	474	616	715	1604	1835	2002	2954	3135	3785	3850	3879	3985	4132	
104	50	233	245	337	591	837	905	1210	1312	1316	1354	2839	2921	3160	
105	160	280	334	812	1676	1806	1831	2928	3008	3273	3696	3757	4072	4092	
106	551	661	826	1513	1610	1910	2073	2735	3462	3653	3672	3856	3917	3955	
107	37	119	573	1021	1226	1388	1571	1947	2257	2501	3051	3129	3439	3638	
108	491	572	751	892	956	1389	1475	1537	2443	2490	2899	3484	3600	3728	
109	100	533	1429	1435	2234	3161	3428	3523	4101	4142	4158	4192	4193	4198	
110	36	367	456	567	640	1124	1138	1386	1600	1813	2117	2155	3237	3373	
111	96	232	234	342	492	1254	1759	2038	2483	2579	2696	2955	2957	3002	
112	89	546	822	967	1150	1155	1169	1253	1365	1625	1852	2026	2272	2390	
113	300	939	1134	1801	1927	1998	2053	3242	3305	3615	3671	3708	3780	3781	
114	88	170	311	341	405	606	623	902	1077	1173	1401	1816	1824	2086	
115	249	795	1501	1825	1919	1923	2088	2389	2698	2827	2843	3039	3232	3313	
116	120	539	630	924	930	1361	1601	1710	1810	2046	2256	3631	3912	3937	
117	1465	2043	2121	2871	3018	3253	3422	3579	3730	3963	3992	4033	4139	4163	
118	270	791	843	1065	1066	1078	1222	1566	1576	1951	1994	2736	3010	3118	
119	389	881	999	1037	1360	2083	2976	3420	3532	3909	3939	4057	4080	4122	
120	47	135	1285	1678	2775	3512	3533	3603	3813	3865	4048	4085	4096	4161	
121	442	681	841	932	1019	1208	1270	1327	1332	1658	2428	2547	2893	3206	
122	103	177	1110	1344	1781	1784	2080	2720	3009	3012	3070	3190	3207	3292	
123	1000	1221	1635	1776	2253	2346	2474	2838	3770	4029	4077	4098	4133	4144	
124	471	906	1568	1636	1993	2057	2679	2849	3075	3132	3685	3741	3760	3772	
125	502	568	1121	1732	2003	2199	2530	2875	2925	2948	3177	3412	3435	3481	
126	70	1096	2054	2685	3386	3542	3612	3689	3758	3924	4027	4039	4043	4089	
127	459	757	792	838	995	1376	1531	1548	2707	2818	2837	3024	3121	3299	
128	194	522	823	1396	1458	1552	1875	2136	2327	3698	3718	3931	4009	4051	
129	292	578	1076	2471	4055	4117	4141	4176	4178	4183	4194	4197	4199	4200	
130	56	248	402	441	876	1086	1561	1740	1901	2069	2205	2527	2595	2647	
131	98	175	974	1049	1114	1293	1358	1609	1652	1739	1769	1799	1834	2048	
132	151	206	288	598	675	871	947	1024	1191	1274	1317	1738	1892	2164	
133	55	196	693	1905	2228	2313	2394	2774	2791	2964	3621	3775	3938	3969	
134	786	1888	2039	2369	2704	3468	3492	3703	3710	3825	3950	4118	4123	4130	
135	131	291	819	2262	2297	2681	3411	3559	3714	3721	3857	4034	4060	4084	
136	183	304	396	498	1033	1271	1364	1510	1773	1796	2558	3116	3171	3210	
137	22	570	581	691	784	1323	2024	2142	2485	2663	2801	3203	3252	3459	
138	115	287	535	658	919	1847	2984	3097	3153	3385	3675	3882	3949	3984	
139	486	857	980	1338	1867	1909	1914	1946	2113	2406	2884	3020	3426	3431	
140	972	1020	1041	1286	1674	1693	2799	3057	3314	3367	3419	3539	3634	3656	
141	144	355	656	958	1451	1503	2218	2724	2740	2750	3126	3514	3530	3888	
142	210	425	887	1297	2064	2221	2616	2619	2733	3186	3197	3209	3601	3791	
143	321	467	811	1090	1165	1200	1355	1585	2169	2536	2659	3081	3184	3388	
144	191	885	1100	1202	1406	2089	2238	2248	2302	3238	3256	3437	3520	3527	
145	25	527	749	904	1067	1515	1595	1785	1995	2236	2347	2435	2508	2515	
146	218	283	534	767	797	1097	1891	2395	2480	2922	2938	3491	3565	3790	
147	13	362	506	515	2084	2285	2455	2599	3271	3323	3606	3622	3905	3929	
148	2	58	329	1185	1688	1926	1933	2189	2276	2763	2836	2927	2943	3055	
149	83	870	925	975	1506	1953	2364	2518	2800	2991	3095	3402	3663	3667	
150	11	214	953	1725	1916	1983	2573	2906	3115	3312	3413	3457	3528	3536	
151	387	1525	2287	2753	3239	3486	3751	3788	3887	4012	4013	4030	4062	4064	
152	879	1421	1491	2512	2523	2526	2820	2904	2926	3415	3416	3473	3543	3715	
153	67	221	332	481	1062	1247	1300	1623	2032	2074	2134	2283	2514	2709	
154	6	614	968	1192	1719	1842	1877	2108	2499	2533	3021	3611	3957	4081	
155	571	874	1084	1419	1443	1864	1881	2062	2342	2682	2729	2757	2877	3458	
156	1493	1802	2166	3043	3434	3754	3925	4001	4004	4041	4104	4136	4148	4164	
157	108	543	1032	1093	1746	1944	2174	2226	2259	2793	2819	2910	2939	2947	
158	278	684	780	3066	3521	3598	3801	3891	3981	3989	4100	4113	4181	4190	
159	208	665	933	962	981	1632	1844	2114	2191	2229	2650	2680	3110	3179	
160	556	1001	1304	1447	1550	1554	1996	2324	2463	2481	2617	2668	2972	3111	
161	24	105	145	167	480	576	844	1184	1731	1833	1991	2072	2265	2560	
162	523	705	769	992	1075	1094	1167	1553	2421	2451	2506	2587	2667	2826	
163	211	345	1307	1392	1862	1949	2078	2190	2330	3053	3117	3155	3389	3441	
164	180	466	564	575	861	1013	1154	1161	1479	1794	2404	2590	3108	3263	
165	102	336	356	886	1315	1496	1917	2047	2266	2336	2732	2794	3105	3141	
166	18	276	593	604	825	931	1034	1082	1246	1415	1527	1663	1906	1924	
167	350	439	1107	1564	1992	2209	2988	3025	3309	3477	3561	3848	3902	3974	
168	303	359	586	1261	1682	2643	3182	3213	3243	3303	3400	3783	3841	3889	
169	295	352	404	503	1306	1848	1975	2269	2315	2522	2721	2883	3007	3112	
170	252	371	667	1436	1449	1498	1894	1976	2326	2478	2572	2588	3019	3049	
171	116	488	1214	1282	1309	1598	1727	1896	2055	2104	2263	2432	2489	2498	
172	184	778	779	869	1122	1349	1460	1701	1936	2111	2393	3189	3465	3779	
173	324	385	399	1311	1427	1481	2101	2194	2300	2678	2986	3664	3872	3936	
174	8	99	284	323	669	727	1237	1259	1533	1562	1969	2060	2217	2237	
175	91	455	893	950	1240	1474	1980	1986	2296	2341	2852	2958	3218	3259	
176	215	414	566	660	1168	1545	1765	1808	1963	2473	3092	3376	3673	3683	
177	7	403	664	1434	1724	2007	2314	2423	2566	2586	2764	3362	3679	4005	
178	299	393	446	718	765	859	964	1182	1201	1313	1589	1767	1940	3537	
179	734	851	1039	1350	1477	1509	1779	1873	1952	2061	2318	2325	2411	3096	
180	753	979	1218	2041	2445	2739	2850	2956	3540	3727	3838	4079	4187	4191	
181	57	74	434	768	1629	1639	2492	2675	3032	3166	3584	3666	4002	4128	
182	392	613	938	1353	1855	2308	3217	3744	3793	3810	4076	4151	4170	4179	
183	682	789	1207	1375	1408	1588	1741	1861	2895	2981	3106	3308	3445	4052	
184	676	702	868	1119	1243	1516	1659	1882	2528	2550	2688	2723	2727	2945	
185	90	347	422	828	1543	1883	2454	2746	3544	3545	3945	3959	4108	4173	
186	14	130	158	649	673	951	985	1126	1518	2011	2122	2400	2565	2792	
187	157	771	850	1249	1788	1945	2210	2360	2385	2387	2713	3357	3525	3595	
188	253	465	476	723	896	961	1195	1215	1968	2123	2299	2620	2651	3147	
189	94	152	314	764	1377	1607	1631	1934	2382	2855	2856	3036	3037	3495	
190	224	230	349	1128	2091	2213	2286	2624	3196	3225	3403	3885	3966	4019	
191	16	438	490	507	922	949	1641	1745	1771	2127	2456	2465	2495	3304	
192	246	395	432	601	689	862	901	1147	1166	1928	1941	2348	2357	2500	
193	470	1439	1930	1935	2504	2787	3073	3283	3513	3555	3593	3789	3977	3983	
194	679	875	1897	2594	2702	3125	3144	3159	3328	3644	3817	3892	4031	4032	
195	136	449	1337	1362	1403	1425	1581	1634	2280	2583	2629	3508	3821	3895	
196	704	1051	1239	1730	2131	2243	2786	2882	3333	3369	3496	3986	4091	4145	
197	71	921	1708	2534	2880	3023	3248	3719	3920	4008	4026	4083	4140	4165	
198	344	602	633	700	725	1619	1702	1880	1912	2070	2143	3380	3392	3607	
199	275	381	443	2352	2545	2902	3227	3602	3654	3965	3994	3997	4022	4134	
200	162	171	553	659	670	766	839	1231	1324	1340	1470	1843	1971	2204	
201	315	1242	1346	1463	3241	3335	3340	3440	3479	3610	3742	3822	3832	3970	
202	63	511	680	840	990	1280	1464	1698	1826	1907	2152	2646	2782	3337	
203	351	913	1288	1671	1943	2040	2516	2604	3047	3233	3311	3573	3662	3808	
204	81	846	878	929	1105	1118	1405	1774	2081	2343	2571	3028	3583	4000	
205	417	672	895	910	1314	2090	2438	2444	2611	2636	2840	3407	3629	3676	
206	290	484	594	770	884	1131	1494	1514	1757	1812	2029	2160	2570	2638	
207	163	668	860	1017	1156	1369	1385	2042	2184	2417	2460	2796	2949	3478	
208	148	928	984	1188	1343	1512	1760	1857	2260	2482	2700	2872	3582	3692	
209	763	807	1482	1728	1838	2206	2615	2851	3071	3456	4061	4115	4116	4135	
210	65	335	694	1004	1244	1606	2894	3123	3235	3251	3442	3450	3836	3863	
211	5	589	1428	1504	1964	1982	2118	2419	2640	2645	2710	3168	3261	3338	
212	122	123	401	706	1125	1856	1987	2036	2124	2622	2672	2968	3058	3494	
213	451	597	1705	2239	2274	2610	2982	3332	3740	3860	3868	3953	4015	4024	
214	12	415	496	563	899	1141	1445	1528	1624	1837	2306	2361	2552	2703	
215	447	712	1123	1144	1299	1336	1400	1737	2013	2149	2319	2578	2748	2867	
216	240	301	461	1795	2120	2298	2457	2693	2728	3062	3274	3370	3690	3973	
217	847	918	1175	1179	1235	1352	1404	1418	2303	2776	2798	3483	3549	3722	
218	558	801	833	1911	2068	2250	2593	2885	2914	2915	3375	3674	3831	3904	
219	3	624	1617	1709	2021	2359	2396	2405	2952	3093	3604	4090	4150	4184	
220	197	282	703	940	1723	1955	2170	2350	3061	3618	3704	3897	4174	4186	
221	28	212	227	547	1818	2186	2434	3150	3517	3519	3585	3591	3623	3778	
222	97	458	1038	1970	2176	2178	2264	2686	3151	3356	3563	3725	3795	3839	
223	29	536	650	721	1085	1223	1310	1480	1761	1797	1846	2019	2065	2107	
224	257	520	1030	1276	1281	1547	1683	2106	2116	2582	2661	2841	3163	3384	
225	132	236	313	330	384	508	585	1015	1022	1197	1356	1957	2010	2549	
226	713	1262	1522	1777	1793	1988	2022	2096	2139	2477	2509	2854	3077	3247	
227	256	326	450	489	748	1442	2094	3029	3529	3687	3819	3871	3883	4069	
228	59	239	738	1540	1786	2181	2743	2974	2998	3287	3425	3688	3769	3858	
229	189	228	353	774	781	920	2145	2365	2484	2563	2701	3178	3505	3526	
230	519	946	1160	1471	1687	2009	2742	2754	2830	3488	3590	3678	3777	3911	
231	138	516	1074	1530	1874	1965	2320	2442	2568	2666	2669	3046	3377	3557	
232	835	1301	2016	2034	2157	2225	2261	2519	2596	2708	2920	3082	3619	3636	
233	114	193	322	531	973	1744	1849	1868	2008	2130	2812	2829	2890	3079	
234	1397	1628	1895	2177	3368	3597	3701	3820	3824	3896	3960	4073	4103	4180	
235	877	1669	1915	2197	2815	2822	3414	3624	3830	3927	4105	4138	4156	4159	
236	78	154	370	595	827	1070	1318	1820	1981	2085	2652	3015	3124	3226	
237	271	285	698	853	1448	1551	1647	1787	2115	2304	2634	3016	3134	3501	
238	331	478	596	1095	1699	2018	2201	2309	2424	2597	2999	3176	3240	3361	
239	914	997	1088	2098	3421	3454	3548	3577	3712	3908	3988	4003	4040	4102	
240	247	625	737	1081	1426	1695	2030	2564	3278	3297	3331	3524	3695	3829	
241	79	294	574	577	872	1181	1885	2384	2556	2817	2874	2973	3319	3397	
242	209	310	452	557	662	1959	2281	2412	2420	2715	2846	2980	3113	3156	
243	472	1472	1582	1667	1712	2092	2368	2399	2510	2535	2873	2965	3086	3346	
244	418	590	977	2014	2392	2448	3130	3230	3325	3668	3844	3859	3870	3893	
245	164	237	289	514	855	1035	1287	1422	1938	2110	2373	2580	3347	3589	
246	174	383	542	648	894	989	1007	1334	1569	1575	1656	1665	1766	2848	
247	987	1112	1284	1339	1908	2012	2497	3535	3553	3660	3753	3964	4054	4095	
248	112	192	298	900	1145	1558	1660	1706	2252	2639	2869	2950	3022	3374	
249	413	540	733	740	799	882	1298	1423	1762	2284	2351	2378	2418	2658	
250	118	560	610	1087	1257	1668	2058	2577	2697	2857	3076	3393	3669	3736	
251	125	883	1597	1638	1817	1932	1967	2979	3169	3295	3469	3786	3906	3907	
252	409	416	457	545	775	1129	1190	1331	1390	1599	1605	1973	2005	2211	
253	44	190	346	742	897	1289	1325	1357	1805	3044	3067	3538	3639	3842	
254	35	82	941	1069	1679	1685	1758	1878	2321	3035	3268	3485	3632	3862	
255	627	863	927	1080	1098	1148	1657	2066	2082	2289	2312	2358	2370	2863	
256	305	361	722	782	2557	2859	2876	2907	3050	3199	3275	3327	3659	3747	
257	657	917	965	1613	1672	1921	2128	2171	2245	3145	3647	3665	4071	4160	
258	182	216	312	1420	2075	2450	2574	2614	2784	2797	3649	3796	3867	3951	
259	1109	1414	1508	1587	1809	2268	2684	2737	2887	3063	3074	3350	3364	3455	
260	339	710	731	1241	1887	2095	2517	3119	3315	3399	3522	3576	4094	4099	
261	708	1220	1295	1383	2337	3072	3228	3326	3358	3365	3409	3447	3509	3739	
262	52	638	1101	1279	1466	1704	1865	1979	2172	2354	2870	3348	3467	4046	
263	251	760	1142	1162	1267	1763	2311	2781	2995	3157	3254	3436	3658	3784	
264	142	242	319	482	732	1029	1143	1413	1664	1836	2467	2657	2734	2985	
265	437	1016	1444	2132	2246	2251	3001	3652	3693	3762	3849	4023	4111	4129	
266	599	643	1662	1974	2200	2409	2816	3052	3181	3587	3646	4020	4021	4137	
267	61	318	615	783	959	1079	1146	1211	1517	1716	2035	2220	2254	2362	
268	250	264	433	2173	2233	2711	2726	2771	2913	3991	4067	4070	4107	4112	
269	26	31	499	796	1751	1939	2249	2537	2802	3344	3547	3551	3686	3749	
270	199	517	707	729	831	1153	1294	1380	1462	1519	2079	2137	2648	3395	
271	46	711	1163	1263	1483	1972	2232	2613	3041	3266	3713	4042	4109	4110	
272	77	683	794	1180	1612	1902	2468	3099	3219	3394	3404	3706	3922	3971	
273	1303	1363	1578	2459	2804	2834	3103	3410	3596	3697	3766	3799	4014	4126	
274	651	991	1174	1252	1330	2102	2182	2203	2371	2439	2458	2665	3005	3085	
275	890	1186	1596	1697	1948	2598	2628	2931	3270	3277	3617	3768	3827	3940	
276	48	205	397	762	848	948	1505	1742	1778	2383	2546	2761	2833	2940	
277	528	743	1189	1534	1563	1640	2163	2292	2431	3694	3765	4006	4059	4078	
278	153	552	777	1040	1379	1889	1898	2503	2769	2971	3026	3284	3405	3408	
279	678	1135	1326	1700	1858	2687	2963	3017	3031	3463	3913	3916	3935	3968	
280	554	1176	1305	1931	1942	2056	2513	2602	2618	2772	3131	3433	3452	3497	
281	390	525	750	993	998	1256	1308	1960	2532	2917	3554	3640	4016	4097	
282	34	631	1410	1684	1714	2097	2453	2821	3102	3391	3566	3732	3834	3877	
283	431	548	561	645	832	1130	1653	1807	2317	2446	2631	2844	2845	3000	
284	147	261	744	1072	1250	1371	2148	2316	2591	2716	2719	2918	3101	3279	
285	80	302	600	663	1488	2240	2853	2898	2903	3453	3500	3571	4082	4088	
286	265	327	803	969	1158	1611	2255	2277	2339	2551	2766	3682	3743	3944	
287	150	274	996	1170	1722	1750	2077	2644	2718	2744	2987	3030	3188	3427	
288	473	532	1108	1196	1734	1789	1800	1823	2790	3482	3588	3756	4010	4093	
289	521	524	646	1149	2356	2585	2810	3006	3107	4035	4146	4171	4182	4185	
290	54	296	364	622	628	1053	1264	1651	1655	1918	2589	2738	2911	3371	
291	20	165	238	1157	1248	1265	1269	2004	2109	2908	2909	3961	4125	4167	
292	806	1407	1721	1893	2045	2345	2413	2470	2916	3143	3229	3837	3874	3941	
293	30	107	169	639	867	1402	1602	1922	2780	3034	3354	3444	3448	3506	
294	286	569	2521	2932	2967	3574	3684	3767	3787	4063	4074	4114	4162	4166	
295	168	279	338	960	1102	1133	1217	1224	2028	2559	2600	2789	3289	3490	
296	117	139	173	464	526	654	817	1091	1140	2207	2278	2683	2730	3282	
297	219	856	1011	1348	1593	1783	1978	2179	2214	2425	2905	3286	3334	3493	
298	43	133	308	468	565	716	772	1026	1469	1594	1814	2033	2334	2627	
299	754	1544	1775	2103	2193	2725	2896	3140	3307	3345	3575	3691	3776	3884	
300	463	479	788	1203	1819	2447	2472	2544	2865	2944	3013	3250	3390	3670	

1	0	1	0	1	0	1	0	1	0	1	0	1	0	1	0	1	0	1	0	1	0	1	0	1	0	
1	0	0	1	0	1	0	1	0	1	0	1	0	0	1	1	0	1	0	1	0	1	0	1	0	1	
1	0	1	0	0	1	0	1	0	1	0	1	0	0	1	0	1	1	0	1	0	1	0	1	0	1	
1	0	1	0	1	0	0	1	0	1	0	1	0	0	1	0	1	0	1	1	0	1	0	1	0	1	
1	0	1	0	1	0	1	0	0	1	0	1	0	0	1	0	1	0	1	0	1	1	0	1	0	1	
1	0	1	0	1	0	1	0	1	0	0	1	0	0	1	0	1	0	1	0	1	0	1	1	0	1	
1	0	1	0	1	0	1	0	1	0	1	0	0	0	1	0	1	0	1	0	1	0	1	0	1	1	
0	1	0	1	0	1	0	1	0	1	0	1	0	1	0	1	0	1	0	1	0	1	0	1	0	1	
0	1	1	0	1	0	1	0	1	0	1	0	1	1	0	0	1	0	1	0	1	0	1	0	1	0	
0	1	0	1	1	0	1	0	1	0	1	0	1	1	0	1	0	0	1	0	1	0	1	0	1	0	
0	1	0	1	0	1	1	0	1	0	1	0	1	1	0	1	0	1	0	0	1	0	1	0	1	0	
0	1	0	1	0	1	0	1	1	0	1	0	1	1	0	1	0	1	0	1	0	0	1	0	1	0	
0	1	0	1	0	1	0	1	0	1	1	0	1	1	0	1	0	1	0	1	0	1	0	0	1	0	
0	1	0	1	0	1	0	1	0	1	0	1	1	1	0	1	0	1	0	1	0	1	0	1	0	0	
