84	6	20	14

5	4	59	11	20	72	17	
4	1	67	34	64	10	
4	4	41	25	5	82	
4	3	19	54	69	76	
5	1	14	77	32	1	15	
5	2	40	24	43	21	65	
4	3	49	53	8	62	
4	3	29	78	51	63	
4	3	27	18	80	79	
3	1	3	75	84	
6	5	23	35	22	9	16	6	
4	4	42	26	48	74	
3	1	56	13	37	
4	4	12	60	36	81	
3	3	44	47	58	
4	2	46	4	66	68	
4	3	31	52	28	83	
6	5	55	61	45	33	70	71	
4	3	39	30	2	7	
4	2	50	73	38	57	

1	14	19	23	27	29	31	39	40	41	46	50	55	56	59	
2	3	24	25	30	35	42	44	49	54	61	67	73	77	78	
3	4	11	12	13	18	22	32	34	38	43	45	47	52	53	
4	1	2	5	8	9	20	26	28	33	51	57	58	60	66	
5	7	16	21	36	37	48	62	64	69	70	72	75	80	82	
6	6	10	15	17	63	65	68	71	74	76	79	81	83	84	

1	0	1	0	1	0	1	0	1	0	1	0	1	0	1	0	1	0	1	0	1	0	1	0	1	0	
1	0	0	1	0	1	0	1	0	1	0	1	0	0	1	1	0	1	0	1	0	1	0	1	0	1	
1	0	1	0	0	1	0	1	0	1	0	1	0	0	1	0	1	1	0	1	0	1	0	1	0	1	
1	0	1	0	1	0	0	1	0	1	0	1	0	0	1	0	1	0	1	1	0	1	0	1	0	1	
1	0	1	0	1	0	1	0	0	1	0	1	0	0	1	0	1	0	1	0	1	1	0	1	0	1	
1	0	1	0	1	0	1	0	1	0	0	1	0	0	1	0	1	0	1	0	1	0	1	1	0	1	
1	0	1	0	1	0	1	0	1	0	1	0	0	0	1	0	1	0	1	0	1	0	1	0	1	1	
0	1	0	1	0	1	0	1	0	1	0	1	0	1	0	1	0	1	0	1	0	1	0	1	0	1	
0	1	1	0	1	0	1	0	1	0	1	0	1	1	0	0	1	0	1	0	1	0	1	0	1	0	
0	1	0	1	1	0	1	0	1	0	1	0	1	1	0	1	0	0	1	0	1	0	1	0	1	0	
0	1	0	1	0	1	1	0	1	0	1	0	1	1	0	1	0	1	0	0	1	0	1	0	1	0	
0	1	0	1	0	1	0	1	1	0	1	0	1	1	0	1	0	1	0	1	0	0	1	0	1	0	
0	1	0	1	0	1	0	1	0	1	1	0	1	1	0	1	0	1	0	1	0	1	0	0	1	0	
0	1	0	1	0	1	0	1	0	1	0	1	1	1	0	1	0	1	0	1	0	1	0	1	0	0	
