84	6	20	14

4	1	17	77	59	27	
3	2	53	40	8	
5	3	78	16	37	81	21	
4	3	14	75	44	76	
3	3	43	41	56	
3	3	57	82	69	
3	2	33	3	19	
6	4	48	1	26	71	84	12	
3	2	11	68	29	
3	3	36	7	25	
4	4	65	50	63	32	
5	3	4	51	13	61	10	
5	3	28	23	64	70	15	
5	2	73	52	49	67	6	
5	4	39	74	54	34	58	
4	1	83	80	20	22	
3	2	55	46	47	
5	4	9	30	45	66	60	
5	4	31	24	79	18	42	
6	2	38	72	2	35	62	5	

1	4	9	11	14	17	28	31	38	39	43	48	53	55	57	
2	1	24	30	33	41	46	51	65	72	73	74	78	82	83	
3	2	13	16	23	26	36	40	45	50	52	75	77	79	80	
4	7	18	20	35	37	44	49	54	59	63	64	66	68	71	
5	3	25	29	34	42	47	56	61	62	67	70	76	81	84	
6	5	6	8	10	12	15	19	21	22	27	32	58	60	69	

1	0	1	0	1	0	1	0	1	0	1	0	1	0	1	0	1	0	1	0	1	0	1	0	1	0	
1	0	0	1	0	1	0	1	0	1	0	1	0	0	1	1	0	1	0	1	0	1	0	1	0	1	
1	0	1	0	0	1	0	1	0	1	0	1	0	0	1	0	1	1	0	1	0	1	0	1	0	1	
1	0	1	0	1	0	0	1	0	1	0	1	0	0	1	0	1	0	1	1	0	1	0	1	0	1	
1	0	1	0	1	0	1	0	0	1	0	1	0	0	1	0	1	0	1	0	1	1	0	1	0	1	
1	0	1	0	1	0	1	0	1	0	0	1	0	0	1	0	1	0	1	0	1	0	1	1	0	1	
1	0	1	0	1	0	1	0	1	0	1	0	0	0	1	0	1	0	1	0	1	0	1	0	1	1	
0	1	0	1	0	1	0	1	0	1	0	1	0	1	0	1	0	1	0	1	0	1	0	1	0	1	
0	1	1	0	1	0	1	0	1	0	1	0	1	1	0	0	1	0	1	0	1	0	1	0	1	0	
0	1	0	1	1	0	1	0	1	0	1	0	1	1	0	1	0	0	1	0	1	0	1	0	1	0	
0	1	0	1	0	1	1	0	1	0	1	0	1	1	0	1	0	1	0	0	1	0	1	0	1	0	
0	1	0	1	0	1	0	1	1	0	1	0	1	1	0	1	0	1	0	1	0	0	1	0	1	0	
0	1	0	1	0	1	0	1	0	1	1	0	1	1	0	1	0	1	0	1	0	1	0	0	1	0	
0	1	0	1	0	1	0	1	0	1	0	1	1	1	0	1	0	1	0	1	0	1	0	1	0	0	
