84	6	20	14

4	3	1	69	4	79	
5	2	7	68	49	65	13	
4	2	15	22	28	50	
4	4	40	44	62	11	
3	1	37	24	56	
5	4	2	31	54	55	8	
3	1	53	67	25	
6	3	34	18	71	57	21	58	
5	3	26	52	12	45	74	
6	5	32	82	60	9	76	39	
6	1	17	80	20	47	81	63	
4	4	29	33	38	51	
4	1	30	36	23	70	
4	3	48	6	72	77	
2	2	19	84	
4	4	14	46	66	5	
4	1	41	61	10	78	
4	2	27	35	43	83	
5	2	3	59	16	75	64	
2	2	42	73	

1	1	2	7	15	17	19	26	27	29	30	32	34	40	48	
2	3	6	14	18	22	33	36	41	44	53	68	80	82	84	
3	20	23	31	38	42	46	49	52	59	60	61	62	69	71	
4	9	10	12	16	35	37	47	51	54	57	65	66	72	73	
5	4	11	21	24	28	43	45	55	67	70	75	76	78	81	
6	5	8	13	25	39	50	56	58	63	64	74	77	79	83	

1	0	1	0	1	0	1	0	1	0	1	0	1	0	1	0	1	0	1	0	1	0	1	0	1	0	
1	0	0	1	0	1	0	1	0	1	0	1	0	0	1	1	0	1	0	1	0	1	0	1	0	1	
1	0	1	0	0	1	0	1	0	1	0	1	0	0	1	0	1	1	0	1	0	1	0	1	0	1	
1	0	1	0	1	0	0	1	0	1	0	1	0	0	1	0	1	0	1	1	0	1	0	1	0	1	
1	0	1	0	1	0	1	0	0	1	0	1	0	0	1	0	1	0	1	0	1	1	0	1	0	1	
1	0	1	0	1	0	1	0	1	0	0	1	0	0	1	0	1	0	1	0	1	0	1	1	0	1	
1	0	1	0	1	0	1	0	1	0	1	0	0	0	1	0	1	0	1	0	1	0	1	0	1	1	
0	1	0	1	0	1	0	1	0	1	0	1	0	1	0	1	0	1	0	1	0	1	0	1	0	1	
0	1	1	0	1	0	1	0	1	0	1	0	1	1	0	0	1	0	1	0	1	0	1	0	1	0	
0	1	0	1	1	0	1	0	1	0	1	0	1	1	0	1	0	0	1	0	1	0	1	0	1	0	
0	1	0	1	0	1	1	0	1	0	1	0	1	1	0	1	0	1	0	0	1	0	1	0	1	0	
0	1	0	1	0	1	0	1	1	0	1	0	1	1	0	1	0	1	0	1	0	0	1	0	1	0	
0	1	0	1	0	1	0	1	0	1	1	0	1	1	0	1	0	1	0	1	0	1	0	0	1	0	
0	1	0	1	0	1	0	1	0	1	0	1	1	1	0	1	0	1	0	1	0	1	0	1	0	0	
