84	6	20	14

6	4	75	81	45	42	72	7	
6	1	49	79	67	56	22	60	
5	4	65	31	52	68	27	
3	1	10	71	62	
6	5	37	82	14	43	21	29	
5	3	5	8	1	34	12	
4	4	19	47	28	24	
4	2	83	76	4	26	
4	2	84	44	46	25	
2	2	80	2	
5	4	61	20	53	78	16	
4	1	70	11	35	6	
5	3	51	50	17	54	57	
6	4	15	69	3	13	23	77	
3	3	9	59	18	
5	3	73	36	32	33	48	
3	3	41	63	38	
2	2	55	58	
5	4	64	74	30	39	40	
1	1	66	

1	5	9	10	15	37	41	49	51	61	65	73	75	83	84	
2	8	20	36	50	55	64	69	70	71	76	79	80	81	82	
3	3	11	14	17	19	31	32	44	45	59	62	63	67	74	
4	1	2	13	30	35	38	42	43	47	52	53	54	56	58	
5	4	6	18	21	22	23	28	33	34	39	46	68	72	78	
6	7	12	16	24	25	26	27	29	40	48	57	60	66	77	

1	0	1	0	1	0	1	0	1	0	1	0	1	0	1	0	1	0	1	0	1	0	1	0	1	0	
1	0	0	1	0	1	0	1	0	1	0	1	0	0	1	1	0	1	0	1	0	1	0	1	0	1	
1	0	1	0	0	1	0	1	0	1	0	1	0	0	1	0	1	1	0	1	0	1	0	1	0	1	
1	0	1	0	1	0	0	1	0	1	0	1	0	0	1	0	1	0	1	1	0	1	0	1	0	1	
1	0	1	0	1	0	1	0	0	1	0	1	0	0	1	0	1	0	1	0	1	1	0	1	0	1	
1	0	1	0	1	0	1	0	1	0	0	1	0	0	1	0	1	0	1	0	1	0	1	1	0	1	
1	0	1	0	1	0	1	0	1	0	1	0	0	0	1	0	1	0	1	0	1	0	1	0	1	1	
0	1	0	1	0	1	0	1	0	1	0	1	0	1	0	1	0	1	0	1	0	1	0	1	0	1	
0	1	1	0	1	0	1	0	1	0	1	0	1	1	0	0	1	0	1	0	1	0	1	0	1	0	
0	1	0	1	1	0	1	0	1	0	1	0	1	1	0	1	0	0	1	0	1	0	1	0	1	0	
0	1	0	1	0	1	1	0	1	0	1	0	1	1	0	1	0	1	0	0	1	0	1	0	1	0	
0	1	0	1	0	1	0	1	1	0	1	0	1	1	0	1	0	1	0	1	0	0	1	0	1	0	
0	1	0	1	0	1	0	1	0	1	1	0	1	1	0	1	0	1	0	1	0	1	0	0	1	0	
0	1	0	1	0	1	0	1	0	1	0	1	1	1	0	1	0	1	0	1	0	1	0	1	0	0	
