84	6	20	14

5	3	7	8	67	68	19	
5	3	2	55	80	22	14	
4	3	64	9	35	11	
5	3	20	37	74	13	84	
5	4	27	53	51	62	48	
4	4	54	21	71	56	
5	4	15	47	70	40	12	
4	4	58	38	18	83	
4	4	50	32	30	4	
3	3	3	26	41	
5	1	44	16	73	10	49	
4	3	23	42	46	66	
5	2	82	31	25	75	69	
4	1	39	63	60	79	
6	5	17	6	36	45	52	81	
3	1	65	76	61	
1	1	78	
4	1	1	43	24	57	
5	4	33	34	59	5	29	
3	1	77	28	72	

1	1	2	7	15	17	20	44	50	54	58	64	65	77	82	
2	3	6	8	9	16	21	23	27	31	33	39	43	47	55	
3	24	25	28	34	36	37	42	53	67	70	71	73	76	80	
4	22	26	32	38	40	45	46	51	59	63	68	74	75	78	
5	5	10	13	14	18	19	30	35	41	52	56	60	61	62	
6	4	11	12	29	48	49	57	66	69	72	79	81	83	84	

1	0	1	0	1	0	1	0	1	0	1	0	1	0	1	0	1	0	1	0	1	0	1	0	1	0	
1	0	0	1	0	1	0	1	0	1	0	1	0	0	1	1	0	1	0	1	0	1	0	1	0	1	
1	0	1	0	0	1	0	1	0	1	0	1	0	0	1	0	1	1	0	1	0	1	0	1	0	1	
1	0	1	0	1	0	0	1	0	1	0	1	0	0	1	0	1	0	1	1	0	1	0	1	0	1	
1	0	1	0	1	0	1	0	0	1	0	1	0	0	1	0	1	0	1	0	1	1	0	1	0	1	
1	0	1	0	1	0	1	0	1	0	0	1	0	0	1	0	1	0	1	0	1	0	1	1	0	1	
1	0	1	0	1	0	1	0	1	0	1	0	0	0	1	0	1	0	1	0	1	0	1	0	1	1	
0	1	0	1	0	1	0	1	0	1	0	1	0	1	0	1	0	1	0	1	0	1	0	1	0	1	
0	1	1	0	1	0	1	0	1	0	1	0	1	1	0	0	1	0	1	0	1	0	1	0	1	0	
0	1	0	1	1	0	1	0	1	0	1	0	1	1	0	1	0	0	1	0	1	0	1	0	1	0	
0	1	0	1	0	1	1	0	1	0	1	0	1	1	0	1	0	1	0	0	1	0	1	0	1	0	
0	1	0	1	0	1	0	1	1	0	1	0	1	1	0	1	0	1	0	1	0	0	1	0	1	0	
0	1	0	1	0	1	0	1	0	1	1	0	1	1	0	1	0	1	0	1	0	1	0	0	1	0	
0	1	0	1	0	1	0	1	0	1	0	1	1	1	0	1	0	1	0	1	0	1	0	1	0	0	
