980	70	100	14

11	7	858	800	852	238	573	885	69	619	947	425	246	
8	3	65	94	537	71	737	934	487	8	
9	2	592	415	806	122	805	333	420	948	124	
15	5	169	498	319	550	352	269	48	784	872	867	357	933	788	321	475	
4	2	341	617	36	569	
10	5	877	655	180	291	284	263	256	24	556	247	
9	6	118	292	294	79	616	952	492	349	738	
4	4	414	598	736	202	
19	10	585	355	342	525	273	439	797	870	353	621	976	970	764	183	670	522	58	526	218	
12	6	562	650	76	979	345	433	922	467	734	653	409	923	
9	5	67	969	910	354	533	918	98	884	399	
11	4	459	781	588	767	25	741	770	148	497	678	967	
9	6	430	198	529	538	861	833	938	96	607	
14	8	544	868	59	201	7	753	386	187	760	189	649	946	317	128	
8	4	146	841	834	131	9	223	441	914	
8	2	822	520	697	387	921	346	461	866	
7	3	248	38	644	568	290	360	746	
3	2	261	403	34	
7	4	838	262	651	400	147	601	680	
10	3	435	298	643	380	436	661	669	491	722	932	
7	1	524	675	846	21	557	172	139	
10	5	667	271	640	894	73	285	219	126	718	272	
11	5	859	719	265	906	611	93	236	554	663	965	112	
7	1	902	911	130	141	296	560	878	
8	3	848	171	70	258	850	958	973	379	
7	2	466	691	205	790	372	625	926	
9	2	308	493	49	315	398	443	773	864	458	
10	7	508	364	615	304	149	747	99	785	879	641	
7	1	626	647	125	190	421	881	277	
13	4	578	652	664	283	231	163	394	270	794	200	707	591	411	
21	9	593	418	453	941	949	51	974	483	469	960	81	192	809	754	532	369	506	440	39	410	928	
9	4	657	117	604	395	490	329	586	396	580	
4	3	347	214	252	164	
9	4	527	204	88	478	383	138	113	855	638	
11	6	181	155	279	633	699	417	27	366	648	150	775	
11	3	305	143	582	249	412	451	378	542	873	671	14	
9	3	882	729	559	295	185	239	709	701	116	
13	7	779	622	628	158	631	735	40	100	900	587	816	666	513	
6	2	222	700	288	627	925	595	
10	3	413	43	485	575	674	119	422	50	337	74	
12	7	715	476	336	553	899	698	297	3	742	241	634	712	
7	5	711	137	207	959	211	324	780	
13	8	623	499	232	86	274	748	153	406	60	637	679	289	151	
7	2	208	501	886	761	82	374	681	
7	3	103	110	267	102	759	789	931	
13	7	259	161	186	502	731	913	216	565	432	566	645	714	839	
11	3	817	401	509	583	639	107	854	771	811	558	75	
8	4	54	687	521	530	696	328	224	920	
6	5	609	905	555	977	723	127	
13	8	316	783	375	778	447	77	750	842	350	763	78	280	891	
10	6	756	136	495	500	546	561	470	197	705	250	
12	7	690	4	2	314	896	160	717	874	851	677	869	798	
7	2	196	713	596	376	402	174	856	
14	7	363	438	494	168	665	963	935	901	154	104	63	195	849	503	
14	9	142	338	505	114	955	356	658	605	457	968	462	486	243	481	
12	8	61	602	757	765	875	924	173	428	87	496	787	682	
12	4	516	912	20	28	845	876	144	964	510	827	971	739	
11	4	853	230	194	381	793	871	371	962	752	390	152	
12	4	237	512	776	47	303	367	534	835	10	361	903	382	
4	4	135	33	145	708	
15	9	416	339	6	519	523	80	455	23	972	610	282	957	710	796	389	
8	2	725	156	768	883	306	791	254	954	
6	5	377	471	930	253	244	828	
12	5	162	460	762	940	545	571	351	251	703	581	52	917	
7	5	630	769	115	132	191	170	689	
14	5	826	452	548	221	454	358	437	362	821	815	340	720	825	242	
11	3	511	484	133	535	518	599	257	245	945	673	92	
10	3	446	766	19	956	84	733	951	880	193	215	
10	3	217	44	85	802	636	449	31	829	629	90	
12	5	507	326	276	939	72	662	313	745	101	57	843	445	
11	4	384	41	260	751	727	572	15	597	287	844	423	
15	8	66	803	235	978	517	795	46	429	749	472	897	919	407	480	301	
6	5	837	184	344	504	635	450	
16	8	18	89	178	286	888	30	220	543	898	442	547	482	694	121	613	393	
15	7	594	323	463	266	255	176	310	332	468	676	111	909	515	961	632	
9	3	755	64	477	567	331	832	330	13	388	
7	1	233	904	228	564	541	552	343	
8	5	721	97	318	847	614	726	646	157	
12	7	600	225	312	966	68	206	473	456	975	953	819	862	
8	6	823	175	275	642	426	307	758	777	
12	6	929	659	730	264	179	514	799	385	618	608	693	203	
8	6	685	807	895	950	695	782	42	240	
10	5	612	293	32	229	109	706	359	808	836	434	
8	5	702	129	309	234	83	123	348	464	
14	7	209	810	801	1	37	980	563	893	325	889	857	944	865	792	
6	3	654	311	716	540	140	404	
13	5	536	365	860	786	927	772	576	840	227	813	465	724	134	
4	4	12	704	743	281	
12	5	212	824	668	335	268	936	574	590	299	167	740	182	
11	3	656	577	474	302	589	226	53	45	812	908	684	
8	6	392	278	943	624	732	937	892	603	
8	2	444	35	120	16	528	391	26	570	
8	3	448	166	29	95	744	11	579	774	
9	5	165	210	17	820	531	397	431	159	479	
8	5	427	322	55	56	22	488	686	907	
9	2	660	368	91	405	213	887	539	672	300	
7	3	334	327	177	942	373	804	683	
12	6	551	188	916	199	890	370	320	606	728	424	489	831	
8	6	814	549	5	692	408	419	106	915	
9	2	620	105	688	863	818	62	584	830	108	

1	135	142	334	363	384	413	416	544	562	656	715	721	755	779	
2	18	162	209	217	392	430	444	551	593	685	690	858	868	877	
3	64	208	259	339	446	511	527	536	622	654	667	756	826	859	
4	35	61	118	136	161	427	516	585	594	609	612	626	650	655	
5	165	452	484	577	592	600	620	628	657	702	766	807	817	905	
6	54	66	89	146	180	204	210	225	237	355	401	476	477	507	
7	6	88	120	169	186	308	311	338	365	448	512	548	660	725	
8	16	19	41	156	188	316	323	326	336	459	502	519	524	567	
9	17	117	292	342	415	418	463	602	719	731	837	838	841	929	
10	184	271	312	453	493	509	525	768	806	822	823	834	853	912	
11	178	181	248	273	322	331	377	623	659	776	882	883	913	916	
12	212	230	233	260	265	286	471	520	781	800	895	941	956	966	
13	44	47	103	158	166	198	414	439	495	508	553	578	588	640	
14	4	29	262	294	523	687	751	767	783	797	888	894	902	949	
15	38	51	73	80	105	133	278	305	498	583	647	711	729	820	
16	20	25	67	68	85	306	319	327	347	460	474	500	535	559	
17	2	79	143	295	438	478	644	688	716	762	810	814	824	832	
18	33	122	175	196	293	314	344	364	604	803	860	870	904	906	
19	12	43	95	199	221	455	499	546	652	786	802	805	863	896	
20	49	216	232	266	276	494	518	529	550	727	801	848	890	927	
21	30	32	137	171	177	255	285	315	561	599	675	713	818	852	
22	23	65	160	168	176	303	368	528	549	639	664	697	744	757	
23	1	28	59	107	129	194	370	435	466	565	665	668	730	741	
24	91	125	229	235	283	320	704	939	940	950	963	969	972	974	
25	72	201	206	238	298	309	330	352	367	470	501	505	630	695	
26	7	155	275	310	353	531	545	572	662	772	782	899	910	911	
27	37	86	220	228	279	335	381	454	483	621	631	636	642	643	
28	55	76	214	231	269	291	469	534	543	555	573	606	610	615	
29	109	257	304	358	568	765	845	935	960	976	977	978	979	980	
30	48	62	84	110	114	268	274	282	313	333	341	345	398	405	
31	81	207	213	219	222	380	397	485	571	582	698	733	748	876	
32	42	192	234	302	351	387	735	770	854	898	943	951	955	957	
33	70	97	190	264	290	437	564	598	633	691	710	875	930	936	
34	126	144	153	179	332	504	517	540	575	728	793	885	887	901	
35	297	383	449	468	521	589	611	718	791	924	942	959	964	970	
36	5	211	261	284	362	426	436	443	514	635	699	700	717	745	
37	31	93	173	249	258	267	354	391	395	538	596	676	769	773	
38	83	101	149	251	360	403	412	428	442	541	616	617	661	723	
39	15	115	130	138	163	226	240	263	376	576	651	692	795	809	
40	53	102	131	148	185	356	373	433	510	563	574	597	706	753	
41	3	9	145	239	287	318	394	530	669	736	796	821	840	871	
42	56	94	123	140	154	223	307	402	424	450	490	533	658	754	
43	34	227	272	329	406	451	532	674	742	747	764	771	847	918	
44	11	26	40	46	60	87	111	254	270	369	378	386	421	586	
45	99	174	187	241	375	417	473	506	537	539	547	624	811	813	
46	71	113	141	197	236	256	288	400	431	497	835	861	874	893	
47	22	100	205	325	359	432	554	637	703	732	760	778	784	833	
48	45	132	440	447	496	584	679	696	794	799	872	900	921	937	
49	147	245	296	328	371	441	482	488	634	672	846	889	892	922	
50	21	27	77	119	389	467	566	587	694	746	759	790	851	867	
51	39	127	183	191	200	252	253	346	348	422	429	663	677	750	
52	57	98	121	189	244	366	558	570	627	686	743	785	815	816	
53	75	281	491	557	579	605	614	649	670	707	789	808	827	886	
54	340	357	385	420	461	542	601	613	709	749	761	829	842	850	
55	69	82	372	472	552	618	726	804	879	933	946	948	952	962	
56	172	456	457	464	645	787	812	856	873	897	909	938	945	958	
57	24	124	164	170	317	408	492	619	648	701	705	836	844	857	
58	104	396	465	515	603	608	864	869	881	944	947	968	973	975	
59	13	63	224	404	581	590	671	680	720	724	788	830	865	884	
60	14	52	159	195	289	324	350	374	625	673	682	708	714	734	
61	139	299	321	349	388	522	560	646	693	722	737	792	825	855	
62	116	277	419	425	629	653	678	681	866	880	914	926	953	971	
63	10	96	409	410	556	666	752	819	878	919	934	954	961	967	
64	92	202	361	390	462	489	513	632	738	739	758	763	907	908	
65	50	78	242	250	379	407	591	641	712	777	828	831	849	862	
66	106	108	300	337	343	434	480	486	503	607	683	684	689	780	
67	36	167	193	301	774	843	903	915	917	920	928	931	932	965	
68	58	90	151	152	243	246	247	280	382	399	411	423	445	475	
69	128	150	215	458	479	487	526	569	740	798	839	891	923	925	
70	8	74	112	134	157	182	203	218	393	481	580	595	638	775	

1	0	1	0	1	0	1	0	1	0	1	0	1	0	1	0	1	0	1	0	1	0	1	0	1	0	
1	0	0	1	0	1	0	1	0	1	0	1	0	0	1	1	0	1	0	1	0	1	0	1	0	1	
1	0	1	0	0	1	0	1	0	1	0	1	0	0	1	0	1	1	0	1	0	1	0	1	0	1	
1	0	1	0	1	0	0	1	0	1	0	1	0	0	1	0	1	0	1	1	0	1	0	1	0	1	
1	0	1	0	1	0	1	0	0	1	0	1	0	0	1	0	1	0	1	0	1	1	0	1	0	1	
1	0	1	0	1	0	1	0	1	0	0	1	0	0	1	0	1	0	1	0	1	0	1	1	0	1	
1	0	1	0	1	0	1	0	1	0	1	0	0	0	1	0	1	0	1	0	1	0	1	0	1	1	
0	1	0	1	0	1	0	1	0	1	0	1	0	1	0	1	0	1	0	1	0	1	0	1	0	1	
0	1	1	0	1	0	1	0	1	0	1	0	1	1	0	0	1	0	1	0	1	0	1	0	1	0	
0	1	0	1	1	0	1	0	1	0	1	0	1	1	0	1	0	0	1	0	1	0	1	0	1	0	
0	1	0	1	0	1	1	0	1	0	1	0	1	1	0	1	0	1	0	0	1	0	1	0	1	0	
0	1	0	1	0	1	0	1	1	0	1	0	1	1	0	1	0	1	0	1	0	0	1	0	1	0	
0	1	0	1	0	1	0	1	0	1	1	0	1	1	0	1	0	1	0	1	0	1	0	0	1	0	
0	1	0	1	0	1	0	1	0	1	0	1	1	1	0	1	0	1	0	1	0	1	0	1	0	0	
