980	70	100	14

10	5	375	352	960	101	826	727	742	650	253	653	
9	6	400	588	433	946	187	217	372	859	1	
13	7	744	51	943	920	210	63	79	537	852	204	884	436	196	
12	8	872	916	275	787	558	312	825	921	597	107	295	652	
9	5	188	761	932	865	525	626	440	870	250	
14	6	317	829	548	832	577	714	173	237	692	961	566	402	815	328	
7	3	777	200	449	762	268	191	80	
12	7	488	954	223	316	198	963	81	233	913	29	732	699	
9	2	906	589	667	546	876	405	406	918	245	
8	6	18	891	10	878	363	945	637	730	
10	7	866	326	811	590	572	394	889	481	776	4	
7	1	769	619	131	448	148	75	882	
12	6	550	731	964	226	50	657	334	490	7	159	274	12	
12	8	644	103	282	43	753	939	629	618	778	855	234	2	
11	5	113	21	616	109	907	519	189	28	691	154	822	
9	6	642	565	13	895	156	55	781	578	900	
8	6	38	535	596	640	288	457	25	786	
6	5	969	284	401	821	27	734	
7	2	22	108	957	915	552	489	586	
6	3	679	86	351	881	104	332	
10	3	327	296	784	711	273	219	559	926	931	792	
12	4	698	607	431	252	849	221	68	661	974	364	911	828	
13	6	447	700	452	524	358	749	456	442	170	579	247	5	356	
10	6	71	555	649	259	869	757	70	128	885	87	
6	1	847	544	660	598	622	450	
10	4	505	59	420	429	893	261	903	594	205	483	
8	4	56	584	466	24	720	228	337	741	
7	1	53	472	380	90	135	137	151	
15	5	833	837	896	670	126	775	76	333	531	99	49	516	480	706	886	
7	1	97	923	177	415	688	751	871	
4	3	513	199	478	270	
5	3	14	809	848	860	766	
12	7	621	473	770	605	181	947	421	376	321	863	494	520	
10	6	286	369	208	894	845	575	789	823	120	567	
11	6	951	345	760	654	976	819	643	355	585	19	82	
11	6	265	184	419	84	562	318	556	646	300	959	794	
13	4	952	367	306	712	307	765	599	901	57	834	353	361	127	
11	5	709	723	583	176	67	949	206	413	838	130	32	
11	5	682	445	105	651	508	230	193	873	232	298	162	
6	5	395	61	518	260	902	955	
11	4	560	166	220	37	673	244	887	874	482	835	339	
8	4	593	591	467	455	514	561	510	111	
8	4	636	397	704	323	322	772	20	953	
6	4	119	343	242	810	33	102	
16	10	624	218	940	8	625	74	492	532	534	785	745	110	549	290	116	620	
11	7	373	814	202	235	910	672	941	615	523	735	747	
8	6	669	600	195	715	388	499	341	980	
9	6	856	271	47	414	737	812	167	138	966	
10	3	708	30	606	214	515	725	611	185	62	227	
8	5	854	302	209	94	840	764	925	796	
10	5	782	410	263	346	703	44	386	359	841	680	
10	5	802	383	122	39	389	746	129	229	384	392	
8	4	279	914	938	374	576	224	266	458	
6	4	965	69	157	15	617	521	
10	5	411	451	632	46	975	212	141	142	267	484	
12	5	161	428	336	366	164	365	42	427	721	603	656	424	
10	5	409	256	639	805	465	756	573	668	175	924	
9	3	443	314	912	511	171	324	258	763	222	
11	3	851	687	701	174	898	967	143	824	280	152	663	
9	5	496	315	666	294	880	470	165	564	779	
9	2	289	936	773	659	897	739	182	818	973	
8	3	301	303	800	246	970	139	631	100	
9	5	695	474	506	671	146	125	570	272	922	
13	8	755	297	497	634	697	978	614	571	934	501	498	83	426	
9	3	93	875	928	526	950	736	563	774	379	
13	5	587	98	89	459	808	883	325	817	430	485	149	684	238	
7	4	308	441	528	827	344	112	540	
17	8	35	892	423	527	464	740	813	977	702	557	627	197	930	795	623	145	502	
11	5	377	685	192	539	722	381	390	674	545	194	726	
11	3	935	662	724	360	748	613	665	683	444	676	399	
16	9	677	937	713	806	541	278	338	693	340	678	507	115	933	601	503	211	
8	5	551	136	342	602	368	92	569	972	
5	2	830	231	114	422	6	
11	6	664	179	236	862	88	91	752	95	791	647	543	
6	5	771	349	163	243	717	132	
9	5	574	705	877	313	85	370	215	509	857	
8	3	729	72	476	948	797	254	292	335	
4	1	17	348	201	40	
15	6	758	216	486	435	291	842	144	719	331	150	311	905	461	979	64	
10	4	434	160	638	793	96	696	783	77	686	147	
10	7	479	462	371	408	850	404	648	73	48	9	
8	5	304	416	927	437	460	853	635	803	
9	5	750	694	207	396	504	403	962	391	299	
10	3	23	790	843	412	418	285	387	203	330	155	
12	5	754	293	716	609	500	919	608	788	382	522	733	836	
13	5	168	41	728	287	239	305	743	118	820	66	249	183	517	
9	2	529	213	533	655	547	248	568	121	798	
15	9	417	581	257	861	350	612	641	133	610	134	879	310	65	538	971	
10	3	446	36	468	628	378	276	262	186	495	864	
12	5	106	52	944	240	463	831	58	630	140	690	917	385	
8	4	469	269	858	225	477	283	491	78	
10	7	362	942	968	710	645	180	867	807	454	54	
8	5	958	425	178	255	393	357	908	633	
8	3	158	251	738	172	890	347	768	309	
15	5	816	26	169	595	281	487	675	799	31	319	45	123	582	801	868	
10	7	718	117	846	592	354	554	11	780	888	438	
6	5	899	759	604	512	767	124	
12	4	956	904	530	839	277	471	707	929	542	580	681	34	
9	4	493	909	536	398	844	689	60	553	658	
14	9	329	439	153	407	264	804	241	3	190	453	475	16	432	320	

1	56	106	286	479	529	624	642	664	669	677	744	758	952	958	
2	113	216	301	329	373	447	462	493	644	698	771	906	937	956	
3	188	213	279	400	469	574	682	700	777	816	872	904	951	969	
4	51	168	265	317	349	371	425	445	551	593	600	621	713	718	
5	21	52	71	345	367	395	452	513	550	607	754	761	833	847	
6	35	218	289	446	473	505	560	589	760	806	851	856	943	965	
7	22	53	303	327	408	409	411	431	434	496	708	729	750	755	
8	18	103	105	119	158	161	184	315	362	377	486	541	584	587	
9	160	178	284	308	451	685	829	850	891	892	916	932	936	940	
10	8	26	41	256	275	443	488	636	667	687	694	770	802	837	
11	14	36	98	278	282	428	439	530	533	546	638	639	773	920	
12	17	23	192	296	338	369	401	417	423	544	625	705	782	830	
13	210	251	293	524	539	548	581	605	695	784	839	865	866	896	
14	74	93	169	200	383	466	651	655	659	693	769	787	800	832	
15	59	136	166	199	277	441	595	716	805	875	899	935	944	954	
16	63	89	220	231	240	255	271	304	314	348	375	478	591	632	
17	153	179	195	257	269	306	419	474	492	558	577	609	654	662	
18	43	108	117	122	358	404	420	463	528	588	701	728	814	877	
19	30	37	246	297	312	352	410	449	465	666	709	790	793	809	
20	174	201	223	429	497	500	506	508	532	673	731	854	912	914	
21	69	72	79	287	416	435	671	723	861	893	897	919	957	964	
22	38	39	84	163	393	397	459	467	511	525	547	660	712	753	
23	61	181	202	230	236	252	302	342	389	472	565	634	722	876	
24	248	291	316	455	527	555	602	608	808	831	858	938	960	970	
25	24	58	157	235	307	374	464	583	619	670	714	715	749	788	
26	97	131	173	261	343	382	537	562	616	626	679	711	756	765	
27	10	47	176	239	244	281	336	340	407	471	514	534	535	573	
28	67	96	237	264	305	326	388	405	487	606	697	738	739	740	
29	198	209	242	243	696	848	852	903	909	910	927	928	942	947	
30	101	357	366	380	448	518	526	599	630	759	783	813	842	860	
31	126	171	214	263	294	313	456	536	576	668	692	720	724	746	
32	207	260	350	421	468	596	598	785	804	811	878	883	898	939	
33	90	144	182	208	241	398	821	825	901	949	967	976	977	978	
34	85	135	139	225	228	433	476	622	704	846	880	923	950	963	
35	77	109	129	143	177	376	437	440	442	450	590	612	702	717	
36	226	325	346	363	592	604	629	743	775	827	915	946	948	968	
37	3	50	146	148	224	370	406	414	649	672	818	843	844	849	
38	118	360	396	515	614	719	737	797	817	819	826	907	908	921	
39	15	57	76	81	94	132	324	368	430	557	640	675	710	762	
40	170	193	354	412	415	460	485	561	571	597	645	725	727	748	
41	13	46	107	221	333	504	554	617	627	657	736	766	862	870	
42	11	68	172	190	233	254	268	318	323	334	531	611	707	799	
43	88	140	187	453	499	556	641	643	742	745	890	902	913	975	
44	31	75	110	133	185	259	270	292	331	519	690	812	820	840	
45	29	66	167	229	273	347	510	522	610	678	887	929	945	961	
46	91	92	137	150	164	189	204	212	215	355	418	470	477	686	
47	28	99	180	311	319	365	381	552	585	613	650	689	733	768	
48	42	134	206	217	253	390	549	572	665	691	703	732	752	764	
49	86	114	149	285	344	403	413	579	637	869	879	894	925	934	
50	49	151	197	249	335	351	542	563	618	628	648	661	684	688	
51	45	73	95	112	309	310	337	501	507	568	796	845	874	881	
52	19	115	125	378	674	683	834	873	918	930	941	962	973	974	
53	44	111	123	232	247	258	266	341	444	516	545	575	580	646	
54	165	295	300	322	364	391	480	498	540	676	699	780	791	836	
55	48	60	245	288	299	394	399	422	427	475	489	564	569	615	
56	283	372	386	482	647	653	795	824	888	889	911	917	933	980	
57	27	83	276	353	490	706	757	772	774	778	828	838	853	867	
58	16	104	138	175	384	387	481	566	721	779	859	882	895	905	
59	5	7	20	70	141	156	219	262	321	361	432	582	603	631	
60	40	159	298	523	559	570	586	601	776	789	801	863	884	886	
61	127	191	379	461	503	652	741	763	810	835	855	868	924	926	
62	55	62	128	130	222	274	320	494	509	512	623	635	735	823	
63	33	65	100	162	186	194	203	238	250	280	359	402	426	457	
64	4	6	25	102	120	121	142	290	330	491	538	553	594	656	
65	116	183	211	267	272	521	807	841	885	931	959	971	972	979	
66	1	32	145	332	392	436	484	495	517	543	747	767	781	803	
67	9	154	155	234	424	454	567	578	633	680	730	786	792	864	
68	2	12	64	87	152	205	227	356	438	734	751	794	815	857	
69	124	196	328	339	385	681	726	798	871	900	922	953	955	966	
70	34	54	78	80	82	147	458	483	502	520	620	658	663	822	

1	0	1	0	1	0	1	0	1	0	1	0	1	0	1	0	1	0	1	0	1	0	1	0	1	0	
1	0	0	1	0	1	0	1	0	1	0	1	0	0	1	1	0	1	0	1	0	1	0	1	0	1	
1	0	1	0	0	1	0	1	0	1	0	1	0	0	1	0	1	1	0	1	0	1	0	1	0	1	
1	0	1	0	1	0	0	1	0	1	0	1	0	0	1	0	1	0	1	1	0	1	0	1	0	1	
1	0	1	0	1	0	1	0	0	1	0	1	0	0	1	0	1	0	1	0	1	1	0	1	0	1	
1	0	1	0	1	0	1	0	1	0	0	1	0	0	1	0	1	0	1	0	1	0	1	1	0	1	
1	0	1	0	1	0	1	0	1	0	1	0	0	0	1	0	1	0	1	0	1	0	1	0	1	1	
0	1	0	1	0	1	0	1	0	1	0	1	0	1	0	1	0	1	0	1	0	1	0	1	0	1	
0	1	1	0	1	0	1	0	1	0	1	0	1	1	0	0	1	0	1	0	1	0	1	0	1	0	
0	1	0	1	1	0	1	0	1	0	1	0	1	1	0	1	0	0	1	0	1	0	1	0	1	0	
0	1	0	1	0	1	1	0	1	0	1	0	1	1	0	1	0	1	0	0	1	0	1	0	1	0	
0	1	0	1	0	1	0	1	1	0	1	0	1	1	0	1	0	1	0	1	0	0	1	0	1	0	
0	1	0	1	0	1	0	1	0	1	1	0	1	1	0	1	0	1	0	1	0	1	0	0	1	0	
0	1	0	1	0	1	0	1	0	1	0	1	1	1	0	1	0	1	0	1	0	1	0	1	0	0	
