980	70	100	14

8	3	26	151	145	772	301	425	104	187	
14	7	774	941	356	973	953	791	239	920	726	396	712	341	571	927	
8	5	931	360	199	770	241	346	670	354	
9	3	816	846	812	651	484	89	836	433	31	
12	6	68	832	353	162	183	667	721	526	972	264	798	252	
7	2	636	532	284	128	520	395	39	
11	6	469	743	942	170	233	566	315	564	177	273	626	
12	6	763	115	413	100	111	739	269	947	729	403	697	345	
14	5	153	668	560	364	629	704	963	722	268	513	647	960	463	845	
14	6	699	654	872	761	653	820	847	138	512	784	336	102	412	1	
10	5	69	106	257	589	18	418	887	897	978	617	
7	4	567	387	114	37	679	600	66	
6	3	437	222	538	57	2	84	
10	5	479	210	945	131	232	889	623	833	734	776	
10	6	884	466	841	580	286	5	255	44	633	666	
15	9	296	605	925	438	471	64	113	698	568	410	616	917	958	384	914	
10	5	602	688	342	792	35	525	383	563	12	919	
7	4	894	63	662	198	826	665	137	
7	5	498	587	455	797	205	186	691	
13	6	496	964	299	11	224	267	534	242	779	474	649	888	935	
13	4	502	968	751	143	171	579	860	970	609	598	764	962	167	
9	2	655	822	23	123	417	817	155	59	501	
12	6	874	527	488	909	209	975	376	533	337	569	672	583	
8	2	441	440	359	785	762	491	72	823	
12	5	590	923	906	262	607	25	648	517	742	184	977	378	
17	7	886	537	129	521	230	582	294	274	604	316	842	622	588	427	55	464	458	
8	2	302	802	948	548	618	159	444	910	
17	8	325	409	907	932	74	318	671	397	556	428	505	32	715	83	166	127	624	
8	2	737	377	194	319	86	937	714	627	
5	2	746	475	124	795	411	
3	1	243	338	277	
10	5	508	634	849	693	619	835	149	251	449	732	
12	5	60	673	483	202	250	217	33	639	480	321	773	676	
10	6	126	352	279	646	476	451	13	760	565	650	
14	7	54	979	7	24	329	310	518	574	401	282	369	591	710	620	
8	5	350	453	643	557	351	97	330	261	
11	7	818	506	821	581	283	107	275	547	77	500	913	
9	4	695	324	366	305	754	930	782	550	850	
7	2	367	794	477	559	431	916	592	
10	5	236	611	880	810	380	793	492	658	258	313	
11	6	67	355	716	452	824	197	332	652	615	122	955	
10	6	176	796	96	871	36	719	516	980	951	808	
10	4	158	683	803	349	371	966	139	3	971	631	
5	1	828	334	862	390	434	
13	5	747	133	231	585	868	867	599	108	169	398	292	744	43	
9	4	298	750	53	899	181	597	950	196	343	
9	6	904	974	473	168	370	245	195	957	481	
16	8	898	192	885	389	489	281	876	38	17	422	603	486	702	529	266	254	
11	6	883	392	613	709	701	256	495	439	614	830	852	
9	2	146	21	875	494	765	478	544	216	372	
7	5	172	117	295	870	881	530	214	
15	6	118	328	934	815	918	442	768	344	76	787	189	482	687	686	911	
10	7	327	806	690	218	270	551	519	575	249	524	
8	2	421	446	777	58	882	326	163	546	
8	2	553	753	940	213	73	234	467	694	
6	1	924	50	858	713	220	443	
6	4	700	16	406	303	272	844	
11	6	320	515	120	831	767	578	93	30	448	101	221	
11	5	15	358	915	386	720	814	20	730	733	949	878	
6	2	8	689	503	136	705	965	
11	4	895	144	621	415	51	780	921	82	928	610	628	
7	3	851	78	178	263	81	288	859	
7	4	789	340	347	825	456	943	157	
10	5	304	961	92	203	807	608	706	225	696	570	
8	3	10	938	535	244	799	379	193	755	
12	8	661	775	388	374	843	156	718	164	855	659	227	85	
10	6	877	896	291	745	253	34	632	641	148	903	
9	2	426	373	933	594	786	323	161	642	811	
7	4	90	208	680	287	711	893	150	
12	4	6	4	866	869	154	311	612	75	289	552	219	669	
14	5	381	309	424	201	757	848	457	573	586	510	393	595	361	335	
12	7	805	445	531	278	891	394	863	185	727	200	660	514	
4	4	861	819	317	959	
7	5	47	134	322	543	905	56	769	
7	1	407	333	308	674	46	65	857	
11	6	801	62	240	781	306	135	740	522	95	967	969	
11	3	285	728	681	470	854	276	536	946	838	228	211	
8	2	260	684	879	976	584	429	435	731	
8	2	944	206	800	112	677	414	790	27	
16	7	174	94	70	554	402	640	300	593	829	708	190	497	675	685	601	682	
11	4	419	663	462	19	692	404	738	572	788	408	173	
5	1	141	748	368	235	179	
13	7	259	485	307	116	215	577	900	926	191	382	88	507	52	
6	4	459	902	125	385	723	873	
10	4	461	348	271	936	180	79	576	14	625	423	
6	1	956	80	766	297	758	853	
12	5	28	175	813	509	49	490	204	91	416	223	561	42	
7	2	645	365	391	110	756	165	741	
2	1	48	468	
17	8	447	735	952	188	523	362	160	922	724	280	420	290	856	499	540	29	119	
5	1	400	147	140	562	749	
13	4	207	229	312	865	152	9	314	545	555	908	454	87	238	
9	3	212	103	247	432	635	837	890	61	237	
11	7	226	460	656	771	542	834	528	40	630	430	954	
9	6	357	41	504	99	912	840	707	511	130	
9	5	539	804	678	493	331	339	717	472	22	
12	5	109	736	725	892	450	759	142	487	541	703	549	132	
11	4	606	558	929	405	839	71	465	98	596	265	657	
10	6	105	752	864	246	248	827	121	644	783	399	
13	6	45	375	293	637	436	901	182	638	778	809	363	939	664	

1	26	60	172	296	302	367	459	461	508	606	645	695	746	774	
2	207	236	320	327	479	673	818	874	886	894	895	898	924	931	
3	8	54	68	146	174	192	210	325	360	447	502	515	527	553	
4	6	105	109	118	298	304	350	611	634	747	802	877	885	904	
5	15	21	50	144	259	324	328	348	381	419	421	483	496	590	
6	133	158	260	271	309	602	605	735	794	801	806	828	832	849	
7	62	176	231	357	366	446	690	875	896	941	956	964	968	974	
8	67	202	299	358	389	424	426	485	488	506	567	636	661	693	
9	47	117	120	199	212	441	473	655	684	923	934	945	948	952	
10	4	11	94	131	305	353	409	440	585	689	699	796	831	879	
11	69	240	285	356	373	469	654	663	861	868	880	884	902	907	
12	28	162	226	232	307	355	752	810	815	816	821	866	906	909	
13	70	151	334	359	380	437	475	558	619	770	805	867	961	973	
14	41	188	209	262	466	537	554	581	599	700	743	777	785	789	
15	10	92	489	498	539	607	688	781	883	918	925	929	936	979	
16	108	116	462	523	736	822	846	864	915	932	933	942	944	953	
17	7	170	206	246	281	365	405	407	460	728	775	851	872	889	
18	74	129	153	175	201	203	229	400	442	494	503	504	532	656	
19	23	24	63	106	183	218	224	386	438	681	683	725	737	767	
20	90	141	222	248	306	318	329	362	471	578	751	762	768	771	
21	96	126	134	160	215	257	342	388	470	667	761	765	803	841	
22	16	99	125	135	143	241	243	250	284	291	352	374	548	577	
23	267	402	445	521	538	653	662	748	753	754	757	763	792	793	
24	368	377	387	392	406	492	668	671	812	813	848	854	876	900	
25	45	78	115	171	194	303	477	721	800	892	922	926	938	940	
26	114	178	217	230	391	531	560	623	745	804	807	820	862	869	
27	123	283	364	375	385	397	413	491	542	582	587	621	835	847	
28	38	64	100	279	295	453	455	457	509	629	651	750	827	843	
29	25	111	156	180	276	333	340	534	579	589	640	724	740	930	
30	19	49	57	145	278	294	338	349	390	478	522	535	594	646	
31	37	110	233	274	319	415	417	450	476	490	559	573	613	643	
32	18	72	95	113	154	263	312	536	556	586	709	759	858	891	
33	35	80	103	242	300	310	311	344	431	510	580	692	716	739	
34	33	81	247	286	308	322	394	604	608	618	704	713	723	779	
35	121	191	270	316	347	432	451	518	557	678	698	756	782	839	
36	51	107	168	169	253	346	351	452	639	701	823	860	863	871	
37	5	53	58	71	112	138	142	159	244	370	371	393	398	418	
38	17	79	86	93	97	272	428	493	525	550	574	612	718	766	
39	30	76	165	269	280	331	484	487	593	819	844	865	887	912	
40	2	208	317	791	817	829	870	897	937	946	947	963	966	976	
41	124	152	204	239	288	382	480	526	595	680	799	825	834	842	
42	91	185	330	379	434	456	505	568	576	729	772	787	881	899	
43	32	301	401	404	622	677	708	840	882	916	970	972	975	978	
44	9	14	34	89	147	190	245	256	541	543	566	609	707	786	
45	75	128	213	323	410	465	474	528	551	588	703	720	780	824	
46	13	40	149	181	198	220	287	293	315	326	361	422	427	448	
47	73	155	164	189	195	235	255	282	495	497	637	649	706	722	
48	36	55	59	136	163	339	420	482	512	675	715	727	760	795	
49	83	161	197	200	261	335	416	425	444	598	603	648	687	714	
50	84	268	290	314	376	383	439	517	564	584	630	632	719	738	
51	104	225	289	511	520	563	784	814	838	855	859	905	920	921	
52	101	139	140	264	275	332	336	369	414	545	627	635	726	797	
53	48	88	102	223	228	234	403	436	519	565	711	741	742	833	
54	20	82	177	251	443	464	486	533	546	547	561	572	658	705	
55	42	205	297	337	429	430	513	591	617	642	674	717	826	836	
56	395	435	449	467	530	549	616	644	647	710	730	837	856	901	
57	56	77	321	458	544	569	597	614	652	660	697	764	783	788	
58	3	98	182	184	186	273	292	396	516	659	672	679	702	733	
59	12	216	499	500	507	625	638	641	734	893	928	950	967	980	
60	166	211	258	399	501	575	615	626	712	830	888	890	910	919	
61	61	122	214	412	596	686	778	850	873	917	935	943	959	965	
62	39	44	132	227	237	249	341	552	562	670	685	773	798	809	
63	148	252	265	354	363	411	468	540	555	610	633	665	696	769	
64	1	137	408	529	657	732	744	790	949	954	960	962	969	971	
65	85	345	601	620	676	878	908	911	939	951	955	957	958	977	
66	46	127	277	463	514	571	600	628	631	682	694	758	776	808	
67	65	66	150	196	221	266	313	454	472	583	592	664	845	913	
68	22	29	43	52	87	157	193	219	343	378	423	481	524	570	
69	119	167	173	187	238	384	433	624	650	666	755	852	853	857	
70	27	31	130	179	254	372	669	691	731	749	811	903	914	927	

1	0	1	0	1	0	1	0	1	0	1	0	1	0	1	0	1	0	1	0	1	0	1	0	1	0	
1	0	0	1	0	1	0	1	0	1	0	1	0	0	1	1	0	1	0	1	0	1	0	1	0	1	
1	0	1	0	0	1	0	1	0	1	0	1	0	0	1	0	1	1	0	1	0	1	0	1	0	1	
1	0	1	0	1	0	0	1	0	1	0	1	0	0	1	0	1	0	1	1	0	1	0	1	0	1	
1	0	1	0	1	0	1	0	0	1	0	1	0	0	1	0	1	0	1	0	1	1	0	1	0	1	
1	0	1	0	1	0	1	0	1	0	0	1	0	0	1	0	1	0	1	0	1	0	1	1	0	1	
1	0	1	0	1	0	1	0	1	0	1	0	0	0	1	0	1	0	1	0	1	0	1	0	1	1	
0	1	0	1	0	1	0	1	0	1	0	1	0	1	0	1	0	1	0	1	0	1	0	1	0	1	
0	1	1	0	1	0	1	0	1	0	1	0	1	1	0	0	1	0	1	0	1	0	1	0	1	0	
0	1	0	1	1	0	1	0	1	0	1	0	1	1	0	1	0	0	1	0	1	0	1	0	1	0	
0	1	0	1	0	1	1	0	1	0	1	0	1	1	0	1	0	1	0	0	1	0	1	0	1	0	
0	1	0	1	0	1	0	1	1	0	1	0	1	1	0	1	0	1	0	1	0	0	1	0	1	0	
0	1	0	1	0	1	0	1	0	1	1	0	1	1	0	1	0	1	0	1	0	1	0	0	1	0	
0	1	0	1	0	1	0	1	0	1	0	1	1	1	0	1	0	1	0	1	0	1	0	1	0	0	
