980	70	100	14

8	6	561	622	740	672	306	647	811	743	
7	2	47	979	482	255	532	529	974	
8	4	23	956	706	786	287	236	155	774	
7	5	664	512	697	431	878	94	907	
6	1	920	391	290	131	179	701	
9	6	966	441	802	703	896	787	100	329	275	
13	5	727	589	192	527	702	143	283	734	29	415	736	942	292	
12	6	258	333	780	158	322	278	259	414	544	474	169	696	
14	9	867	961	588	421	281	678	209	108	711	249	464	976	901	145	
11	3	151	272	531	617	41	869	797	101	185	680	203	
9	2	412	189	700	562	362	167	926	698	311	
6	3	746	400	586	822	833	505	
10	3	383	37	438	924	458	26	39	401	923	303	
13	4	11	630	616	728	49	118	521	667	219	742	676	153	601	
11	4	467	457	349	951	829	177	33	363	289	295	217	
7	5	122	842	737	371	535	883	154	
9	4	962	695	654	918	729	64	849	374	598	
13	5	425	133	126	366	933	226	61	354	21	925	897	299	642	
9	2	783	163	848	866	317	95	197	284	583	
11	4	758	229	73	42	767	726	778	430	265	607	141	
7	1	373	328	111	567	300	392	552	
9	4	198	25	462	51	79	591	836	861	443	
11	4	427	507	50	124	687	405	396	1	886	399	58	
7	5	199	439	14	815	932	297	380	
11	6	483	305	927	325	801	615	757	846	485	426	859	
6	4	210	612	91	330	569	769	
12	8	80	53	610	129	285	239	119	790	44	18	587	761	
11	3	759	175	919	501	704	164	173	714	291	580	263	
14	8	166	66	694	449	579	200	756	826	90	834	781	830	538	184	
9	5	320	327	85	484	804	494	812	77	779	
9	3	121	545	65	34	140	89	789	856	674	
11	4	387	336	656	590	472	176	361	60	402	839	264	
14	8	980	279	423	593	568	597	673	872	16	448	646	486	502	102	
8	6	606	906	228	865	854	381	748	257	
6	5	893	74	639	499	35	625	
8	3	765	312	98	183	934	785	315	880	
13	5	685	570	594	128	614	825	705	862	24	712	445	879	891	
8	3	536	724	71	916	735	308	75	677	
10	7	914	444	841	972	271	125	818	57	5	490	
8	5	386	967	309	741	876	574	469	821	
7	1	370	409	963	557	453	850	345	
8	5	763	563	378	582	307	636	977	435	
11	3	609	218	827	669	372	602	887	902	517	682	900	
15	5	733	922	213	22	975	450	578	565	437	170	795	832	539	581	388	
16	8	394	686	8	360	138	475	699	267	777	406	63	471	461	835	214	945	
5	1	717	376	481	496	114	
9	2	516	558	899	523	710	875	428	293	884	
9	4	514	208	745	436	12	136	480	855	224	
12	7	874	403	604	645	819	492	30	187	43	938	87	162	
15	8	773	689	530	115	424	895	447	892	621	446	838	6	127	302	770	
7	3	730	853	660	468	245	753	631	
10	4	78	957	651	233	675	738	379	605	644	650	
10	4	135	156	877	577	404	225	231	890	193	573	
13	4	382	537	904	221	117	721	390	663	434	487	540	556	310	
15	8	92	750	592	52	321	525	840	693	553	495	798	165	40	800	908	
8	5	792	334	146	69	237	174	851	953	
10	3	551	393	843	949	941	626	928	911	353	585	
14	6	643	670	852	242	234	212	417	67	318	148	451	326	898	936	
8	2	262	720	649	755	324	915	244	754	
9	6	776	313	509	416	171	511	130	681	775	
8	3	513	59	549	32	207	534	564	837	
10	7	515	719	351	973	205	159	814	206	422	407	
9	4	335	2	655	419	337	725	718	519	93	
17	8	489	83	894	4	817	554	350	260	460	844	931	235	323	629	653	796	888	
10	7	288	408	355	522	709	799	807	744	520	816	
12	4	455	739	707	105	910	459	473	749	479	930	230	548	
9	2	964	493	813	764	139	969	666	251	273	
12	8	661	885	55	954	15	662	223	103	204	550	634	596	
8	3	542	142	791	864	28	943	180	715	
11	7	357	144	365	86	17	137	959	708	395	389	452	
12	5	369	240	766	823	99	751	411	576	38	760	503	618	
8	4	772	134	692	965	254	824	559	713	
12	6	608	104	803	831	82	948	196	54	385	903	161	937	
15	6	316	413	508	88	690	456	123	731	637	860	498	716	913	250	793	
7	3	809	500	420	3	68	635	56	
7	2	347	398	873	112	10	497	584	
12	6	768	238	348	543	970	252	806	182	762	274	20	950	
5	1	339	623	732	343	442	
7	2	491	541	367	782	858	157	440	
4	1	952	917	526	36	
8	4	555	282	476	160	658	298	418	871	
12	5	575	147	433	248	106	346	46	465	296	688	722	947	
12	6	202	70	463	847	384	253	270	72	31	201	377	632	
8	2	978	266	868	671	881	364	243	304	
7	4	794	261	510	429	810	48	619	
11	3	506	62	190	84	194	191	81	178	338	27	665	
11	5	477	314	659	747	845	220	344	7	518	905	805	
13	8	341	215	301	277	454	340	560	909	566	232	504	863	356	
9	5	657	13	691	857	109	113	227	352	241	
8	5	641	268	912	397	152	944	186	571	
8	3	624	684	45	723	211	808	76	246	
7	2	935	620	939	247	599	96	375	
11	5	97	319	331	116	533	110	640	168	9	627	752	
13	7	648	478	595	107	652	946	332	960	216	172	19	149	628	
9	5	828	524	195	368	132	788	470	466	968	
3	2	679	613	870	
12	6	294	603	600	683	940	410	882	611	432	120	276	784	
10	7	547	181	638	280	528	771	971	358	820	921	
9	4	546	359	488	256	342	286	633	958	572	
8	4	668	889	269	955	929	150	222	188	

1	47	92	262	383	425	467	477	489	536	657	685	733	759	773	
2	175	294	335	455	515	542	609	724	874	922	966	978	979	980	
3	13	97	166	279	603	679	717	719	727	792	919	920	962	964	
4	37	121	258	314	341	382	391	423	427	441	506	570	643	664	
5	122	133	213	319	320	333	339	403	483	575	589	608	772	776	
6	62	78	83	142	199	369	370	491	513	547	624	668	763	765	
7	80	202	288	331	376	386	439	493	512	551	561	563	659	661	
8	2	11	240	305	327	537	555	600	670	689	695	739	768	791	
9	59	347	357	408	412	604	630	648	758	766	809	852	889	914	
10	135	144	192	501	641	783	794	828	867	885	893	894	957	967	
11	4	23	53	215	218	242	261	316	351	387	394	527	530	593	
12	55	70	151	189	190	198	373	413	444	510	606	645	683	691	
13	104	116	126	134	266	514	750	802	817	842	940	956	961	973	
14	85	163	205	238	290	429	500	546	588	616	623	651	704	904	
15	22	25	66	355	421	478	507	684	728	737	747	823	827	954	
16	49	159	208	269	301	336	359	398	516	568	720	746	803	819	
17	84	99	210	233	281	312	371	420	492	622	700	702	706	745	
18	147	181	313	348	365	410	545	554	669	703	707	857	927	935	
19	71	109	143	309	378	562	594	675	686	732	813	841	868	896	
20	15	98	105	128	131	436	438	484	509	620	638	916	955	975	
21	115	156	194	272	541	549	558	592	730	740	764	786	787	910	
22	14	86	221	450	463	522	610	614	655	678	694	751	845	877	
23	424	481	482	488	533	543	582	595	612	662	735	738	780	831	
24	50	91	110	113	117	220	229	277	328	400	847	864	873	899	
25	8	17	28	45	65	112	118	164	191	227	459	531	578	613	
26	3	30	129	307	360	362	411	462	577	617	656	825	882	906	
27	34	41	74	138	223	234	268	285	366	433	586	590	741	804	
28	51	137	248	256	350	379	384	409	454	565	611	640	692	705	
29	107	124	139	158	187	340	393	404	419	449	473	508	597	639	
30	32	79	88	140	212	280	308	322	432	457	523	524	560	579	
31	43	52	106	183	200	278	416	721	853	909	924	965	969	972	
32	103	225	253	282	325	372	496	654	672	749	933	952	959	970	
33	207	209	226	228	270	334	417	605	673	801	876	895	918	939	
34	81	167	173	231	260	306	344	458	499	521	534	591	615	709	
35	168	283	287	337	602	666	667	690	697	708	729	799	836	865	
36	171	271	321	390	437	475	476	652	710	725	734	861	912	926	
37	61	82	178	252	397	447	511	636	687	854	872	934	938	946	
38	72	73	108	146	346	349	472	535	649	723	756	815	848	869	
39	16	26	31	64	69	125	204	332	342	460	479	574	663	699	
40	35	176	219	267	395	456	525	528	564	814	849	866	929	943	
41	7	10	29	42	89	123	170	211	317	330	647	711	718	755	
42	46	67	239	405	644	671	757	771	777	785	807	818	840	844	
43	130	247	254	255	361	415	518	576	650	714	731	767	806	826	
44	9	195	406	625	693	742	797	843	846	862	875	887	930	931	
45	39	111	152	160	324	448	736	892	902	948	951	960	963	971	
46	75	100	235	381	443	494	517	566	808	822	890	915	917	932	
47	24	76	206	318	368	431	434	465	676	810	829	833	881	944	
48	12	90	101	177	291	422	485	526	553	621	712	726	795	949	
49	68	150	182	232	244	251	297	315	329	354	364	557	599	660	
50	57	95	237	249	259	286	367	389	407	428	495	905	941	942	
51	36	119	179	296	414	468	504	569	637	658	778	798	832	834	
52	48	136	148	153	196	201	216	246	487	626	635	646	688	790	
53	54	63	132	273	275	298	352	452	567	633	722	744	762	789	
54	33	96	180	185	222	230	338	385	430	446	469	471	788	856	
55	27	38	44	165	236	274	323	343	363	445	539	544	601	627	
56	21	197	442	532	540	548	581	682	715	752	781	782	860	878	
57	5	18	20	120	155	245	374	401	453	464	497	519	520	556	
58	60	396	418	426	498	587	619	629	805	812	858	880	883	903	
59	77	114	172	300	377	451	474	550	598	698	811	821	830	838	
60	186	243	265	310	461	470	486	584	634	653	681	716	748	753	
61	19	157	193	505	665	760	761	816	824	913	923	958	976	977	
62	1	40	93	149	169	250	284	326	392	435	440	480	503	607	
63	6	56	311	375	402	559	628	774	793	871	879	901	928	950	
64	94	241	388	502	618	631	775	835	855	859	886	898	911	925	
65	174	289	293	304	380	399	571	743	779	796	800	837	839	863	
66	87	102	295	353	356	358	466	538	596	677	769	850	897	900	
67	58	154	161	303	345	490	572	851	884	888	907	908	936	947	
68	127	145	184	214	264	292	299	583	585	674	680	701	870	891	
69	141	162	188	203	257	276	302	529	552	573	580	632	642	820	
70	217	224	263	696	713	754	770	784	921	937	945	953	968	974	

1	0	1	0	1	0	1	0	1	0	1	0	1	0	1	0	1	0	1	0	1	0	1	0	1	0	
1	0	0	1	0	1	0	1	0	1	0	1	0	0	1	1	0	1	0	1	0	1	0	1	0	1	
1	0	1	0	0	1	0	1	0	1	0	1	0	0	1	0	1	1	0	1	0	1	0	1	0	1	
1	0	1	0	1	0	0	1	0	1	0	1	0	0	1	0	1	0	1	1	0	1	0	1	0	1	
1	0	1	0	1	0	1	0	0	1	0	1	0	0	1	0	1	0	1	0	1	1	0	1	0	1	
1	0	1	0	1	0	1	0	1	0	0	1	0	0	1	0	1	0	1	0	1	0	1	1	0	1	
1	0	1	0	1	0	1	0	1	0	1	0	0	0	1	0	1	0	1	0	1	0	1	0	1	1	
0	1	0	1	0	1	0	1	0	1	0	1	0	1	0	1	0	1	0	1	0	1	0	1	0	1	
0	1	1	0	1	0	1	0	1	0	1	0	1	1	0	0	1	0	1	0	1	0	1	0	1	0	
0	1	0	1	1	0	1	0	1	0	1	0	1	1	0	1	0	0	1	0	1	0	1	0	1	0	
0	1	0	1	0	1	1	0	1	0	1	0	1	1	0	1	0	1	0	0	1	0	1	0	1	0	
0	1	0	1	0	1	0	1	1	0	1	0	1	1	0	1	0	1	0	1	0	0	1	0	1	0	
0	1	0	1	0	1	0	1	0	1	1	0	1	1	0	1	0	1	0	1	0	1	0	0	1	0	
0	1	0	1	0	1	0	1	0	1	0	1	1	1	0	1	0	1	0	1	0	1	0	1	0	0	
