980	70	100	14

9	2	970	659	900	357	43	187	96	534	829	
11	7	785	545	717	106	639	303	379	12	975	795	328	
10	7	769	872	175	864	219	752	530	431	736	680	
16	6	741	255	669	268	317	849	390	249	952	378	418	194	776	157	543	50	
10	6	392	321	763	141	67	839	623	824	425	905	
9	6	563	595	755	318	540	189	801	245	819	
10	7	494	123	465	87	166	855	696	695	354	143	
9	6	110	415	944	509	484	914	608	441	966	
7	3	761	330	119	964	74	156	453	
14	7	352	783	753	527	853	957	733	195	256	196	234	406	910	224	
9	2	44	367	858	547	878	28	901	818	928	
11	4	101	965	544	596	185	261	295	104	561	446	798	
11	5	408	490	158	42	826	903	742	772	570	4	972	
7	5	559	891	239	370	97	363	896	
7	5	553	422	977	70	764	201	312	
8	3	616	967	327	57	362	358	835	604	
8	6	828	889	229	711	126	448	332	978	
11	3	247	27	241	723	651	130	600	55	384	904	292	
10	6	874	10	218	654	771	560	474	602	216	198	
6	5	681	642	532	566	820	310	
8	5	569	32	90	169	144	603	634	483	
9	4	150	281	152	726	1	735	743	883	536	
13	5	620	682	747	48	520	948	796	641	71	714	77	750	285	
10	3	68	788	538	112	630	619	725	506	279	376	
10	5	387	366	804	812	91	458	866	514	521	26	
9	6	460	287	206	525	95	65	522	541	979	
10	4	859	361	385	37	272	917	732	678	715	915	
10	5	880	93	472	447	816	932	333	178	533	168	
10	4	83	513	882	86	275	340	221	672	25	708	
5	3	847	935	528	894	232	
5	1	640	618	478	283	401	
8	6	470	211	524	706	203	953	621	599	
7	2	609	837	951	652	131	132	946	
8	2	323	779	223	380	480	579	455	897	
10	6	313	656	160	885	805	751	252	350	588	961	
9	3	491	304	916	919	780	230	463	420	128	
15	5	14	159	171	746	432	918	125	147	840	469	856	598	572	758	980	
12	5	180	627	381	40	594	542	334	817	899	36	235	806	
8	5	468	718	383	647	873	974	930	172	
11	3	462	405	439	690	934	248	923	139	260	416	459	
12	4	345	909	830	510	766	423	734	605	49	414	673	968	
9	4	335	737	597	205	153	433	133	56	924	
10	7	888	63	773	838	912	713	781	503	887	98	
14	8	427	35	943	475	644	815	315	15	531	908	309	666	215	760	
11	4	497	339	278	79	60	404	637	767	519	188	552	
7	4	325	259	662	349	704	59	81	
8	4	284	969	698	336	501	33	9	863	
17	9	368	738	23	410	862	822	799	941	871	648	21	322	76	400	854	591	269	
10	7	296	671	62	834	270	555	136	265	677	18	
14	8	794	271	182	926	108	461	30	518	906	452	508	757	22	689	
17	9	583	674	756	161	181	499	539	200	567	573	291	246	633	337	614	846	464	
7	2	833	217	258	886	209	250	931	
9	6	359	257	848	251	294	266	638	214	438	
8	4	417	607	51	202	902	938	685	115	
10	3	870	589	548	956	419	601	592	47	302	590	
13	4	228	722	617	426	789	121	676	529	842	939	875	791	82	
13	8	655	694	19	353	24	895	504	670	142	700	38	556	177	
8	6	571	836	683	293	444	586	477	290	
14	5	386	860	813	267	942	476	72	898	814	479	316	668	138	365	
13	6	593	505	486	164	582	502	808	222	207	610	424	103	343	
8	2	457	113	454	703	692	52	721	557	
5	1	922	263	39	963	664	
7	3	445	955	844	686	300	428	802	
8	6	280	242	615	516	913	577	430	745	
11	7	8	393	204	613	372	347	262	877	729	786	512	
9	3	739	421	311	220	631	851	473	575	884	
17	6	186	324	823	165	140	237	395	857	344	960	869	124	635	699	429	92	481	
9	3	129	852	762	749	391	636	653	580	442	
14	8	54	437	507	850	495	117	179	360	973	369	34	348	958	109	
7	2	193	628	665	41	69	355	625	
11	5	213	517	893	402	661	515	66	233	89	61	409	
13	4	231	314	629	254	155	947	774	58	705	485	496	88	351	
8	5	626	305	809	550	146	342	105	413	
16	9	31	624	174	921	720	744	568	137	225	299	443	578	319	765	364	937	
6	5	7	658	411	768	709	134	
5	4	118	466	5	843	451	
9	6	663	693	650	253	308	612	199	881	587	
15	7	727	976	810	122	777	936	398	787	784	691	407	277	80	346	389	
12	5	127	377	148	450	20	551	111	274	373	356	803	821	
13	5	574	793	2	107	208	162	645	94	11	892	535	911	716	
10	5	945	950	488	489	329	558	482	375	564	920	
9	6	84	730	962	487	236	492	646	64	192	
5	2	145	728	933	264	724	
10	6	797	611	876	78	434	99	827	565	116	649	
5	4	151	13	622	276	697	
5	4	800	929	3	581	959	
5	2	562	731	403	792	500	
10	6	388	184	170	382	53	719	102	675	707	868	
10	5	298	949	867	825	46	471	667	289	163	449	
14	9	435	710	754	331	790	190	100	832	688	371	286	238	748	341	
12	4	493	154	811	927	397	297	925	701	176	75	890	584	
8	3	412	226	212	197	306	173	585	240	
6	1	831	456	523	841	775	17	
9	5	29	606	326	687	865	907	85	114	6	
4	4	210	702	394	712	
6	2	971	467	643	243	227	16	
14	6	307	191	632	657	498	120	183	320	73	288	576	338	807	436	
10	5	273	679	879	526	782	954	740	549	845	440	
6	2	399	940	167	770	282	861	
15	6	684	546	301	396	135	554	244	660	511	45	149	374	778	537	759	

1	118	127	231	247	352	427	616	727	761	797	831	870	880	888	
2	29	44	54	63	83	93	186	228	335	359	386	435	553	620	
3	68	284	408	437	470	497	640	663	722	737	783	859	860	874	
4	8	110	296	325	330	368	388	460	462	466	493	593	617	833	
5	27	101	180	213	313	367	426	494	559	684	738	741	769	788	
6	14	23	35	154	193	307	339	457	571	626	682	739	794	872	
7	113	123	145	159	257	298	387	399	491	546	574	655	681	710	
8	10	31	84	191	255	323	324	361	517	611	627	628	785	789	
9	217	366	377	385	412	472	562	583	609	632	669	693	694	773	
10	119	211	305	345	392	393	505	563	618	624	674	730	793	893	
11	184	226	268	278	405	415	507	823	858	876	922	945	962	971	
12	19	150	218	241	259	301	317	439	478	487	747	753	756	800	
13	7	129	171	174	273	589	657	754	804	847	849	909	943	944	
14	331	410	513	524	595	746	830	935	950	964	965	969	970	976	
15	258	390	396	417	432	447	527	545	659	671	690	706	790	837	
16	175	203	263	281	353	445	510	606	650	731	810	811	836	850	
17	48	190	304	486	656	679	766	852	864	900	921	934	949	967	
18	37	161	249	280	314	475	544	662	665	728	879	918	951	955	
19	39	122	165	170	321	357	381	421	548	597	642	658	755	762	
20	5	24	40	121	164	181	456	520	547	749	848	862	882	927	
21	41	125	135	152	210	242	251	253	326	382	465	490	499	676	
22	87	100	140	204	248	272	422	454	468	594	596	687	763	822	
23	78	219	237	349	526	569	644	698	726	779	844	867	916	917	
24	69	271	311	336	532	539	629	654	720	723	777	919	933	952	
25	62	141	148	158	182	236	318	529	651	718	812	828	838	853	
26	42	130	254	383	492	498	509	540	613	744	813	825	832	834	
27	355	395	467	717	771	780	842	889	895	912	923	936	940	956	
28	32	120	139	220	229	267	270	372	450	568	600	625	815	816	
29	2	20	91	185	212	223	402	434	504	528	554	582	643	683	
30	197	200	287	327	378	397	538	631	652	782	799	843	932	948	
31	86	155	297	380	495	752	796	891	926	941	942	954	957	963	
32	117	137	151	260	398	566	713	732	826	857	871	939	947	953	
33	99	106	112	225	239	308	333	391	560	567	670	688	903	925	
34	46	55	67	108	205	344	419	458	474	488	615	636	639	647	
35	167	275	293	294	303	306	476	484	551	555	702	711	733	742	
36	1	261	266	340	370	423	607	653	772	809	820	873	878	886	
37	51	72	79	131	136	179	195	299	347	471	501	573	580	641	
38	13	53	60	90	126	178	202	206	244	371	384	442	443	489	
39	57	97	256	286	291	360	379	404	451	660	661	701	781	866	
40	173	246	283	418	461	525	570	578	602	622	637	787	902	914	
41	30	43	107	142	153	194	230	238	315	542	630	648	719	734	
42	15	33	183	187	208	243	334	411	463	515	550	601	621	633	
43	12	66	102	111	146	162	189	320	337	480	516	592	664	703	
44	233	262	274	329	502	511	645	770	776	960	973	974	975	977	
45	21	73	160	166	169	221	362	416	518	531	558	612	667	692	
46	132	196	288	289	319	322	394	482	774	808	855	877	898	913	
47	45	52	70	216	403	433	523	605	608	638	735	784	814	938	
48	47	95	199	265	479	585	614	646	675	696	743	817	869	875	
49	49	74	76	96	533	576	577	579	677	678	841	865	885	906	
50	71	133	147	373	400	455	685	695	700	740	748	765	792	805	
51	9	65	94	144	149	163	420	444	534	619	707	721	907	908	
52	209	309	414	503	603	686	704	714	729	767	791	801	929	930	
53	28	64	124	157	338	530	549	634	715	775	827	840	887	899	
54	11	77	227	302	369	374	375	448	452	459	565	725	795	845	
55	16	58	176	234	240	276	295	469	483	508	599	666	691	751	
56	3	17	104	168	250	358	406	514	519	557	590	705	764	778	
57	38	56	89	115	222	407	543	786	835	839	846	851	856	901	
58	59	61	277	300	310	332	354	430	449	473	506	522	556	623	
59	75	82	156	192	207	215	364	512	521	561	712	750	757	768	
60	80	85	143	214	264	328	431	446	485	537	598	709	818	868	
61	34	316	440	541	564	586	635	672	829	881	883	890	897	904	
62	252	348	464	496	584	610	668	673	697	699	745	854	892	924	
63	128	138	177	201	350	356	409	424	428	429	535	572	604	759	
64	36	98	103	134	188	282	477	500	575	587	588	736	802	803	
65	4	25	81	285	290	343	346	591	758	807	824	915	931	968	
66	88	92	114	235	245	342	365	401	425	438	441	536	581	680	
67	22	26	50	105	312	341	363	389	760	863	959	978	979	980	
68	116	279	292	351	413	436	689	724	821	884	896	910	911	946	
69	198	453	481	552	708	894	905	920	928	937	958	961	966	972	
70	6	18	109	172	224	232	269	376	649	716	798	806	819	861	

1	0	1	0	1	0	1	0	1	0	1	0	1	0	1	0	1	0	1	0	1	0	1	0	1	0	
1	0	0	1	0	1	0	1	0	1	0	1	0	0	1	1	0	1	0	1	0	1	0	1	0	1	
1	0	1	0	0	1	0	1	0	1	0	1	0	0	1	0	1	1	0	1	0	1	0	1	0	1	
1	0	1	0	1	0	0	1	0	1	0	1	0	0	1	0	1	0	1	1	0	1	0	1	0	1	
1	0	1	0	1	0	1	0	0	1	0	1	0	0	1	0	1	0	1	0	1	1	0	1	0	1	
1	0	1	0	1	0	1	0	1	0	0	1	0	0	1	0	1	0	1	0	1	0	1	1	0	1	
1	0	1	0	1	0	1	0	1	0	1	0	0	0	1	0	1	0	1	0	1	0	1	0	1	1	
0	1	0	1	0	1	0	1	0	1	0	1	0	1	0	1	0	1	0	1	0	1	0	1	0	1	
0	1	1	0	1	0	1	0	1	0	1	0	1	1	0	0	1	0	1	0	1	0	1	0	1	0	
0	1	0	1	1	0	1	0	1	0	1	0	1	1	0	1	0	0	1	0	1	0	1	0	1	0	
0	1	0	1	0	1	1	0	1	0	1	0	1	1	0	1	0	1	0	0	1	0	1	0	1	0	
0	1	0	1	0	1	0	1	1	0	1	0	1	1	0	1	0	1	0	1	0	0	1	0	1	0	
0	1	0	1	0	1	0	1	0	1	1	0	1	1	0	1	0	1	0	1	0	1	0	0	1	0	
0	1	0	1	0	1	0	1	0	1	0	1	1	1	0	1	0	1	0	1	0	1	0	1	0	0	
