4320	270	300	16

14	9	598	3461	1362	3829	1713	3880	1721	2160	887	1350	2695	1697	3210	4102	
18	10	421	3034	588	2057	2903	781	4247	1480	2436	2018	2817	2457	435	1802	1586	1991	3402	2865	
18	10	3069	3901	1747	90	2410	1232	3544	3981	1654	1873	2214	2728	3627	1724	2544	3487	3792	3144	
12	8	3489	1398	2539	3822	2927	2646	3939	1585	847	3409	940	1161	
12	4	2340	3125	915	3471	3765	240	861	3077	1213	1840	2352	1291	
12	5	1652	63	3691	2960	2400	673	897	1578	2058	1934	210	987	
13	6	1031	2582	3518	2446	2999	4174	3634	2335	231	4297	3647	4187	1179	
15	9	5	1965	782	4135	686	3066	292	1422	1894	3624	906	1633	666	3380	1874	
12	6	159	2119	2115	202	3129	487	153	234	741	2221	16	1755	
16	6	815	68	3115	4226	1615	3857	2441	3871	1954	3530	2501	2321	515	1923	2100	980	
19	10	146	1806	3600	1989	3196	277	1681	2726	312	3272	1325	2129	3226	3840	2608	272	3123	2962	3937	
16	9	855	3277	275	2671	2239	1576	1818	1962	1092	4315	927	2941	870	118	2315	534	
20	12	799	1963	3055	1272	1068	1218	255	3167	974	331	59	1109	3844	3938	3278	3552	180	2157	181	3742	
20	10	1174	3089	2911	1340	3415	2128	553	2767	1187	3650	925	249	402	1520	3369	99	2773	3332	1825	1632	
13	6	3958	2804	3620	1210	3479	3330	2524	3126	1151	2198	2445	1389	2679	
21	11	3917	354	2161	864	2512	4075	2857	1474	337	3074	2112	2955	3483	2455	3942	28	507	296	3632	1714	912	
10	3	463	460	3147	2454	119	1080	2886	3758	212	2873	
12	7	2282	1217	4283	529	752	4046	2532	3729	620	3440	2536	462	
10	6	1005	1902	279	1323	3341	246	862	1050	2535	2388	
11	6	928	259	509	4281	4236	2215	1772	480	1518	448	1021	
10	3	911	3059	247	2656	387	350	1317	976	4273	3447	
17	7	3070	2304	2443	4045	1431	798	467	2594	1103	1367	3834	1360	3101	3063	3381	2299	1483	
11	4	1064	2611	2961	3022	1251	3293	796	646	3740	3756	2905	
22	12	1808	737	2685	1250	1099	1322	3121	134	1794	1725	2174	2622	1687	1790	370	2860	3480	1558	913	3676	2966	776	
18	8	3599	3682	1108	476	2139	599	94	208	211	664	474	4122	1948	2884	1002	541	461	164	
17	10	1728	34	2701	3413	3621	3458	2976	139	1812	2805	2267	1030	1467	3983	1877	1890	2944	
10	3	2575	4029	4110	3469	2677	1404	616	2698	2846	3352	
22	13	4202	3403	436	193	3037	2828	1243	3525	1352	2831	1909	1542	3135	2725	2529	3990	4134	2022	1524	1579	334	554	
21	11	849	1970	2452	919	1661	81	517	3738	2692	730	3665	2748	9	3422	2462	3104	3391	1136	3532	3747	1142	
13	7	660	1034	2054	4240	2092	1622	1047	530	3180	3582	451	3302	1959	
12	5	981	3497	1148	4082	2325	1602	833	811	1336	3452	4148	3491	
11	3	3472	86	3732	1396	878	3680	2043	1926	3347	2349	175	
14	6	1107	559	1016	3427	3574	413	3867	4024	3889	2584	1700	2734	3410	3270	
12	8	3596	3117	4163	3519	396	496	3265	3002	1290	3092	3486	2392	
16	10	757	1547	4114	4153	1383	543	3991	2000	748	1077	3492	3757	1521	2730	4015	258	
11	3	1220	2895	311	2995	2366	3659	1589	3355	2934	3249	1740	
8	2	320	3502	865	3075	4132	1915	2549	3721	
8	2	4233	1167	2291	1943	729	1641	2888	313	
18	9	787	360	1922	2390	519	3994	2013	224	3203	3304	2183	2543	1141	632	3339	3879	3498	2963	
17	6	584	3317	2403	108	1950	2418	2050	571	4060	2917	3108	562	2693	3727	1609	172	2355	
11	5	1694	3375	220	1444	644	3588	647	2067	542	821	1127	
18	8	814	2850	2814	3771	3235	2263	2213	3669	761	4238	1976	3417	769	908	3060	23	2710	1996	
14	5	4231	1865	2531	3038	1295	280	1880	1481	784	552	3112	3638	1215	2300	
14	8	425	2660	2982	1643	1918	3543	2006	1561	3396	138	3274	2880	2659	3343	
14	5	535	3521	2253	1563	453	3260	668	4198	3866	2643	3605	4191	4282	3047	
13	4	41	2008	4067	2785	4182	3212	1658	3719	2265	2921	1191	3657	203	
13	8	703	2819	3720	3351	1276	2590	3259	3429	561	4256	1374	3119	2025	
15	8	4118	3187	3645	314	3949	361	1278	2419	2151	2091	2670	1872	1274	4090	363	
13	8	2208	195	3745	2268	2130	873	1735	4237	3602	2983	1458	1968	575	
12	5	4077	1973	2624	339	1525	233	366	3035	1842	3892	586	3598	
9	2	2134	763	3412	736	4288	262	1275	3594	1009	
13	7	4258	2164	2308	633	638	2148	3784	1048	3697	3430	140	1239	4199	
13	7	2170	3922	3493	576	751	3073	3787	2483	494	3083	3174	3774	4203	
16	10	818	2437	2651	4208	2243	2641	3363	3703	3158	3132	1932	957	1827	3909	3372	3045	
12	6	2899	2569	3869	502	727	1860	2264	2869	2453	2061	2082	828	
16	10	1924	1951	3245	3707	152	1739	1761	1503	2851	1960	1235	705	3759	947	2324	3710	
19	7	367	735	4306	1703	1530	3252	4165	1326	1470	786	1086	2261	4091	1885	4044	3257	3823	916	2339	
17	9	537	3583	1204	4250	1186	1130	2481	547	2627	2295	3175	630	1610	3865	1394	771	3316	
11	4	1730	3205	492	2950	3333	1412	110	4	1848	995	62	
24	14	2562	3764	648	3763	3825	4252	328	131	2316	574	597	1793	792	2936	472	732	1346	1265	291	3362	4207	1815	3535	2803	
14	7	4123	267	4124	3477	2998	1478	2589	2882	756	2274	3018	2574	3550	2900	
10	4	1875	3888	788	691	1785	2957	2623	205	2717	3361	
20	12	1433	2718	2172	3644	1125	1263	662	3064	56	3616	2168	3094	2852	2738	3873	1042	2179	2694	3772	636	
17	10	4161	2854	2360	2967	40	4099	3411	349	3751	3459	1618	1696	126	4160	1139	3806	642	
20	11	1623	232	1940	1791	3734	3107	149	661	3444	3808	3722	4308	803	2521	525	1726	4071	512	2135	1937	
16	6	720	380	938	2479	2786	3290	3780	3617	4103	2548	4053	1883	1628	3507	566	2090	
10	5	2525	2522	4048	1173	8	1748	4158	427	699	1919	
15	7	4005	3432	3082	1828	2166	466	3843	1990	1318	4304	4012	2060	2117	1717	308	
15	6	3079	2765	1088	2345	1419	3195	1878	204	2406	112	1819	1144	1328	3872	3709	
12	8	2068	2137	121	1316	1750	60	4020	2808	719	1775	170	44	
10	6	3127	2189	1567	3545	1498	3589	2668	1133	2613	3096	
19	9	942	3207	1462	4313	3023	216	1061	4241	3451	3918	2451	2468	1914	2485	375	892	3606	4061	2206	
17	6	2829	1195	1592	888	1073	937	2615	222	3051	1811	2363	2341	1509	1039	3978	457	4230	
13	7	3239	2470	3281	135	4171	3815	1501	2310	3838	2711	4106	3	1711	
14	7	417	2113	1247	353	946	1244	206	3378	4268	688	2266	778	1299	986	
16	10	3702	3395	533	3081	2138	1083	1736	2426	1634	4021	1432	2727	2915	1104	3019	2784	
10	3	3465	4312	1303	1253	1202	419	718	4120	773	3809	
13	7	649	3198	1776	2733	3095	840	1611	2901	1440	2528	24	1528	2914	
11	6	4027	3860	1131	3814	268	2143	1496	3356	2222	1758	479	
16	10	274	1903	1916	2864	1058	298	3775	2779	1617	1165	3276	770	867	3284	450	3217	
9	4	2319	1906	2442	1629	3436	3945	560	3193	1893	
14	7	2583	3929	3817	3523	1941	2533	1774	482	2894	2371	2224	1392	4309	1166	
13	7	1010	3538	2435	2412	1698	3424	1140	557	755	3242	858	2256	2227	
10	3	2465	2330	1435	898	2088	1164	1704	4126	171	2009	
11	4	2602	4170	3289	3170	3017	2970	392	1780	245	1577	1648	
7	3	3301	1598	254	3696	881	394	3230	
14	7	32	3972	3376	2919	4129	1003	2032	1829	701	2587	1900	1054	414	1766	
11	4	4228	654	4072	791	3076	2645	580	3712	2156	3673	1285	
20	10	1824	3558	895	2065	653	266	2023	1249	2751	1830	2281	832	3527	3329	1025	2791	1248	2845	2150	2912	
20	8	3551	1531	2925	3118	1070	1238	4083	4058	109	2948	710	3258	1455	2144	1192	830	2497	3462	3358	2064	
14	9	285	3201	26	1801	640	3604	501	1753	2159	1907	2415	1612	75	2369	
12	7	1912	1892	405	3340	936	1283	3749	1656	672	253	1822	3717	
14	8	2104	3446	4085	3285	4002	1855	77	4195	488	1409	369	4014	3032	3182	
15	8	4112	1268	2035	4209	3752	592	2792	383	1069	3584	3088	3915	484	2704	4145	
14	5	3488	1979	745	2578	3656	3268	3695	3029	2045	1692	111	4146	2686	178	
16	7	3528	2896	595	1881	39	4223	3106	2417	1792	2063	2977	4079	3161	1587	3218	3025	
16	6	2076	2601	722	1332	2203	2918	3651	2696	3951	1324	3003	2697	3876	156	3130	186	
12	8	2639	1901	3741	1690	2746	3464	2245	3229	2547	3646	4141	1321	
12	4	1122	1418	3743	3995	886	585	2140	968	58	581	478	4189	
11	7	2275	2101	3433	1614	4214	3247	4210	2175	123	731	3786	
7	3	2735	61	3394	2561	2053	1691	4244	
14	8	3292	2495	1854	2874	167	1616	1986	452	1448	2780	1307	744	378	3755	
17	8	2949	3529	2500	69	3689	3796	82	1267	2387	194	12	4194	1917	2178	3631	3587	4028	
17	8	3794	3505	2249	3271	2858	1245	3967	1366	2795	1944	1361	3935	1013	923	1037	3921	3891	
14	6	3615	283	3693	270	3404	2720	3635	4303	3296	471	2482	753	3365	3997	
21	9	2401	1939	4073	665	1475	4025	1630	2280	4156	1771	357	3024	2338	2260	868	601	876	2823	3188	2910	3785	
15	8	1651	1223	3324	2724	1312	2600	1380	1466	3993	3152	251	3062	446	998	2514	
17	10	1964	624	3162	3071	1257	1423	2059	1673	1015	3043	3798	1764	4100	3136	3830	2303	3310	
22	9	1929	3253	2255	1947	2577	3145	1517	716	3244	3626	1552	2783	513	2374	2333	2116	1379	1548	1067	1807	2800	4055	
19	11	977	4295	3368	3601	3698	820	3103	1395	558	910	73	3800	2344	1482	3609	1649	4154	2669	2347	
17	7	1087	3733	1868	85	4023	3708	2889	853	416	4016	848	3093	3537	4108	978	1756	3531	
13	7	2011	3533	3262	2558	952	926	1971	3020	3238	4006	4017	2123	3048	
16	7	1381	917	1921	2010	4064	389	1910	3853	1457	1712	590	2294	2595	2004	2843	3953	
11	7	3463	750	521	2662	445	3849	1051	1065	1319	4088	1549	
14	8	2404	1302	3563	3057	854	1029	655	3547	2069	3036	2992	3021	3628	4078	
19	10	3039	2830	1032	3401	1143	3204	4289	2913	499	2920	3005	1114	1876	2849	2811	3803	1992	3716	3804	
14	9	2709	2216	19	3570	2822	2552	65	2875	3133	2285	21	550	1101	676	
13	5	899	3011	3323	1126	346	2003	1638	3297	3098	3613	1809	2847	3473	
15	9	1493	2408	3944	2929	3831	3581	2365	160	2989	1465	4050	2429	1522	3652	1689	
15	8	545	1477	2098	593	2105	362	1494	3592	920	2825	3184	3338	3313	834	2687	
17	9	7	768	3348	2162	3899	2312	1804	215	2488	3816	3014	35	485	2122	3209	411	3510	
18	9	459	982	1799	335	477	1671	47	1428	1430	1	1330	824	4212	365	650	103	2571	2228	
17	8	226	4152	439	4144	993	422	2542	323	248	2254	3768	3968	1410	3448	1320	3116	454	
9	3	3177	1181	3183	3848	3294	2550	2259	2055	1353	
13	4	2742	2891	772	1897	1767	45	4270	2508	996	1079	817	2798	2935	
15	9	3685	3385	374	4010	663	3846	1273	2320	819	1693	2191	1314	3146	614	412	
23	13	2994	697	2705	465	2956	3655	289	3387	965	3321	2526	129	2678	2887	403	1310	1468	2238	4222	3219	4278	4001	2706	
17	6	1931	3406	319	1158	4263	3156	2097	10	2397	2425	1820	3893	3490	3482	2974	3261	1348	
15	9	4070	2377	4274	53	2980	2618	2192	2764	449	1072	627	2458	3366	1727	4265	
11	6	2450	4299	3568	1254	1993	544	2052	2534	852	2356	1112	
8	4	2672	2378	2289	3068	2480	3753	1063	3975	
13	5	994	1983	643	2489	2182	708	901	2463	3425	2197	166	1443	2763	
16	8	2931	2478	3455	4111	3084	4097	2346	2490	2653	198	2775	816	3110	3833	3131	2943	
10	6	3388	1311	651	3724	2973	2975	1688	1222	3629	4320	
15	9	3662	569	1012	3925	43	2318	1469	3526	3996	564	4030	1803	2036	4267	4277	
17	10	2396	2519	250	1677	3725	1188	3232	3199	1782	2277	4262	3637	4179	371	244	1441	3630	
11	3	1359	145	1737	4294	87	2212	3397	3832	1277	3622	102	
16	10	677	3907	3904	4116	2511	2075	1214	2682	1606	2729	4211	3004	1091	3475	2932	3614	
15	5	3072	3421	2028	3377	2689	2789	4287	1778	2790	675	1026	1942	1439	2655	3674	
11	7	2991	785	844	3585	4133	338	2176	2634	4292	2741	1490	
12	8	264	2821	3164	3924	114	2146	4173	2473	3837	1533	242	2154	
11	4	429	1190	2152	2042	524	3214	1584	1472	612	1984	1678	
11	6	3681	2560	2527	3367	3731	2173	2835	746	700	1484	1097	
11	3	3371	2855	605	2881	3960	2386	2902	1980	122	2108	4253	
17	7	64	1096	742	100	831	689	1502	3818	1102	1861	1212	2688	1138	877	2715	984	2585	
18	11	4151	2080	2471	2787	261	1856	4007	1489	1532	228	3998	565	2286	42	1369	1732	3216	863	
12	8	3416	1463	1306	130	790	3982	503	2859	213	3649	3046	3200	
13	6	684	1006	3026	2777	733	2226	3577	3139	3940	3988	3791	3191	1684	
11	3	1036	1071	3542	3906	1545	489	2743	623	3898	307	3113	
12	4	943	2372	1033	3883	941	3977	4066	972	1152	1741	3824	4101	
13	8	158	2654	1850	3370	27	2411	1084	2079	300	510	1595	2885	2193	
15	7	1488	2072	4291	3677	25	1199	1286	4059	3420	4227	3723	2351	573	671	2200	
12	8	1655	1927	2799	1665	2323	4255	4257	1342	3080	613	3509	230	
16	6	2373	3221	443	1155	2306	1163	589	1994	511	2813	4176	645	850	2472	2362	3618	
18	7	3120	2145	95	838	1281	2389	1095	456	72	265	3593	2136	3453	2120	3805	468	344	2868	
13	4	551	287	269	2001	783	1570	2866	299	2564	950	3612	2691	125	
16	8	1887	3056	3955	2797	3735	2540	2169	2434	2421	236	1200	1836	2007	3886	1788	1975	
18	7	2867	1113	3470	2760	1169	929	2661	3936	2171	800	3748	2248	2110	4076	2614	88	1601	2158	
13	5	2229	802	3206	2420	1998	1333	2568	2617	388	596	2381	3159	2610	
10	4	1559	2492	2815	1546	2794	165	538	709	2546	2650	
9	2	1866	3030	572	348	4109	3157	2211	30	1110	
12	5	1995	1710	721	3241	225	2690	409	2270	1514	2647	1246	4140	
14	9	1997	2181	434	2029	1445	4188	2204	329	2251	4043	3300	4054	1551	1461	
12	8	2278	2409	1627	1221	2923	183	3086	1534	3091	1946	4149	759	
17	6	631	860	1497	3327	4008	3342	2579	1298	1329	3012	2210	437	1399	4022	969	1543	1327	
11	7	1557	1437	243	3611	3142	2740	2713	3008	1343	2041	3706	
21	10	3579	4095	843	304	3653	3053	2233	3571	2486	4245	3437	1476	3895	315	1282	2447	3054	1132	2407	3283	1237	
16	10	2778	2862	2837	157	2106	2399	1562	591	659	2510	3456	3041	1624	3927	3504	14	
13	8	3099	1685	1211	455	3516	3920	2037	1749	3586	966	3331	173	3962	
24	11	3795	4049	857	3690	779	4181	4190	1406	997	702	531	238	765	54	3941	74	1540	1699	1571	169	132	1456	2750	3828	
14	5	2984	3466	3514	2504	2440	483	2368	3678	4284	1168	2030	2700	2626	342	
8	5	1957	3028	464	1024	3211	3928	2459	2758	
12	6	2747	4293	696	3878	4305	2664	2744	2439	1555	384	2625	1453	
16	10	2393	1338	2565	740	2111	3956	1515	2231	351	1707	3874	432	1116	3306	2676	2628	
20	11	1969	4034	3171	2383	89	1777	1945	3578	804	4125	2723	2302	3679	3495	749	4155	3478	1259	4138	2343	
9	3	1674	2109	2220	973	2207	2619	1583	678	326	
11	6	3777	2290	3134	2287	3315	3016	3564	4041	1287	1375	1507	
14	8	3097	2367	992	1228	3408	345	1415	1292	522	3980	4104	2827	1182	2893	
10	5	2350	715	723	3754	2988	3986	3337	1363	2031	1888	
16	10	2666	1956	3910	641	1928	954	33	3554	1613	1004	1421	2987	2370	3821	955	1495	
16	10	2871	2423	470	1813	1541	3666	2507	1337	1716	3859	428	2219	2258	2359	295	2250	
14	6	1908	990	4113	1184	3454	508	1429	579	1798	1506	2509	1680	2530	1000	
14	8	3930	2877	4264	2816	4159	3778	951	3597	1351	3141	3950	372	1845	390	
15	7	1683	669	137	3575	1895	2681	528	4080	2476	2012	1573	1849	2576	953	2431	
11	6	3711	1581	2605	2801	3854	711	1020	1795	3044	317	3559	
18	7	3474	4319	1847	1157	3335	985	3250	2772	1335	3539	3905	117	1985	4031	46	2768	2066	841	
18	8	3932	3660	546	1451	3122	1296	2971	1913	963	3641	625	3124	3534	3565	2930	1891	1640	4318	
14	8	3625	418	1207	2990	3943	516	101	3782	481	83	227	3500	1438	3648	
21	8	3863	4003	3562	1773	155	2051	2357	2842	902	4276	3987	3820	608	2024	1786	3672	2909	1662	4192	2637	302	
10	4	526	656	1414	4185	2002	582	2240	2188	3382	2753	
18	8	1659	1269	4271	2456	2762	106	3783	3269	2247	4279	3155	1365	2093	2354	2538	3350	1838	1839	
18	10	143	3227	1203	4169	3384	3715	2199	107	3661	1539	256	621	3694	1682	1354	1779	2520	717	
14	7	3549	2141	2398	3137	3730	133	4063	2121	1485	4162	4307	31	4266	1442	
10	5	2196	4310	4081	604	278	2839	3236	2702	51	2537	
20	12	2979	1149	3699	2897	3726	1271	2588	4317	1402	4197	3168	322	184	1043	2985	2505	1262	1952	3031	2235	
16	6	3172	2838	241	469	4094	504	3560	2607	1904	1734	3802	3789	1364	142	3190	896	
18	11	626	4193	3739	373	687	939	495	4184	4052	1869	1134	3007	1487	2806	4062	92	2296	893	
11	7	1206	1742	2039	2545	2732	2177	842	1436	1123	514	2964	
15	5	401	2810	190	1796	400	4098	192	3999	2185	1120	1650	3163	3737	174	493	
14	7	1241	1500	1384	2298	1194	3790	3243	128	909	3015	1760	2132	3567	1620	
11	4	3781	2502	2337	835	2640	1899	1575	1388	3240	3684	294	
11	4	2099	1424	1176	1344	1743	1597	3911	93	827	341	2142	
16	9	333	2755	3875	3441	810	2332	4168	150	2853	3914	2167	1119	568	1647	3536	2234	
18	9	3608	1209	3902	1121	1709	498	3383	3619	1843	3414	2246	2223	1305	3969	4019	1833	2834	38	
6	4	218	4068	4037	1844	3811	1635	
11	3	2038	3561	4178	2731	3263	1763	1022	4056	2863	2722	1017	
19	7	1196	2125	3861	290	2665	1744	3373	2394	3435	2005	1270	1826	989	303	1370	1851	3154	1085	235	
15	8	3109	1279	1038	3776	2620	343	3750	2667	1686	879	2384	4033	3009	1859	1416	
13	8	4042	2313	18	3885	440	179	1385	4137	3389	728	2375	4039	2074	
10	3	1260	839	2358	1308	1052	2475	1413	4009	1670	3989	
19	8	3344	4204	3501	3192	1955	2084	3773	325	2020	3882	2904	1089	826	2993	3643	48	2021	924	4205	
15	5	1373	2942	3810	3237	368	2612	607	3393	600	4036	1810	276	1722	789	3248	
12	8	4316	680	523	2770	2422	2276	2719	3736	2503	3111	2353	1821	
14	5	3541	1349	2518	602	935	2556	1027	3392	3166	1289	4136	433	2438	1519	
14	5	197	780	767	2016	2754	1718	2890	1787	2331	2149	3222	829	113	3812	
19	8	1397	79	3548	2940	4011	1447	3398	3308	1783	1605	1280	1695	1128	3143	3877	706	3923	3374	1572	
12	6	444	91	3279	447	3085	3642	3639	3439	3897	2675	199	4121	
9	5	2833	1896	3520	713	1219	1596	4119	209	1137	
10	5	2317	2089	37	3852	3445	3973	4018	1331	2633	2014	
12	8	2491	288	2048	3553	2301	1408	3298	801	15	399	3419	1564	
14	9	2327	505	2131	549	999	3468	189	4280	1607	2466	257	3314	3508	1345	
15	7	518	1177	859	2567	475	2684	3770	2165	1505	3354	2086	491	20	78	1153	
22	9	1784	634	124	1746	1233	1266	1055	903	408	2954	3569	1240	2180	2938	3100	2062	2073	4196	3807	760	3027	3974	
18	7	4296	1905	3827	1977	1642	2878	3517	1334	3345	3405	1460	49	1301	822	1405	3286	1574	336	
11	4	310	2096	1390	1752	1972	1226	930	3573	3919	3485	168	
20	10	4115	3908	4260	1644	1603	975	606	306	2714	1115	4213	70	2153	1147	805	1057	4096	1769	1814	196	
17	9	3868	3418	918	2314	4175	4215	2506	610	1529	1645	3964	883	2107	1631	127	670	1593	
12	4	2413	188	3160	3912	2271	2493	1001	3197	2078	4004	3580	945	
15	9	3496	1008	3179	1417	3360	1668	1459	2553	2515	4183	1733	900	3952	682	3450	
19	10	890	4065	3540	1049	1504	2147	1236	1715	3836	1864	3173	1846	3328	3903	3255	2402	1154	148	1180	
12	5	3779	2293	2870	2972	1569	683	3884	1124	1884	2376	4234	2017	
22	13	407	1702	808	327	57	4143	1759	555	2033	356	3153	3353	4147	532	1425	3761	3957	823	1625	3050	1060	3431	
14	5	3841	1657	3704	4242	1028	774	424	618	1053	3312	2015	3176	1293	1516	
13	6	2244	948	2555	1751	1554	1879	2380	3303	1076	2311	2739	2283	2272	
20	10	845	3484	4105	3428	136	617	3687	1446	2630	1705	1082	2986	3346	151	3067	961	1035	2981	1966	1234	
15	6	430	2083	3683	3855	3976	2232	4026	635	2861	2047	2603	1376	2516	3325	3457	
13	4	3700	3423	2194	3189	3234	958	1831	219	639	3959	2342	281	1663	
17	6	3714	3870	2757	201	1145	358	252	3826	3052	2205	1857	1135	3947	2209	2046	2026	4243	
13	4	3494	609	2841	1426	2498	4177	293	3769	2070	286	2636	3503	2708	
17	9	3194	1568	2405	764	967	1672	3890	2187	2649	2566	3399	3295	2916	563	3900	1745	3842	
19	7	3213	2752	4218	2766	3718	793	3010	4117	1511	629	707	1537	2876	2133	2721	944	359	187	681	
16	7	3151	1198	2461	806	2433	4089	3623	3280	1608	2683	2102	1967	3426	1708	3971	1339	
14	6	377	3307	3282	3390	4038	856	2279	1938	4142	2652	2087	3668	1556	1729	
12	6	284	4040	3208	1150	4166	1117	983	3215	1255	3963	1588	1835	
14	7	2334	2469	1636	809	2230	415	1486	301	2906	1781	2840	1162	754	3847	
19	9	3320	4032	2699	615	2202	3992	4180	163	2225	2996	309	4186	2769	971	1988	52	4311	391	13	
9	2	386	3835	988	875	2523	527	2217	1454	2449	
9	2	907	3267	3590	1387	1400	2379	2034	1768	3231	
15	9	1701	154	4087	3326	1018	1566	506	2464	2499	738	4150	397	964	4130	207	
12	6	837	2573	104	22	2596	2933	619	2782	2477	1930	4172	1046	
12	7	2680	2201	2658	4300	3524	1261	2968	724	3336	2019	1920	2	
17	7	3948	4254	3001	3566	4035	3636	874	147	2898	1535	2305	4206	1062	458	3185	1294	931	
11	6	473	1224	1256	1765	29	332	2939	3965	2593	2604	3667	
15	7	4302	2946	932	959	1371	1935	3961	98	3013	2749	1770	3165	4086	2190	1953	
16	6	1111	441	1653	1193	1066	2056	3858	1599	1403	2114	3744	497	1011	2428	2269	3000	
16	7	1106	3701	1393	2329	305	3364	2432	2513	1949	1852	1205	1523	438	2309	3522	637	
23	12	2879	1341	570	3334	3760	4069	3894	4261	3512	3916	2416	1355	2580	889	1886	2218	395	4107	115	2959	1837	1023	1582	
14	8	1853	1911	2127	2802	2049	1129	2824	3090	1382	2809	1378	2657	71	1309	
18	8	2494	3033	3572	3178	2124	2563	3357	1676	1982	141	2448	50	2756	2559	2307	894	1720	2336	
12	6	2774	120	871	4000	577	1882	921	1679	1513	1754	1675	1098	
15	5	794	1170	3555	3850	2581	2951	1719	1550	2496	4219	1178	960	2273	3851	385	
9	2	2737	1706	695	2570	4074	3819	2761	2427	3881	
11	5	914	698	1105	1999	734	2551	273	1045	4249	2892	2818	
13	6	1660	1452	4217	4157	3273	1797	393	2953	1044	1464	1508	3186	1252	
17	9	1258	1019	364	2759	2467	2788	1590	3713	500	2736	84	2040	3970	3595	2444	3266	3557	
14	8	622	846	1007	1056	3264	3058	2077	431	116	3148	4092	1201	869	214	
10	6	3670	567	3984	1669	1594	775	1491	2745	807	2430	
11	7	4164	3896	4051	4139	2958	2284	3291	4221	161	539	658	
16	6	217	3434	97	3006	949	2836	1189	3799	260	812	3042	1646	956	1401	3576	1078	
16	9	3254	1175	398	2997	1090	1356	813	1816	96	1871	1450	177	2673	2591	2674	3311	
14	9	3149	578	3801	777	200	1832	1898	3954	1347	866	1315	2241	442	611	
12	5	426	4269	4220	1304	2364	4251	3658	667	3386	237	1197	1014	
17	8	3181	4084	1156	2126	1225	1544	3061	1619	352	694	3288	105	3359	3705	1242	1738	3728	
21	9	1473	726	1834	3150	2027	3546	1565	880	1227	2969	1100	2820	587	347	2044	1264	3675	3813	4246	3251	583	
16	7	2414	3591	970	922	1074	2326	382	1974	2598	3319	747	885	2771	355	3793	1391	
18	10	2424	2257	1858	1229	3933	2288	3788	1512	712	3078	3966	2924	3633	4225	2642	2155	2395	3438	
14	8	2812	2663	3686	282	1560	490	4290	3556	221	3087	486	762	1040	1159	
12	6	933	1407	1538	3887	1449	536	1553	3322	766	1621	144	690	
11	6	4285	2609	4239	1757	297	229	11	4128	1925	3407	318	
12	5	3233	3640	2382	3839	3275	3913	1059	2297	182	2460	3114	2118	
14	6	2947	2644	1981	3379	2103	1284	4314	4248	1094	176	2629	2716	1731	3481	
11	4	3746	3223	3442	223	1600	316	3607	2484	3862	1604	263	
15	5	1961	2597	1231	2606	1639	4127	2487	652	185	2908	2937	1978	1667	3065	4272	
16	10	884	3225	1536	1867	2832	1987	271	3467	1933	3140	2922	2616	891	2621	3220	905	
14	9	3287	4229	3476	4224	3692	80	76	2236	2707	3654	1041	3603	3985	3797	
10	6	3460	758	743	3506	1297	594	1093	2978	4298	1377	
16	6	1372	1863	2826	2776	3309	1510	2872	825	1762	2856	2781	520	2242	2928	2541	836	
19	7	3299	1075	962	3767	2237	1800	882	2632	2712	17	979	693	3049	795	704	2631	3931	4047	4216	
7	5	714	2883	420	3400	2385	4275	2081	
16	10	2328	1958	1146	379	1313	797	739	3663	1208	340	3515	1386	2848	423	1300	3845	
19	11	1626	3762	2095	239	2195	1471	3511	3856	3449	2796	3105	1185	904	2793	725	2945	404	2638	324	
18	7	679	1368	3305	1637	1171	2071	4057	1172	1160	2599	3224	3040	3934	2186	3246	1230	321	548	
15	7	628	2262	2926	1499	2557	6	2635	3671	851	1666	4286	556	1427	1118	191	
17	8	1841	3138	2474	872	376	991	4301	1183	2807	3766	1357	3349	2572	2592	3256	2094	2085	
17	6	67	4013	3513	1817	1870	406	2554	4259	1411	1936	1591	2517	1527	3664	3202	4131	1805	
6	5	1358	36	381	2703	2844	3228	
15	6	3128	2184	685	3318	55	2322	4093	4167	1823	1288	2391	3443	2292	2252	2952	
12	4	3926	3169	1492	2965	1434	2361	603	3688	692	2648	1420	3499	
16	9	4232	2163	540	1723	4200	66	4235	1862	2348	162	3102	3610	4201	1889	934	3864	
15	5	1081	674	1526	1479	3979	1789	1216	3946	330	657	1580	1664	2907	2586	410	

1	67	703	757	815	849	977	1358	1397	1824	2947	2949	3299	3472	3549	3579	3596	
2	64	226	377	551	799	981	1196	1623	1730	1866	2742	2979	3320	3702	3711	3714	
3	285	425	626	720	1260	1559	1626	2170	2583	2644	2747	2984	3099	3151	3292	3608	
4	32	79	197	284	380	429	631	1096	1174	1493	1652	1685	1969	2011	2404	2602	
5	584	818	1931	1961	2278	2465	2778	2879	3177	3795	3863	4193	4285	4295	4296	4302	
6	622	855	899	1087	1107	1581	1853	2328	2413	2660	3239	3416	3551	3841	4152	4161	
7	1106	1209	2829	2833	3069	3070	3172	3205	3317	3466	3868	4034	4115	4202	4231	4258	
8	264	884	907	938	1036	1958	2396	2409	2414	2994	3171	3213	3371	3463	3514	4049	
9	7	146	274	367	660	1531	1911	2383	3254	3489	3548	3870	3930	4003	4013	4170	
10	232	430	649	846	857	933	942	1149	1302	1997	2437	2450	3403	3513	3733	4164	
11	386	444	814	1211	1547	1865	2373	2408	2492	2891	3089	3181	3194	3406	3591	3599	
12	890	1398	1651	1970	2470	2867	3301	3779	3944	3948	4040	4077	4112	4114	4151	4228	
13	320	679	1113	1268	1372	1940	2083	2330	2931	3208	3533	3625	3662	3699	3917	4065	
14	188	310	319	697	787	845	994	1190	1195	1258	1488	1659	1728	2076	2350	2815	
15	34	421	772	911	1081	1598	1964	1973	2479	3011	3097	3494	3496	3540	3562	3563	
16	914	1784	2164	2401	2539	2562	2735	2737	2897	3059	3221	3781	3794	3901	3908	4095	
17	1433	1568	1817	1863	1905	1908	2080	2293	2666	3484	3529	3541	3739	3762	3926	4005	
18	89	91	158	159	354	535	634	990	1557	2125	2877	3344	3418	3460	3685	3746	
19	41	609	780	1777	2096	2161	2327	2654	2701	2925	3160	4032	4118	4204	4260	4264	
20	537	569	677	1407	1870	1963	2072	2196	2229	2452	2639	2786	3034	3079	3120	3690	
21	124	426	779	970	1012	1592	1644	1806	1903	1912	2119	2403	3198	3262	3432	3488	
22	5	1706	2127	2471	3055	3109	3118	3505	3896	3922	4070	4105	4181	4269	4291	4299	
23	406	1683	1694	1773	1924	2624	2680	2705	2752	2982	3039	3187	3428	3465	3600	3726	
24	155	518	843	922	1341	1538	1643	1776	1791	2181	2201	2304	2334	2377	2494	2531	
25	401	436	750	1064	1850	1929	1956	2699	3290	3470	3521	3734	3822	3932	4218	4232	
26	247	304	735	1241	1808	1887	2068	2609	2838	2940	3107	3225	3682	3683	3902	3929	
27	217	674	684	802	839	1500	2035	2249	2558	2830	2929	3653	3701	3764	3827	3855	
28	439	767	1177	1223	1384	1435	2308	2319	3057	3082	3660	3681	3700	3780	4190	4209	
29	218	455	1655	1918	1939	1965	2709	2862	2927	3277	3281	3474	3502	3583	3835	3887	
30	648	654	715	854	1983	2152	2208	2854	3307	3385	3501	3861	3972	4073	4084	4113	
31	465	1146	1150	1220	1373	1406	1473	1747	1901	2253	2405	2519	2802	3207	3368	3615	
32	888	2244	2424	2597	2946	3056	3192	3434	3493	3831	3910	3912	4166	4239	4274	4293	
33	633	1070	1657	1897	2141	2163	3558	3763	4042	4144	4220	4306	4310	4312	4316	4319	
34	90	837	1108	1231	1526	1627	1674	1847	2766	2819	2821	2956	3169	3253	3279	3528	
35	290	546	576	665	768	943	1008	1074	1359	1892	2658	2733	2760	2896	3128	3413	
36	193	333	418	723	1019	1157	1390	1546	1603	1841	2469	2502	2718	2757	3053	3127	
37	434	473	492	588	698	782	1272	1475	1752	1977	2099	2816	2942	3233	3282	3370	
38	545	624	643	1073	1449	1703	1746	2029	2233	2255	2372	2812	2850	3033	3201	3348	
39	27	669	695	737	865	895	1156	1233	1393	1701	1767	1945	1995	2826	2871	3072	
40	53	195	764	1111	1122	1381	1451	1868	1951	1972	2601	2787	2794	2911	3677	3704	
41	364	742	898	967	1032	1068	1198	1269	1349	2008	2275	2326	2337	2606	2765	3206	
42	100	108	722	859	917	993	1169	1445	1639	1916	1947	1981	2423	2837	3037	3117	
43	628	997	1226	1271	1957	2126	2216	2577	3038	3376	3601	3817	4051	4067	4153	4163	
44	287	521	930	1029	1204	1304	1332	1418	1660	1875	2184	2588	3245	3271	3335	3401	
45	149	275	422	505	794	864	988	1005	1207	1368	1955	2051	2065	2137	2189	3572	
46	25	86	283	1463	1567	2262	2317	2357	2358	2398	2662	2671	2776	2858	2919	3028	
47	36	559	948	1184	1279	2500	2814	2980	3145	3179	3287	3323	3655	3698	3745	4025	
48	445	714	1033	1218	1921	2049	2134	2172	2268	2298	2663	3162	3309	3519	3571	3617	
49	145	250	382	459	570	615	685	932	1517	1927	2611	2864	3122	3164	3223	3305	
50	407	653	1038	1075	1175	1492	2042	2084	2271	2883	2991	3149	3388	3395	3442	3497	
51	289	929	962	1031	1296	1308	2095	2130	2313	2411	2486	2489	2685	2895	3071	3324	
52	154	311	526	536	702	1105	1206	2057	2115	2162	2518	2525	2799	2971	3138	3267	
53	45	373	396	470	533	763	1257	1452	1479	1637	1742	1902	3670	3686	3693	3752	
54	19	26	476	655	1250	1417	1665	1710	1913	2329	2554	2555	2618	2774	3423	3545	
55	982	1642	1757	2010	2810	3178	3379	3387	3412	3421	3523	3640	3907	3925	4027	4103	
56	135	241	282	339	398	952	1016	1143	1148	1221	1266	1340	1383	1423	2124	2257	
57	120	266	595	598	696	758	820	860	1171	1181	1238	1306	1462	1530	2131	2202	
58	43	405	441	463	1636	1702	1950	2512	2522	2560	3137	3777	3860	3924	4011	4139	
59	61	201	469	963	1437	1536	1801	1979	2656	3992	4127	4217	4233	4259	4270	4271	
60	716	1010	1055	1630	2203	2997	3334	3707	3888	3899	3976	4075	4087	4159	4180	4254	
61	543	926	937	959	1007	1303	1498	1563	1751	1867	2367	2418	2461	2573	2665	2785	
62	97	157	239	831	871	1006	1034	1071	1199	1672	1677	1989	2456	2474	2570	2918	
63	243	279	420	638	726	788	1121	1170	1245	1799	2089	2495	2857	3543	3718	3825	
64	453	602	743	785	1709	1854	2280	2393	2661	2724	2950	2990	3244	3289	3375	3611	
65	447	919	1129	1295	2028	2109	2420	3204	3318	3641	3754	3778	3904	4048	4072	4156	
66	269	791	1099	1999	2016	2232	2542	2567	2903	3333	3570	3651	3720	3743	3810	3967	
67	121	255	270	305	335	781	808	1323	1371	1661	2104	2195	2290	2478	3076	3260	
68	136	1056	1158	1737	1974	2001	2006	2364	2646	2651	3427	3936	3958	4068	4247	4252	
69	85	261	687	875	918	1316	1322	1771	2050	2923	3578	3776	3878	4123	4188	4229	
70	323	460	680	1088	1744	2038	2491	3364	3404	3574	4250	4263	4300	4305	4313	4317	
71	190	327	1411	1480	1881	2410	2755	2965	3264	3390	3725	3890	3943	4082	4083	4094	
72	496	689	691	1224	1424	2145	2312	2548	2696	3095	3538	3555	3771	4058	4064	4135	
73	143	202	640	745	1173	1998	2139	2340	2874	3134	3142	3730	3760	4038	4129	4157	
74	381	475	540	549	939	1312	1477	1502	1804	2435	2720	3183	3561	3626	3644	3732	
75	57	69	516	531	661	809	992	1338	1525	1785	2314	2443	2878	3001	3023	3103	
76	288	567	783	835	856	1228	1395	1396	1813	2194	2487	2600	3121	3360	3444	3621	
77	55	751	1188	1434	1834	2192	2282	2432	2672	3235	3252	3951	3984	4045	4053	4116	
78	95	656	872	878	1217	1541	1750	1858	2023	2279	2325	2513	3455	3476	3524	3590	
79	8	134	165	267	328	721	1049	1052	1126	1194	1256	1311	2048	2148	2287	2345	
80	387	641	1497	1552	1570	2088	2220	2239	2493	2582	2988	3085	3341	3566	3979	4124	
81	68	376	838	999	1084	1186	1402	1935	1941	2263	2323	2866	2961	3129	3273	3327	
82	477	652	973	975	1474	2098	2508	2533	2598	2664	3150	3237	3741	3818	4023	4069	
83	163	360	495	1058	1366	1471	1794	1828	1856	2027	2360	2382	2565	2762	2824	2855	
84	137	215	379	740	1653	1671	1922	1949	2106	2171	2322	2511	2828	3232	3373	3394	
85	101	1145	1560	1765	2436	3326	3849	3995	4008	4035	4143	4175	4224	4242	4251	4283	
86	443	524	1130	1253	1668	2390	3125	3408	3415	3506	3518	3875	3955	3991	4000	4111	
87	417	793	800	903	928	1155	1176	1447	1602	2804	2822	3026	3516	3635	4007	4074	
88	216	220	593	617	873	985	1576	1669	2054	2399	2488	2561	2842	2926	3227	3446	
89	39	337	357	558	991	1131	1249	1723	1759	2128	2207	2504	2527	2563	2899	3340	
90	233	350	555	668	1261	1594	2412	2832	3073	3084	3115	3367	3468	3589	3645	3814	
91	152	185	965	1003	1225	1459	1774	2000	2059	2213	2795	3241	3461	3808	3920	3939	
92	106	223	413	1001	1193	1333	1387	2075	2957	3030	3517	3542	3687	3689	3767	3816	
93	487	936	1243	1362	1400	1431	1971	2318	2578	2605	2958	3547	3867	3894	4037	4178	
94	130	374	844	1380	1562	1928	2071	2182	2237	3010	3024	3398	3511	3773	3796	3839	
95	577	1544	2446	3081	3250	3308	3441	3477	3573	3620	3906	4085	4171	4182	4197	4200	
96	131	133	297	314	389	840	1066	1125	2306	2568	3680	4081	4093	4097	4184	4226	
97	109	167	464	915	1504	2995	3722	3784	3815	3848	4057	4117	4208	4245	4261	4289	
98	225	538	605	775	1117	1163	1297	1510	1987	2111	2440	2759	3147	3275	3321	3357	
99	798	902	1229	1489	2225	2454	2841	2908	3315	3919	3961	4010	4052	4165	4167	4240	
100	298	592	1024	1263	1313	1419	1800	1818	1938	2346	2744	2783	3167	3850	3933	3956	
101	66	183	482	1210	1466	1852	2037	2056	2481	2797	2967	3022	3156	3546	3553	3581	
102	82	98	346	368	498	591	606	996	1172	1585	1735	1783	2243	2338	2365	2569	
103	238	325	599	1283	1426	1532	1796	2097	2101	2187	2301	2316	2467	2575	2684	2913	
104	104	259	519	572	662	748	974	1018	1334	1344	1408	1469	1725	2147	2615	2872	
105	60	63	114	358	625	935	1061	1267	2020	2113	2772	2999	3013	3525	3636	3656	
106	483	490	797	1160	1869	1906	2105	2166	2792	2881	3124	3197	3265	3268	3377	3856	
107	709	1236	1789	1882	2645	3479	3748	3782	3829	3949	3993	3994	4020	4063	4215	4255	
108	10	29	254	547	604	810	1090	1281	1335	1554	2204	3061	3086	3345	3454	3695	
109	119	271	345	734	765	833	1616	1715	2013	2288	2389	2581	2968	3285	3539	3642	
110	22	94	408	509	1232	1317	1511	1565	1936	2649	2749	2801	2948	3168	3195	3383	
111	153	160	246	322	366	499	504	508	513	710	1352	1749	2526	2556	3211	3512	
112	222	331	466	467	578	651	825	1027	1446	1600	1611	1673	2018	2397	2439	2566	
113	299	1247	1286	1501	1534	1896	2039	2361	2394	2764	2989	3170	3342	3458	3585	3913	
114	1059	1164	1415	1566	1743	2689	2777	2954	3064	3074	3696	3882	4142	4241	4301	4303	
115	54	278	663	847	1080	1183	1561	1676	2387	2641	2894	3296	3392	3437	3449	3843	
116	56	248	882	910	1015	1077	1326	1412	1944	2374	2475	2998	3006	3575	3854	3905	
117	184	571	804	949	1704	1895	1962	2174	2310	2368	2378	2751	2754	2831	3051	3775	
118	40	329	806	951	1092	1202	1605	1615	1811	1830	2043	2053	2333	3196	3319	3399	
119	224	277	400	790	954	2112	2490	2498	2545	2612	3295	3787	3836	3846	3857	3858	
120	229	361	529	1214	1251	1478	1883	1926	2703	2870	3002	3091	3189	3568	3569	3708	
121	33	603	736	1167	1203	1205	1748	1762	2433	2817	2839	2951	3298	3560	3788	3916	
122	110	306	801	1280	1356	1591	1990	2254	2332	2599	2619	2623	2789	2901	2955	2976	
123	580	1028	1278	2579	2630	3214	3351	3616	3639	3941	4029	4133	4174	4294	4308	4315	
124	117	208	353	523	733	881	1254	1515	1553	1691	2972	3014	3203	3236	3363	3451	
125	15	59	194	211	724	752	813	1681	1718	1739	2441	2483	2632	2788	2796	3029	
126	316	553	607	711	774	1109	1713	1761	2379	2419	2425	2506	2779	2996	3234	3330	
127	309	481	983	1512	2251	2291	2551	2681	2731	3016	3439	3534	3544	3619	3770	3819	
128	268	424	574	629	958	1292	1465	1523	2248	2523	2726	3554	3666	3688	3703	3735	
129	449	597	1048	1051	1820	1878	1982	2904	3790	4050	4126	4168	4169	4276	4281	4287	
130	589	594	1470	1584	1943	1986	2092	2284	2442	2524	2889	3604	3844	3883	4110	4198	
131	12	139	362	438	880	1134	1216	1240	1290	1361	1816	1994	2620	2652	2712	2890	
132	73	338	506	659	1072	1227	1599	1695	2231	3435	3565	3982	4186	4223	4237	4288	
133	11	87	853	1128	1619	2151	2260	2540	2682	2969	3106	3224	3469	3485	3586	3749	
134	4	74	664	747	1590	1690	1705	2457	2552	2553	2564	3075	3199	3492	3724	3768	
135	150	228	352	686	811	1273	1499	1569	1778	1848	1985	1993	2146	2165	2622	2690	
136	141	189	886	2116	2180	2371	2836	3712	3801	3981	4024	4099	4125	4128	4177	4194	
137	332	348	452	610	739	927	1629	1656	1782	1812	1823	1917	2110	2138	2448	2930	
138	35	1414	1613	1864	2069	2168	2320	2767	3035	3212	3526	3692	3935	3960	4060	4076	
139	96	1089	1336	1444	1687	1793	2003	2005	2596	2714	2937	3384	3564	3998	4046	4089	
140	1505	1879	2746	2790	2917	2973	3143	3158	3173	3336	3452	3731	3869	3897	3938	3987	
141	81	280	293	351	627	644	868	1403	1946	2103	2380	2386	3043	3663	3713	3783	
142	312	527	786	1079	1189	1318	1622	1707	1719	2589	2668	3094	3278	3304	3588	3602	
143	419	601	707	995	1187	1429	1529	2033	2114	2156	3243	3263	3294	3471	3669	3918	
144	17	18	383	502	511	517	708	826	1617	1910	2226	2451	2464	2770	2920	3036	
145	65	128	129	485	712	819	921	1013	1503	2289	2468	2607	3269	3552	3607	3658	
146	204	1082	1298	2416	3092	3215	3303	3322	3396	3634	3650	3697	3799	3996	4148	4236	
147	80	503	792	1100	1284	1698	1770	1797	1831	1871	2078	2277	2515	3017	3040	3132	
148	76	356	727	950	2422	2740	2936	2975	3068	3258	3354	3430	3491	3520	3866	4109	
149	47	500	544	694	1083	1093	1628	1645	1914	2169	2176	2732	2820	2882	2939	3678	
150	138	416	1086	1545	1693	2122	2366	2510	2557	2902	3272	3623	3715	3820	3877	4059	
151	471	579	587	1020	1047	1208	1450	1846	1880	1932	2183	2191	2297	2485	2546	2875	
152	393	409	672	966	1065	1481	1550	1843	2281	2938	2970	3400	3424	3467	3738	3965	
153	273	718	874	925	1140	1325	1736	1904	2121	2678	2805	2851	3058	3274	3291	3464	
154	249	1428	1654	2852	2853	3005	3874	3885	3934	3964	4041	4098	4173	4235	4280	4304	
155	6	50	83	1095	1324	1329	1537	1607	1790	1933	2045	2309	2499	2627	2916	2953	
156	37	205	253	260	370	563	564	901	909	941	1102	2077	2230	2236	2466	2507	
157	557	675	812	817	1270	1355	1555	1891	2032	3140	3157	3393	3507	3769	3800	4016	
158	262	440	528	618	713	1276	2052	2267	2335	2634	2807	2886	2922	3409	3436	3577	
159	432	600	2019	2086	2143	2463	2616	2769	2856	2876	2887	3078	3522	3977	4026	4080	
160	147	392	435	755	1044	1430	1455	1798	1980	2247	2517	2617	2717	3066	3100	3152	
161	876	891	1076	1448	1734	2133	2177	2212	2276	2476	2550	2707	2860	2941	3105	3133	
162	1	180	192	340	399	491	1185	1379	1583	1679	2173	2635	2933	2993	3108	3166	
163	168	347	489	494	1115	1165	1496	1527	1860	2270	2484	2823	2835	3007	3153	4012	
164	179	252	585	1494	2186	2224	2640	2692	3405	3671	4030	4213	4244	4257	4284	4290	
165	70	375	456	738	756	761	832	1337	1873	2532	2736	3411	3597	3766	3826	3880	
166	474	530	608	619	862	1485	1716	2012	2129	2496	2621	3083	3139	3353	3425	3483	
167	402	1026	1763	1822	2261	3288	3643	3664	3802	3852	3871	3940	4150	4158	4185	4219	
168	72	182	403	870	946	957	1464	1658	1787	1960	2781	3126	3280	3419	3859	3946	
169	501	848	885	1004	1540	1829	1842	2217	2264	2285	2363	3654	3659	3988	4162	4238	
170	667	1235	1288	1330	1942	2091	2426	2593	2653	3042	3673	3900	3986	4036	4066	4147	
171	565	647	777	803	2079	2543	2808	2983	2992	3015	3420	3592	3765	3999	4002	4043	
172	292	635	683	705	1045	1141	1287	1439	2060	2245	2391	2782	2898	3293	3445	3486	
173	678	784	1597	1810	2140	3012	3180	3347	3433	3480	4221	4262	4279	4292	4307	4314	
174	31	227	240	522	904	1721	1844	1899	2024	2062	2067	2670	2677	2723	2869	3003	
175	234	265	542	552	730	851	1030	1053	1069	1151	1535	1855	2210	2215	2453	2477	
176	701	1357	1413	1520	1861	1909	2144	2738	2771	3090	3112	3456	3527	3744	3791	4183	
177	21	300	349	397	520	1244	1351	1575	2185	3052	3165	3331	3356	3719	3729	3758	
178	415	1212	1786	1862	1872	2044	2073	2160	2417	2986	3665	3757	3853	3966	3973	3980	
179	706	824	1043	1314	1589	1606	1634	1699	1753	2344	2434	2756	2978	3093	3155	3276	
180	77	562	964	1486	1614	1640	1827	2311	2594	2614	2702	3246	3337	3515	3582	3593	
181	301	330	620	632	861	1365	1548	1733	1745	2153	2341	2460	2482	2534	2675	2813	
182	84	257	770	1067	1116	1388	1454	1460	1472	1542	2205	2214	2242	2305	2521	2713	
183	212	219	431	497	532	1219	1255	1382	1564	1608	2274	2295	2455	2580	2697	2729	
184	51	118	276	842	1457	1780	1803	2458	2880	3021	3135	3174	3175	3226	3346	3443	
185	140	198	1458	1506	1692	1802	2002	2034	2719	2809	2985	3314	3914	3945	3968	4009	
186	151	355	388	889	1375	1378	1386	1476	1487	1638	2136	2348	2421	2906	3041	3637	
187	821	1385	1422	1586	2040	2473	2509	2683	2741	3242	3329	3369	3414	3584	3638	3751	
188	105	451	972	1120	1168	1666	1807	1920	1925	2093	2159	2657	3141	3188	3339	3884	
189	343	525	867	1285	1491	2102	2198	2480	2559	2739	2743	2775	3077	3300	3306	3397	
190	20	116	171	1239	1404	1410	1425	1894	2259	2307	3672	3774	3873	3970	4021	4248	
191	1514	1573	2924	3789	3840	3895	3950	4004	4091	4122	4195	4214	4249	4266	4286	4298	
192	472	560	741	894	1264	1772	1792	1826	1849	1886	1954	2199	2349	2445	2608	2859	
193	107	245	272	732	883	1421	1688	2246	2392	3675	3691	3876	4132	4176	4196	4212	
194	122	645	719	923	1133	1230	1712	1885	2070	2167	2197	2315	2354	2406	2576	2590	
195	166	556	1041	1147	1768	1781	2429	2793	2861	3114	3459	3807	3893	4031	4044	4211	
196	251	315	796	900	989	1213	1509	1967	2283	2302	2647	2688	2840	2960	3633	3761	
197	46	365	480	1282	1857	2030	2265	3008	3020	3067	3361	3386	3556	3595	3624	3736	
198	99	177	206	428	510	892	971	979	1192	1558	1646	2036	2117	2221	2503	2613	
199	88	161	1042	1178	1215	1522	1650	2157	2211	2400	2987	3146	3297	3606	3862	3879	
200	693	766	850	940	1011	1025	1127	1364	1978	2892	2910	2928	3259	3750	3813	3889	
201	236	961	1319	1577	1667	1907	1968	2604	2659	2676	2748	3440	3612	3785	3832	3911	
202	9	48	200	221	303	760	1119	1518	1521	1775	1948	1976	2219	2444	2655	2673	
203	16	213	637	1370	1432	2286	2798	3163	3328	3448	3453	3674	3811	3957	4086	4120	
204	639	673	920	960	1037	1310	2258	2725	2761	3191	3366	3500	3530	3798	3942	3963	
205	42	437	448	590	614	692	976	1094	1275	2061	2331	2447	2728	2921	3238	3349	
206	30	142	286	596	816	823	852	858	1035	1124	1436	1717	2120	2648	3049	3429	
207	616	805	1246	1274	1467	2063	2427	2730	2884	3312	3426	3667	3737	3892	4088	4246	
208	2	111	199	561	887	906	1103	1191	1482	1832	2223	2721	3018	3266	3417	3537	
209	586	646	753	1135	1138	1222	1350	1420	1621	1726	2015	2505	2791	2909	3247	3359	
210	566	630	746	897	956	1123	1200	1571	1596	1680	1795	1898	2179	2693	2780	3054	
211	28	144	162	657	769	830	1377	2574	2695	3123	3490	3837	3842	4121	4179	4225	
212	49	371	877	1162	1367	1624	1760	1915	2090	2385	2449	2472	2537	2642	2698	2773	
213	514	1114	1580	1610	1618	1727	2587	2591	2667	2818	2977	3065	3176	3422	3627	3740	
214	176	231	729	1057	2047	2218	2273	2292	2381	2428	2529	2674	2691	2768	3096	3229	
215	1578	1601	1670	1686	1697	2108	2149	2155	2178	2356	2603	2629	2806	2825	3098	3257	
216	488	1022	1342	1595	1696	1876	1884	2541	2584	2643	2700	2981	3921	3952	4104	4140	
217	71	93	1305	1320	1343	1369	1409	1724	2462	2844	2849	3148	3594	3759	3983	4206	
218	827	1293	1301	1507	1508	2272	3088	3220	3284	3661	3990	4056	4119	4227	4256	4265	
219	237	450	944	947	1641	1840	1900	1991	2041	3044	3482	3649	3705	3793	3915	3959	
220	78	125	126	690	1002	1262	1539	1625	1722	1764	2415	2547	3111	3332	3407	3508	
221	308	395	612	1050	1376	1399	1438	1468	1604	1836	1851	2962	3062	3609	3679	3723	
222	650	1132	1307	1401	1662	1708	1930	2107	2132	2863	3550	3628	3834	3851	3909	3969	
223	173	507	541	623	1062	1242	1248	1427	1490	2252	3154	3222	3495	4079	4090	4096	
224	1649	1664	2021	2497	2516	2572	2811	3004	3050	3567	3838	3923	3947	3954	4006	4134	
225	112	256	682	725	1289	1988	2238	2362	2376	2407	2501	2538	2636	2722	2727	3080	
226	341	458	1152	1197	1516	1633	1755	2370	2395	2549	2827	2885	2915	2945	3753	3823	
227	244	773	953	1684	1720	1741	2626	2964	3087	3283	3821	3903	4061	4107	4149	4199	
228	115	296	461	613	795	829	913	968	1819	2007	3186	3202	3240	3302	3355	3605	
229	582	1039	1952	2294	2359	2846	3217	3251	3378	3646	3886	4092	4100	4146	4160	4191	
230	394	754	1054	1091	1139	1201	1237	1392	2058	2222	2351	2716	2888	3104	3136	3184	
231	156	369	384	621	822	955	1153	1360	1612	1758	1769	1934	2087	3343	3613	3809	
232	905	1277	1442	2592	2848	3102	3350	3372	3475	3498	3503	3657	3684	3830	4131	4154	
233	666	744	1700	2193	3101	3230	3255	3391	3610	3694	3756	4019	4054	4141	4192	4210	
234	423	879	908	2321	3159	3717	3881	4015	4022	4108	4136	4201	4267	4268	4273	4282	
235	58	75	318	321	359	575	1085	1347	1588	1682	2269	2384	3706	3803	4130	4222	
236	52	62	113	169	404	688	704	1144	1300	1374	1833	1838	1877	2142	2694	3185	
237	103	486	568	789	924	1346	1363	1443	1731	1809	2637	2711	2959	3603	3629	3806	
238	762	1440	2175	2353	2638	2845	3865	3978	4033	4078	4106	4297	4309	4311	4318	4320	
239	1354	1788	2031	2190	2209	2256	2800	3009	3060	3193	3509	3772	3971	4014	4071	4137	
240	363	427	479	1265	1389	1513	2240	2595	3110	3462	3668	3676	3727	3805	3898	4018	
241	181	291	978	1136	1331	1890	2708	2715	3209	3228	3622	3632	4055	4062	4172	4203	
242	170	317	446	468	1182	1328	1533	1814	2118	2402	2536	2974	3063	3358	3380	3631	
243	412	462	550	700	749	1391	1556	1825	1859	1984	3161	3219	3256	3374	3389	3587	
244	174	411	869	1118	1394	1416	1551	1609	2082	2188	2431	2528	2633	2847	3000	3647	
245	24	92	132	191	302	326	372	378	534	728	969	984	1021	1805	2369	2734	
246	342	344	433	581	1060	1104	1484	1647	1889	2066	2266	2571	2679	2686	3119	3338	
247	3	263	515	1110	1154	1456	1528	2009	2025	2300	2935	3812	3824	3833	3891	3928	
248	148	187	512	1063	1166	1405	1543	1711	1923	1992	2585	2631	2763	3313	3450	3481	
249	23	209	324	478	484	1017	1821	1845	2227	2375	2932	3032	3261	3311	3598	3845	
250	123	414	934	1161	1441	1779	1837	2459	3019	3382	3536	3648	3652	4253	4275	4278	
251	583	778	834	866	1046	1309	2064	2342	2535	2745	2784	2834	3985	3989	4001	4039	
252	281	390	493	731	1732	1754	1953	2094	2135	2336	2628	2650	2669	2753	2966	3362	
253	642	1137	1327	1839	1966	2022	2055	2303	2934	3231	3402	3559	4155	4205	4207	4234	
254	102	759	776	1632	2004	2324	2544	2625	2750	3286	3365	3478	3580	3618	3937	4017	
255	539	548	573	1023	1574	1714	1835	1893	2352	2893	2914	3046	3130	3210	3847	3931	
256	807	1291	1587	1756	1815	2100	2905	3047	3131	3410	3487	3532	3576	3630	3716	3755	
257	172	186	235	671	841	1259	1294	1315	2017	2081	2296	2706	2900	3116	3381	3797	
258	295	391	1101	1299	1348	1353	1524	1738	2074	2085	3200	3325	3438	3535	3927	4047	
259	681	828	916	1345	1549	1663	1675	1678	1766	2150	2299	2610	2907	2952	3499	3747	
260	196	214	230	336	658	699	1461	1572	2158	2241	2704	2912	3531	3786	3792	3872	
261	442	771	1009	1937	2123	2228	2250	2438	2520	2710	2843	2865	3031	3352	3614	3710	
262	258	457	945	986	1040	1234	1321	1519	1579	1689	2200	2388	2943	3216	3310	3316	
263	164	203	385	717	1078	1453	1631	1635	1648	1874	1975	2235	2530	2586	2868	2963	
264	454	836	980	1014	2014	2873	3182	3190	3249	3721	3828	3864	3997	4138	4145	4216	
265	44	127	178	210	334	410	611	676	1000	1159	1252	1888	2347	2944	3270	3447	
266	13	207	636	912	987	1112	1142	1495	1582	2046	2234	2343	2803	3144	3431	3557	
267	294	313	670	998	1996	2026	2758	3027	3218	3709	3728	3804	4187	4230	4272	4277	
268	38	242	896	1339	1483	2339	3045	3457	3504	3510	3742	3975	4028	4101	4189	4243	
269	14	175	307	863	893	931	1097	1740	1919	2154	3025	3473	3953	3962	3974	4102	
270	554	1098	1179	1180	1593	1620	1729	1959	2206	2355	2430	2514	2687	3048	3113	3248	

1	0	1	0	1	0	1	0	1	0	1	0	1	0	1	0	1	0	1	0	1	0	1	0	1	0	1	0	1	0	
1	0	0	1	0	1	0	1	0	1	0	1	0	1	0	0	1	1	0	1	0	1	0	1	0	1	0	1	0	1	
1	0	1	0	0	1	0	1	0	1	0	1	0	1	0	0	1	0	1	1	0	1	0	1	0	1	0	1	0	1	
1	0	1	0	1	0	0	1	0	1	0	1	0	1	0	0	1	0	1	0	1	1	0	1	0	1	0	1	0	1	
1	0	1	0	1	0	1	0	0	1	0	1	0	1	0	0	1	0	1	0	1	0	1	1	0	1	0	1	0	1	
1	0	1	0	1	0	1	0	1	0	0	1	0	1	0	0	1	0	1	0	1	0	1	0	1	1	0	1	0	1	
1	0	1	0	1	0	1	0	1	0	1	0	0	1	0	0	1	0	1	0	1	0	1	0	1	0	1	1	0	1	
1	0	1	0	1	0	1	0	1	0	1	0	1	0	0	0	1	0	1	0	1	0	1	0	1	0	1	0	1	1	
0	1	0	1	0	1	0	1	0	1	0	1	0	1	0	1	0	1	0	1	0	1	0	1	0	1	0	1	0	1	
0	1	1	0	1	0	1	0	1	0	1	0	1	0	1	1	0	0	1	0	1	0	1	0	1	0	1	0	1	0	
0	1	0	1	1	0	1	0	1	0	1	0	1	0	1	1	0	1	0	0	1	0	1	0	1	0	1	0	1	0	
0	1	0	1	0	1	1	0	1	0	1	0	1	0	1	1	0	1	0	1	0	0	1	0	1	0	1	0	1	0	
0	1	0	1	0	1	0	1	1	0	1	0	1	0	1	1	0	1	0	1	0	1	0	0	1	0	1	0	1	0	
0	1	0	1	0	1	0	1	0	1	1	0	1	0	1	1	0	1	0	1	0	1	0	1	0	0	1	0	1	0	
0	1	0	1	0	1	0	1	0	1	0	1	1	0	1	1	0	1	0	1	0	1	0	1	0	1	0	0	1	0	
0	1	0	1	0	1	0	1	0	1	0	1	0	1	1	1	0	1	0	1	0	1	0	1	0	1	0	1	0	0	
