4320	270	300	16

18	7	1160	199	3812	4066	3661	3660	4218	2710	1285	1260	2718	3335	825	1957	2865	2975	2637	3538	
15	9	158	2005	464	3554	3873	318	1851	977	1382	1145	2532	2550	4110	1547	479	
13	4	1188	1745	2940	2898	2771	3876	2188	3419	3066	4054	3094	3507	1545	
15	9	2063	3279	1219	2692	2404	2908	1344	1029	4268	921	1215	2324	1630	2680	1313	
11	3	221	110	2586	3535	1446	2651	3199	1473	602	2143	2903	
13	7	1277	168	572	763	768	2782	566	4114	4227	2589	1653	4106	907	
21	9	923	1133	3374	820	1452	1093	2855	3349	515	2045	3842	2916	415	1704	2925	2569	3410	599	983	3905	409	
22	10	146	603	1410	3643	4273	2215	4237	1926	275	1425	913	2272	3762	2861	330	225	3380	2258	310	3168	252	2882	
15	5	3327	303	1892	2294	2449	1752	2790	4148	2068	545	1979	1986	1695	3407	1191	
7	3	2413	3854	616	2201	2245	3664	2585	
16	8	1078	165	3421	1980	1661	2792	64	4211	299	1279	3946	2933	1916	1879	1565	2169	
14	9	2131	2889	1604	2034	2978	2462	1274	1405	2412	1465	657	2780	519	4305	
12	4	3727	992	953	1000	2205	234	4294	651	2384	3148	1836	2019	
18	8	216	860	2504	2330	4127	2032	3689	1024	4168	2022	3960	4101	1574	2146	3969	1750	157	4121	
10	7	187	2901	3417	1694	186	177	559	968	210	1031	
16	10	1273	3164	174	1907	43	3270	2713	1306	348	1270	2128	4006	2562	193	2419	3459	
20	9	2918	1433	3505	139	3238	2435	3632	2174	3081	3692	1628	3539	2457	1464	4214	1935	1331	1910	4147	2851	
10	6	3203	3370	1055	1392	2615	2168	924	682	2362	103	
24	14	2209	2429	1967	2481	3036	144	553	109	3375	1820	2545	582	3128	714	1280	892	4103	3679	876	2039	3754	1874	2386	3282	
14	9	379	1507	3269	2965	2712	1106	2785	769	4250	3487	3274	1902	4259	1459	
13	7	1086	260	2747	3641	3237	976	1113	11	3578	2868	3895	3266	4288	
14	8	2497	1866	1599	4082	2979	3012	920	1239	3871	1768	767	3633	3022	532	
15	9	344	42	648	3103	1946	2539	2057	2751	2991	540	1513	3597	1649	4257	2774	
15	7	592	2466	99	3926	838	178	295	3181	3644	1558	2231	3537	2549	2236	605	
14	6	1863	3202	2749	2523	655	3792	1033	3275	3178	3575	3321	4278	3995	1490	
16	10	3344	1667	2948	120	2560	3634	3761	1431	3493	3465	1182	1067	2180	1011	1878	2253	
16	9	2619	1346	1818	1426	3154	3739	1101	3840	2116	1047	1587	3424	3468	1197	1447	2899	
15	9	3531	2405	3093	3951	414	1941	129	2012	2976	3601	1622	3556	1923	2387	3774	
13	6	650	2816	2359	276	762	527	2746	354	2282	3591	846	2994	3479	
13	7	2671	2676	4249	182	562	1698	336	877	504	325	3748	3169	19	
11	3	1203	3396	2227	1252	2160	3859	3053	4298	1799	2658	546	
16	6	1834	712	2159	1329	3127	694	2827	2740	2115	1419	2517	2009	3571	2456	3050	3671	
16	10	837	2513	2604	4062	1155	3624	2184	729	3640	3381	2852	4108	163	3122	1499	750	
15	5	1135	757	683	1657	2489	3955	1308	2835	3372	1506	1043	3759	816	3821	1518	
10	7	2737	3916	1404	251	2050	1516	4178	2224	100	4300	
11	6	83	940	2723	3931	4263	3803	3562	2537	3142	1351	878	
15	9	4072	273	2797	65	2082	3315	439	3684	555	608	1080	3901	633	2335	3502	
9	5	430	128	3231	2395	722	3558	2079	3676	4188	
17	9	1837	124	506	2603	2088	2985	1257	149	680	4187	2148	2206	3693	2226	856	3376	2189	
15	7	166	1200	1930	3863	597	3650	4229	3569	3631	3892	3651	195	463	1875	2850	
17	7	2010	1468	2344	1071	2809	2261	1517	1806	3436	959	1204	1434	1374	453	3595	3023	2017	
13	7	1272	3776	2541	3077	2090	1025	1457	4254	171	3366	2769	1421	3802	
17	7	2867	1368	1642	2369	3986	2243	4166	3338	3166	3299	3426	341	2739	1224	3656	2677	3670	
11	6	3917	3033	804	1977	2023	2376	1234	2639	2460	842	3735	
26	12	272	726	1671	288	3101	2161	3760	1137	831	4235	1791	3063	3379	3397	639	2646	2064	2581	1958	1688	3552	376	2953	3221	2340	2329	
14	8	2628	2579	1157	3744	2192	1371	4071	1028	3515	1586	3999	3511	3028	3355	
11	7	2930	858	4095	1895	1858	4197	1256	3152	2471	2618	1302	
14	9	4241	1747	3514	1566	4037	4240	1784	1548	4284	781	3403	3415	347	3017	
11	6	3222	4088	2829	1114	1738	1423	1299	15	1788	2416	3225	
13	7	3779	3856	2281	2443	2624	2770	3056	3205	869	1030	4260	3455	954	
18	10	2216	2142	2415	440	3385	134	3813	25	1640	3579	155	1673	2265	4256	880	4045	240	3577	
12	5	3399	3194	1136	2060	1083	929	3071	3188	716	3316	4034	3722	
7	1	367	429	2080	2818	3790	2305	3305	
12	8	2186	60	3281	3470	1936	663	2288	1305	3343	2070	2859	4172	
12	4	98	773	1503	127	2877	979	1843	2486	4041	381	1594	3255	
13	4	153	2591	863	2707	3394	1623	1583	452	1998	2555	1179	455	1281	
16	8	2547	828	1576	2087	3157	1684	184	4185	1500	2786	3356	1150	708	3839	3115	787	
16	8	3114	3609	1804	862	4231	580	2277	4302	1864	2571	513	3755	3384	3704	1236	2956	
15	6	2318	761	2735	3573	2124	2097	1715	3881	2507	1904	3457	1867	2738	625	2263	
23	12	2584	3958	3334	3841	2691	2396	3292	2071	2094	4154	3129	3611	675	3175	2919	1691	1493	2181	2046	3826	610	652	1462	
12	6	4036	770	975	1054	698	3782	956	1022	2202	1591	2378	2156	
12	7	50	21	1824	1766	2699	4307	2588	951	720	3669	4050	289	
22	12	360	3559	4252	758	1556	2520	436	3262	3067	823	340	917	1577	3350	534	885	2605	2715	3043	948	2905	3195	
18	9	2986	386	1624	3241	3097	709	3921	778	3309	3405	241	31	2027	3276	3796	1096	2963	3570	
15	6	2695	2528	1221	2122	3688	4112	1519	4207	445	2212	465	1369	2875	1282	1709	
13	7	1397	423	4010	4186	4068	3401	4238	3291	1059	2650	2913	298	926	
11	5	2408	3818	1764	426	4225	4011	2000	2434	3414	327	79	
12	5	3160	4149	2968	2582	3649	143	3096	4242	352	3746	620	3929	
6	2	3253	685	3286	3852	2934	2805	
9	5	1296	3360	4289	2762	3805	3906	3673	2533	1124	
14	7	1478	425	2596	2210	1075	2808	952	1560	4163	1104	2543	1627	1682	2929	
14	7	1921	1406	3519	323	531	3402	219	1065	1163	2293	4192	4061	3174	2622	
13	4	369	518	1189	736	3285	3889	1470	1674	891	706	3055	3138	1153	
17	10	1138	3037	482	2123	3454	3714	3772	1732	2551	855	702	1983	3058	1461	3226	1131	1537	
8	6	1362	3967	2949	2092	1195	1190	3830	3296	
14	9	2801	2553	377	3814	3598	753	2459	3398	3078	819	3987	2031	3491	2690	
18	7	4008	3021	3046	3086	218	70	792	93	3363	3503	2561	2262	373	3622	2345	1064	1613	4069	
11	4	868	2303	627	417	2254	3441	308	1295	418	47	1776	
18	8	937	1990	973	1940	3467	3635	4113	4261	3427	1853	2289	2373	1483	115	4215	2767	3362	1922	
15	5	3027	4210	3390	930	1122	28	27	1087	284	1823	852	37	189	2475	3607	
10	5	3993	2072	1821	3548	362	794	1481	544	3060	4028	
11	3	971	673	2598	1771	3636	49	2228	3590	1218	661	2286	
16	7	628	76	3834	3593	3300	2358	3948	1380	254	3243	1617	3728	2693	3118	1391	2120	
24	11	2810	3950	3713	2483	1908	2938	1854	1585	2638	3089	148	2409	2702	151	500	3482	311	2873	231	982	3070	4042	2745	2578	
19	7	903	3908	1005	1575	2464	486	2915	4098	3820	3857	1868	1881	3934	4161	1716	1619	215	1231	2921	
12	7	1955	2496	2642	446	1186	4044	1408	267	941	2544	107	84	
11	7	3325	2133	3843	3941	250	1265	793	922	390	2597	2157	
19	7	1202	223	4151	3729	1213	1761	3870	3862	3508	2952	1409	473	3448	4047	4169	1216	3364	4043	87	
13	6	460	3322	4118	69	1349	626	1678	3666	4105	1522	2392	3553	3201	
17	8	700	2134	3217	1112	283	928	2932	1511	86	2053	1844	3310	1724	3988	2681	80	1664	
13	7	3752	1592	871	1526	2640	567	745	2983	2484	2907	3333	3992	789	
13	6	3492	2708	3530	2220	451	883	1543	865	2538	2842	1809	3907	461	
13	8	345	372	244	3232	104	2383	3828	7	3928	2791	4	1148	9	
16	6	1220	826	2117	297	2620	4027	1535	1418	343	2280	2438	3297	2121	121	1242	3540	
11	7	4009	1008	3161	1578	3342	1017	292	3808	2565	598	1540	
20	10	2385	2371	3698	3594	4046	1847	2758	3042	3685	2776	3561	993	1454	715	3745	266	1817	3582	2667	2914	
11	3	901	1448	375	1166	2479	3359	3264	2013	204	3781	2297	
19	8	517	724	2505	3378	1212	2003	3542	4175	2300	156	4212	3588	3533	3132	2130	2067	3501	1479	2042	
16	8	1050	2943	385	512	2613	4012	2754	943	533	2891	179	1605	1740	2633	2798	41	
17	7	1038	309	2461	4070	497	2566	1679	647	3412	117	2811	3418	1445	96	1107	3267	1400	
11	3	1571	2139	1855	2995	1997	4246	2089	1988	2149	3709	2203	
18	8	3733	2536	3116	640	1570	2636	829	905	237	1648	294	1974	3133	197	2608	403	3339	2521	
12	8	1728	300	1051	3971	337	3980	784	4313	1615	1833	1924	1198	
11	3	618	3341	363	3600	705	1169	1564	1403	3277	771	435	
17	9	2568	997	498	3865	3324	4001	1792	3964	1111	612	3966	1736	422	3829	1748	1271	1549	
9	2	1453	493	1247	1665	717	3757	2878	4194	1932	
17	6	328	1390	3126	1181	1232	3495	2732	2719	2163	1372	22	2714	1953	3496	565	3513	3062	
9	5	3319	2516	1341	659	2665	677	3258	2610	1115	
21	12	419	2529	1779	3785	3018	380	441	1685	2970	1343	2073	935	668	870	3697	1259	2626	3952	3196	366	4224	
12	5	3463	4206	1321	1455	732	699	412	1019	411	3147	748	3064	
12	4	1542	3208	853	2018	774	1841	2944	2021	2218	1911	3983	578	
19	8	33	3851	3477	3432	3642	1508	3219	3336	278	3596	1432	3903	392	2487	3245	4063	1744	2136	2804	
14	9	1073	3288	359	3458	3647	4144	2235	2425	3837	932	3566	1919	2221	3940	
8	6	2844	3726	2450	2653	674	2075	2703	61	
11	4	1993	3616	3766	3485	3690	1249	1927	3751	1718	2377	2606	
16	8	1165	1402	1365	2997	3075	2784	1719	2935	1626	776	3789	3191	991	2880	3209	752	
18	8	3778	2078	1939	1489	2999	3065	3039	34	48	2054	2141	1609	2354	2400	3348	1485	1645	3691	
14	7	1187	3619	2276	339	2158	3824	756	4145	2465	4102	3718	1973	3386	1765	
16	8	1284	222	1458	2511	827	2525	2607	2452	3732	1865	3031	2336	1805	16	1901	447	
20	9	1937	2731	316	2473	8	2259	522	5	571	1681	2876	780	1928	4189	2237	1703	2556	4276	754	2506	
14	5	4116	1469	131	945	1413	933	1828	1167	3807	2251	1883	2257	1580	1655	
11	4	1339	3393	3303	209	4247	890	1607	2644	3489	634	2764	
11	7	466	3956	2191	2500	3909	2038	2458	3683	3239	91	1569	
13	4	3523	3793	2427	485	1572	232	1984	1134	579	3124	3004	94	332	
17	8	3197	3886	2750	2225	3260	1161	1042	563	1722	556	2552	2229	3234	3603	2470	474	4180	
13	5	3287	2924	4304	3773	4081	886	3444	1357	516	2193	2020	1893	1859	
13	6	44	3233	665	2198	2654	1143	2127	133	1422	2379	3445	2574	596	
11	4	3486	3536	2841	2100	1756	1407	617	2004	4153	2892	874	
12	7	1386	3885	2573	3072	2831	3354	4173	2406	4060	35	1342	2796	
13	5	798	2397	1014	484	511	611	3696	2563	2909	1381	1355	3887	934	
14	6	1573	4158	2302	1044	2923	361	3125	1269	3541	1248	2847	2645	1550	3864	
14	5	1975	3155	2204	908	2353	287	3040	3768	2727	3371	3976	3893	4111	2502	
11	5	2091	3259	4318	85	799	3662	389	777	2849	503	2049	
16	9	1061	135	2531	2334	4162	4265	2787	1085	2104	1800	1593	2113	919	3652	3112	438	
16	10	653	102	1701	3858	3730	615	3799	1527	2659	3185	3592	2694	2381	1963	2856	832	
22	13	3919	3509	213	4021	2666	378	2361	875	1945	342	2200	4067	1873	1416	2325	2514	3092	2559	3798	3029	4024	1040	
13	6	321	3708	4199	13	3866	1992	3146	2375	2187	3357	4306	3460	2240	
12	8	3927	1437	3244	1962	3994	2657	3572	1899	51	3143	3794	2660	
21	11	3005	1697	3123	671	2108	749	4136	1141	3298	2338	2445	965	17	2093	4244	173	3332	2247	3214	549	1502	
10	3	1929	1463	574	246	1286	145	488	3810	606	3957	
21	12	3416	1846	1354	2348	1102	371	304	2725	2869	3791	3936	3720	4087	495	946	3252	2744	4026	2977	2112	3061	
16	8	3743	2501	667	2268	3520	2960	2872	257	487	3247	2178	2217	4097	3978	3476	4191	
11	5	537	1411	3400	4129	2170	3451	573	1827	264	3707	45	
14	5	1912	927	4312	4016	1171	81	690	4156	4274	1840	2374	1118	2352	4296	
14	9	2672	4200	10	2696	1498	3041	2987	242	494	1797	2424	1098	2688	3016	
17	10	2448	978	355	3920	1222	478	394	2390	1693	1501	3809	1264	1870	2233	3763	2697	4205	
20	8	897	1808	3822	3959	2594	2052	2098	3528	3705	3087	2440	986	678	1530	4280	2211	857	1798	3767	4204	
16	8	795	2320	1495	2570	2024	3494	4038	3499	635	2342	3107	3910	3290	2062	815	644	
17	7	1183	2234	1486	561	2773	564	521	2346	1430	3629	2897	1590	1813	4202	3580	2183	1966	
9	3	570	1589	3682	1546	894	2391	236	1888	2488	
21	9	3391	2417	1356	2333	1123	1608	2845	3345	3326	588	1552	4216	2196	261	2775	3171	481	711	2437	3937	4053	
14	9	3422	2428	262	1333	1255	4253	207	3387	206	137	550	2980	2587	3838	
16	7	1079	307	1089	3933	1972	797	1301	2716	3111	1523	1606	4190	2135	1960	1496	2177	
16	6	3608	2219	1491	3589	4196	3963	1769	3981	1794	585	2874	2145	176	1872	1046	3462	
19	10	2166	3413	279	3425	1471	2213	2179	638	285	2870	2485	113	1427	1069	3855	270	333	3	822	
7	3	335	803	1646	3190	1312	3235	68	
11	3	3395	2803	4299	18	180	547	2937	4140	2611	3657	3737	
15	9	3550	2616	126	1267	3875	2819	1528	1762	1735	676	3510	2524	2984	3618	2701	
21	9	2990	4203	2863	39	404	4228	2422	2350	456	1125	1178	2472	1334	1856	1241	2447	2630	1162	2055	2084	3985	
12	6	1395	830	489	1345	274	3930	1636	4160	1666	2763	879	1158	
15	8	2800	3923	2285	2906	1759	3506	1006	2105	1175	3484	1	1723	3261	2267	1906	
9	3	1492	2927	2834	2001	701	2724	3069	1538	4220	
16	6	499	1246	666	263	3256	2337	2230	2266	1896	433	1245	1831	3003	1287	3088	3211	
17	9	743	2832	990	203	3113	1742	2357	3583	3939	3815	3560	1318	3006	2162	3249	1032	1099	
11	6	2777	3675	1857	3257	1629	1647	3461	751	2807	1100	71	
16	7	1300	167	3135	1021	1119	1714	1644	491	2389	2733	1268	1417	2886	755	1729	593	
13	4	95	1092	1439	1227	1741	36	2321	3604	1692	2668	742	4179	2316	
18	8	2474	1568	3347	1687	3783	1696	3970	12	480	2290	740	3192	4143	3480	62	3518	3158	1338	
13	5	2592	718	3048	505	365	2609	200	2317	3108	1292	1266	4107	703	
11	4	3433	319	2418	4308	1707	3954	866	623	14	2643	834	
23	12	3059	1812	845	2950	454	2151	957	1699	785	4152	1399	3456	2557	2208	1877	4195	1438	401	1702	3032	63	2367	526	
18	8	1555	2982	3411	3576	3098	2002	2837	813	3156	1610	1995	1428	3106	1725	3846	253	3452	1449	
9	3	3836	2518	2074	2103	183	20	3246	2705	3320	
21	11	3899	3974	966	3639	2590	152	1531	788	914	3648	1614	4002	4267	2823	1981	1077	3784	3557	969	2988	398	
15	8	1444	1712	3512	3329	2967	1631	3488	1196	185	1996	3051	1959	3026	2765	4139	
19	10	2896	170	4025	1068	2248	4319	2632	2595	814	3446	591	1971	607	2308	2822	1835	888	1510	721	
15	5	2355	190	3153	944	2432	3215	3953	30	2043	150	1801	258	293	2110	1918	
17	8	548	902	233	889	1886	1487	898	2793	448	3082	92	3617	1949	3695	2175	2824	3373	
17	8	370	2165	4040	161	3368	1730	4226	2572	2388	4315	2270	649	2530	3483	4076	1443	2273	
21	8	3024	3949	542	681	2356	2678	1509	1440	138	212	2926	4301	2436	4090	472	4230	1303	1049	2647	1654	1861	
12	8	3054	2711	123	32	2199	523	3555	1717	1007	1139	3289	1205	
11	7	3265	268	3144	672	2190	3620	4213	1882	3564	3764	2890	
13	7	59	3306	2099	2442	3105	1307	906	1737	3453	4079	3637	4277	679	
13	5	208	2083	4104	1154	839	1250	3304	4232	1330	881	132	4126	2119	
26	13	2144	1920	2446	169	3853	1151	2936	1377	1072	3712	1177	413	3206	1533	2298	3668	2945	2558	228	719	2480	3409	3551	2058	3497	3091	
15	5	2954	2011	3030	88	775	4279	802	400	529	2140	3182	3130	2736	105	1778	
13	4	2244	1753	2973	1004	2197	859	3521	1261	280	3738	4083	2864	1832	
14	7	3935	3922	950	2313	3703	1164	3599	586	1474	2081	1209	4150	3715	4285	
12	6	1544	459	3872	56	3074	2138	538	2917	202	3547	1283	3301	
14	9	1567	4255	1598	4032	2883	1262	175	4222	1393	2535	1512	3478	1553	383	
11	6	2477	1394	192	1706	442	3504	3213	1217	3172	1754	861	
13	5	850	4030	1396	3787	2014	3198	4080	4065	1749	3437	3645	624	3227	
11	6	1484	198	543	1845	3800	3765	1964	912	125	3817	3681	
9	3	2498	2510	4303	2096	2783	1909	1442	594	576	
15	9	3220	2310	3449	916	1327	2287	2795	782	764	2399	271	2656	1375	346	3383	
17	7	1294	3804	2741	4005	984	3882	3423	1173	2839	2734	1727	1970	3218	3750	1521	4137	3136	
17	6	3010	3073	1326	2155	1793	1683	2627	3861	259	4022	2799	2040	3613	432	3831	3481	972	
15	5	1001	1317	3330	3163	4115	4134	1951	3013	4004	1290	2706	2674	737	2291	1288	
14	8	1208	111	3884	3890	3100	4245	4020	1310	4287	2382	766	317	1842	467	
11	6	106	1193	3680	686	577	3015	3151	3587	2363	818	4124	
14	6	3529	211	1070	2109	2292	3176	509	4123	1514	4058	2444	1582	2817	29	
17	7	2241	1869	1159	3753	987	691	3498	322	2655	2007	796	2748	1934	660	3045	3229	4120	
16	9	1600	1780	3517	2398	735	3210	3586	1090	2494	760	2035	3090	1347	1240	2726	2420	
17	8	1947	1595	471	3832	810	728	172	2946	2172	1091	2255	687	420	2759	3877	1253	350	
15	6	731	302	692	3850	1036	1328	2439	3965	2966	4018	2742	3224	1289	1733	670	
10	7	508	2051	73	2971	1785	399	833	2887	483	2957	
17	8	3725	457	1670	1023	2491	4157	1002	4094	160	3991	584	1944	147	255	2331	3248	3109	
21	10	3429	2085	2256	154	1476	1755	3721	3584	2	2931	1037	3797	970	1985	3869	4084	3932	3242	2857	338	2299	
15	6	2853	326	3565	2279	2580	2154	1128	1291	1130	2961	1263	3742	1401	281	3179	
14	7	2789	3977	873	1127	3747	2503	4132	1721	844	1316	1314	2814	2364	535	
16	7	697	696	2730	646	305	1379	2753	2455	520	3150	1172	730	801	622	2830	2016	
13	8	324	2755	239	2239	1734	265	1298	3431	3007	329	1634	2885	1539	
16	6	1147	4248	884	1751	2056	1420	3001	3490	3756	2583	468	469	604	2669	2030	1480	
10	3	2307	2365	1388	1603	772	3741	1871	3549	1013	1782	
13	5	1534	2998	4198	3962	2476	2614	2554	2102	3008	2840	4125	2441	3546	
8	4	4048	4093	2542	4013	590	4164	1989	3686	
14	9	2411	2806	226	4223	631	75	2600	4309	1711	3833	3110	3052	4033	4291	
9	6	408	1235	1897	1675	2008	2309	1258	3369	3440	
23	13	2242	2709	3574	3989	2111	1915	1168	1233	2368	1060	1336	4057	1185	4064	1297	1913	2743	4292	1199	1359	2904	887	3019	
16	9	1643	1117	2689	462	2283	3524	428	744	1020	4017	3816	2631	558	431	4183	2304	
13	4	3525	3606	2167	1713	2981	1034	1969	4316	3388	2238	3975	1018	1710	
11	3	836	1731	3099	723	1705	1081	312	2069	3216	3141	915	
15	7	713	3716	476	1088	3961	613	26	1787	1053	507	1662	1839	918	4023	1557	
13	8	3358	2879	3430	741	3711	3719	1584	3180	3295	374	3943	1862	904	
8	2	739	3806	3625	3904	3382	2095	4281	4096	
14	9	142	2683	2260	314	3120	1278	2534	282	3184	3139	2426	3945	541	996	
16	9	4085	3314	2066	2860	2323	3466	1323	2602	2920	1389	1348	1003	882	3663	1579	962	
11	3	1237	2250	3014	1968	2207	3736	291	2704	733	1931	4159	
16	10	4039	900	245	1097	3009	1223	1554	1066	4117	2393	1889	4100	2222	1062	2768	3328	
12	6	82	1415	1616	806	449	1987	3293	3318	843	3353	1376	3982	
10	4	3420	1807	77	496	54	1027	3801	2941	2884	89	
11	6	2761	3280	2717	1887	3925	1412	1720	3844	1207	3272	2662	
10	7	2041	3918	3140	3473	967	437	4234	575	3848	896	
17	10	3323	427	2752	3770	3694	4019	3626	2649	1826	2493	1825	58	1488	3472	3186	3795	1999	
17	7	1275	1144	2682	2721	1360	2567	689	2836	557	407	960	3337	600	162	1520	1925	3847	
15	6	358	247	1315	3212	3522	1814	2347	3049	256	46	4317	1757	1900	1016	357	
14	8	3845	55	2871	2249	3084	1950	4074	3263	1991	3769	1057	2033	4142	791	
13	4	114	388	2527	3898	2862	3131	1860	2673	2423	3612	4193	3377	693	
15	6	1325	849	194	1424	391	4314	854	3137	2641	1276	3544	2274	2306	4119	2670	
14	9	2635	3630	2947	1819	2972	3623	2495	3025	3149	4270	3659	1363	434	356	
15	8	1435	1384	3646	1335	164	2328	2894	3788	1621	1815	4029	3849	1229	320	2451	
12	5	2360	2125	2132	4181	3615	3284	1129	1140	1373	3621	4174	2526	
11	7	704	2312	1790	1876	1201	1012	4258	3563	3367	2601	393	
14	9	4099	587	3944	1914	402	4177	4141	1184	3947	4059	3447	277	1680	4075	
15	9	1441	458	130	4146	2454	331	1322	1243	1383	1015	840	243	641	3924	2648	
15	5	800	805	53	609	3307	351	1689	925	910	3167	989	1650	911	1254	249	
18	9	1933	3568	2246	2332	4311	2025	3428	2314	847	3034	2928	3819	1597	2271	560	1142	1504	1659	
9	2	4165	1601	759	4091	3777	536	72	1777	364	
7	4	181	1035	4015	1541	2772	2380	1353	
10	5	2403	3351	568	1048	938	1588	3717	2515	1942	2137	
10	7	1772	3173	3273	57	2675	1058	2152	3204	1126	1082	
15	9	2029	1811	349	3723	101	958	2482	1952	998	2499	1230	1251	817	3825	2664	
16	9	1829	353	994	581	3002	3979	1103	1638	4236	3654	4290	2401	552	4007	746	4130	
10	3	3435	477	2812	964	2778	1324	1497	2815	2296	848	
16	7	963	296	1156	3775	66	4089	4262	3699	3678	1238	2922	3915	2295	1976	1632	2319	
15	7	4055	812	3900	1561	2881	2370	2195	2942	851	4135	637	78	3443	2015	786	
17	8	3340	1319	3236	3667	1466	4269	3658	3283	1763	2546	1524	2322	4014	3687	2372	3317	3702	
13	5	2028	116	1076	2911	1228	1917	1436	1350	3734	2185	2722	3361	988	
11	3	3674	2147	3392	2992	3134	1152	3011	3786	1039	3331	1009	
11	4	2989	2433	2264	1084	2278	2685	636	490	3868	3665	396	
16	9	1641	909	3605	3464	1880	4201	2173	2402	1816	1890	1109	747	3610	1515	4182	1056	
15	5	645	2826	583	1398	3516	2351	188	2625	2214	2065	1633	2888	734	2974	2838	
17	9	3700	301	707	3567	3883	2629	4078	1146	2540	3545	1074	1337	1810	1700	3677	3389	4286	
19	8	2821	1660	1378	470	112	980	3585	2394	3724	4239	1108	936	1618	450	1361	949	3701	2077	395	
20	10	1358	2661	3162	738	2129	1803	2269	2366	2996	2728	4176	1651	3200	2176	3880	2453	3352	1366	2593	1726	
21	10	4056	2939	3780	1830	405	3294	1367	4035	525	1994	1898	1352	779	1194	1708	2468	2964	3543	502	3823	2663	
10	7	643	1885	38	334	824	4266	1602	1332	3119	1176	
16	8	3038	269	1192	3047	1786	2311	1174	136	3902	2315	1956	1309	1451	4003	3628	475	
18	11	2047	2698	2407	1562	2275	684	725	4275	3749	1850	4243	1311	1658	1340	3526	688	313	235	
9	3	1905	1467	2757	1802	40	2820	3408	2467	1477	
15	7	2341	530	1116	2414	2969	2652	3998	1652	2564	1961	2910	2848	569	4293	3997	
17	9	501	3250	397	999	1170	3145	1385	654	3731	4295	1773	727	4171	1211	2779	406	2101	
17	7	2833	1026	1226	2858	1656	1635	4271	4219	2118	864	3240	1505	2522	4251	1041	3268	4310	
16	6	3894	809	3434	2153	2825	4092	3897	196	1884	4131	1690	4077	2463	3878	3996	955	
15	5	97	1105	942	1903	2893	2232	3085	416	3057	4208	1852	4283	3888	1063	290	
9	3	1965	3365	1551	74	629	3080	4049	1938	4272	
15	8	140	1387	1789	1482	2150	3251	765	1460	1536	3475	3984	2048	1637	3973	1796	
16	7	1045	1429	3228	2194	995	2846	1010	3914	1450	3223	3044	554	974	3827	1746	2490	
9	4	589	2106	2621	3189	1110	1758	2577	205	2252	
15	9	3438	2958	4282	2813	2508	1743	1121	4217	2339	1774	2575	656	981	1668	2684	
17	7	3193	1494	1612	3095	3740	3672	1293	3811	528	510	3076	514	6	939	1132	492	630	
13	8	1838	3891	4086	2802	3102	2866	2044	2301	90	2900	1210	1532	214	
15	5	3406	1943	217	2686	3254	2164	3469	2617	3938	3159	2548	119	621	2421	368	
17	9	3083	2182	1206	227	2026	2962	658	3442	1620	2076	3079	1529	2895	1781	2431	4221	2687	
10	4	2700	524	159	1052	1663	1891	3835	807	2679	201	
10	3	3183	2469	3177	2492	3117	985	3346	2478	4073	1639	
16	8	867	931	1472	1775	1677	382	4052	3534	1948	3627	2788	4184	2327	4133	3302	3165	
22	13	2781	1320	2720	4297	3230	1954	4233	3911	1686	443	3532	4109	3581	1581	1596	1795	3313	2766	664	1094	1180	642	
15	8	710	2959	1978	895	2612	2509	1625	122	191	3758	2284	2107	24	1120	2326	
17	6	387	118	1095	539	1822	2086	2729	2006	695	3500	52	601	1767	2955	1611	3614	662	
8	2	1304	224	961	3450	893	3968	3655	2576	
13	7	23	108	821	141	3867	248	2993	1414	1364	3068	3121	2599	3278	
14	8	2349	4209	3474	2623	595	872	4128	1849	2912	3913	2171	1225	230	783	
14	6	3187	1456	1672	1783	2223	229	3311	4170	3020	444	3942	808	4051	4138	
12	6	3207	4122	286	1894	835	4167	2794	1244	1149	3771	2036	1559	
20	12	1563	3706	3710	2410	1525	790	841	2854	2037	2430	4264	3602	3404	2512	1739	1669	1848	3874	3653	3879	
17	7	632	899	3271	421	551	1982	2059	3170	424	2760	1475	3912	3471	220	3312	1760	4155	
9	3	4000	3000	2756	238	306	1370	2951	315	410	
17	6	67	2519	3527	3972	619	3439	1214	1676	3035	2828	3896	2061	614	2634	3104	4031	3990	
14	7	811	3308	1770	2114	947	384	2843	2126	4320	2902	3638	669	3860	2343	

1	419	836	923	1284	1444	1453	1492	2242	2833	2918	3197	3531	3778	3779	4036	4099	
2	23	272	328	1133	1300	1325	1837	1947	1955	2144	2241	2672	3010	3207	3399	3899	
3	345	587	618	1038	1138	1208	1933	1965	1993	2216	2349	2355	2474	2497	2619	2844	
4	33	50	59	67	370	713	743	811	1079	1484	2498	2584	2628	2700	3187	3340	
5	82	216	367	408	645	697	897	1061	1187	1568	1712	1866	2028	2209	2896	3024	
6	379	837	867	937	1834	1920	2029	3344	3700	3726	3856	4008	4039	4055	4085	4116	
7	1026	1073	1358	1395	1469	1478	2405	2408	2496	2510	2635	2737	2867	2954	3220	3341	
8	460	1183	1397	1863	1937	2078	2186	2761	2800	3037	3406	3416	3420	3949	3958	4048	
9	97	131	358	903	1544	1641	2063	2547	2986	2990	3253	3306	3374	3395	3568	3616	
10	108	386	828	1346	2446	2731	2803	2927	3287	3429	3492	3525	3836	4200	4203	4209	
11	83	124	190	726	798	945	1165	1576	1595	1939	2085	2709	2853	3021	3550	3743	
12	430	524	650	710	731	1105	1202	1294	2385	2518	2519	2834	3222	3308	3391	3463	
13	321	696	704	1203	1555	2010	2411	2789	2821	2863	2959	3314	3523	3630	3733	3818	
14	44	471	830	860	1078	1386	1731	1846	1975	2047	2661	2708	2982	3193	3203	3608	
15	542	821	901	909	2501	2568	2616	2777	2806	3093	3894	3935	4009	4122	4206	4241	
16	111	167	372	466	681	1050	1390	1435	1728	1811	2142	2429	3279	3334	3793	4000	
17	98	126	286	360	429	493	1045	2234	2504	2536	2698	2781	3233	3319	3323	3411	
18	114	169	223	425	712	942	1237	1319	1671	3027	3038	3327	3725	3727	3851	3927	
19	95	146	300	632	1135	1507	2307	3046	3325	3347	3358	3474	3605	3766	3845	4151	
20	39	142	770	1320	1429	1437	1468	1573	1829	2579	2801	3054	3073	3116	3269	3435	
21	116	187	303	344	489	653	800	971	1219	1643	1894	1967	1978	2099	3464	3529	
22	135	369	805	868	1368	1489	1818	2356	2592	2596	2965	3280	3486	3574	3619	3832	
23	208	643	1188	1415	1921	2310	2397	2415	2832	2901	3086	3114	3422	3853	3885	4158	
24	307	353	388	427	667	850	1008	1235	1339	1354	1624	2011	2041	2159	2943	2989	
25	153	309	1247	1660	2080	2166	2348	2417	2553	3005	3059	3183	3477	3916	3989	4093	
26	140	198	269	377	387	592	1147	1151	1267	1273	1903	1929	2250	2318	2513	2692	
27	42	102	457	517	1384	1456	1912	2531	2879	3083	3099	3370	3417	3559	3752	4056	
28	166	211	302	508	537	849	931	1226	1275	1486	1542	1670	2371	2671	3432	3606	
29	222	809	900	927	963	1356	1441	1463	2413	2529	2924	2947	3135	3244	3433	3576	
30	60	194	501	506	628	692	773	940	990	1157	1160	2074	2826	2939	3202	3208	
31	165	574	589	1402	1990	2281	2333	2730	2816	2936	3126	3228	3729	3814	4248	4252	
32	76	316	758	795	1001	1433	2087	2427	2433	2481	3000	3449	3908	3917	3919	3956	
33	245	288	335	423	812	1014	1365	1377	1411	1424	1556	1571	2182	2448	2818	3194	
34	158	170	246	296	404	646	1592	1642	1764	1838	1897	2520	2527	2623	3036	3485	
35	871	1072	1192	1458	1665	1687	2359	2603	2720	2752	3101	3400	3642	3674	3841	3944	
36	226	326	484	640	757	1117	1413	1697	1807	2066	2147	2442	3098	3322	3430	3512	
37	301	673	810	973	992	1220	1277	1296	1563	1570	2088	2139	2256	2268	2341	2443	
38	10	55	144	530	595	700	853	1021	1213	1770	2244	2360	2473	2636	3153	3161	
39	324	548	761	1136	1286	1526	2114	2165	2683	3250	3505	3509	3698	3770	3891	3923	
40	1387	1855	2285	2302	2344	2858	3030	3360	3530	3706	3744	4297	4299	4303	4304	4312	
41	8	159	213	499	511	1119	1317	1494	2005	2404	3123	3365	3609	3690	4016	4088	
42	276	458	1656	1772	1789	2001	2210	3033	3230	3708	3834	3951	3977	4030	4210	4223	
43	18	349	485	994	1097	1116	1326	1578	2106	2461	3162	3390	3393	3646	3694	3875	
44	199	203	221	319	482	902	1304	1406	1745	1808	2083	2320	2689	2810	3047	3160	
45	561	707	1249	1378	1694	1747	1880	2276	2717	3236	3527	3783	4021	4025	4199	4228	
46	224	543	739	820	1086	1246	1696	1812	1914	1954	2573	2712	3712	3723	3804	3918	
47	233	470	944	997	1068	1092	1177	1551	2091	2134	2428	3886	3974	4086	4118	4149	
48	118	244	363	413	498	583	666	953	1023	1362	1600	1667	1761	2194	2303	2516	
49	128	305	884	966	1616	2002	2096	2220	2330	2642	2678	2755	2940	2999	3105	3140	
50	1052	1156	1927	2131	2191	2192	2666	2735	2860	2985	3155	3157	3639	3822	4010	4019	
51	218	262	378	402	440	741	1200	1341	1452	2403	2407	2741	2948	3865	3922	4127	
52	21	263	718	899	1095	1780	2369	2422	2829	2889	2968	3241	3972	4040	4070	4186	
53	106	414	724	1076	1495	1509	1663	2133	2361	2750	3206	3217	3281	3342	3536	3593	
54	154	247	539	829	947	1044	1684	1905	2111	2365	2598	2819	3413	3600	3950	3993	
55	464	619	685	950	1005	1089	1206	1335	2060	2466	2696	2773	2930	3438	3517	3773	
56	70	77	139	145	186	553	804	1083	1181	1887	1930	2997	3256	3259	3324	3330	
57	53	130	184	603	648	845	895	933	1112	1307	1398	1599	1819	2691	2723	2783	
58	283	339	391	1102	1635	1786	1828	2161	2204	3065	3075	3716	3812	3843	3850	4001	
59	627	905	930	1051	1792	1869	2158	2570	2695	2749	2950	3931	4233	4271	4314	4318	
60	417	497	683	858	872	1093	1123	1562	1714	2398	3385	3434	3900	3925	3986	4146	
61	134	161	385	564	975	1017	1036	1159	2219	2837	3039	3392	3520	3870	4201	4219	
62	85	120	611	873	908	1106	1122	1333	1379	1410	1426	1575	1608	1845	2153	2469	
63	239	826	875	1396	1885	2248	2260	2323	2785	2898	3113	3265	3598	3626	3863	3933	
64	279	477	518	701	1472	1644	1892	1915	1940	2024	2312	2612	2958	3177	3824	3959	
65	141	459	738	792	995	1054	1804	1943	2173	2450	2711	3009	3163	3421	3667	3775	
66	109	426	570	753	854	1440	1508	1980	2418	2491	3014	3154	3231	3288	3519	3696	
67	34	659	717	723	735	1466	1491	1498	1742	3232	3710	3813	3967	4068	4081	4115	
68	769	1315	1567	2225	2454	2477	2845	3375	3898	3911	4072	4104	4282	4289	4308	4319	
69	164	168	397	454	705	813	1329	1371	2414	2432	3219	3286	3345	3368	3425	3466	
70	88	104	314	436	928	1675	2018	2032	2125	2151	2254	2464	2560	2624	2640	3212	
71	25	69	1223	1482	1528	1945	1968	2072	2167	2511	2594	2911	3164	4005	4066	4071	
72	93	123	371	572	671	698	1070	1071	1167	1533	2243	2995	3137	3262	3300	3470	
73	112	217	756	827	1394	1705	2150	2294	2855	2906	3067	3351	3675	3780	3970	4095	
74	32	568	581	1075	1751	1790	1891	2566	2771	3048	3103	3173	3573	3594	3787	4129	
75	28	192	862	978	980	1189	1404	1476	1895	2358	2632	2809	2949	3002	3251	3336	
76	273	342	763	1193	1232	1589	2092	2132	2311	2313	2337	2505	2686	3120	3238	3979	
77	597	768	929	999	1114	1257	1657	1830	2353	2797	2908	2972	3329	3401	3713	3872	
78	74	304	728	1127	1272	1439	1503	1572	1661	1858	2117	2155	2200	2246	2509	2756	
79	174	486	957	1055	1168	1170	1412	1625	1707	1730	2350	2410	2523	2542	2725	2813	
80	56	456	521	1672	1779	1822	2275	2449	2595	2871	3260	3585	3806	3948	4177	4226	
81	66	127	384	1448	1525	1762	2108	2261	2591	2649	2841	2869	2960	2992	3495	4185	
82	177	491	512	631	984	1534	1713	1857	1907	2402	2563	3072	3303	3753	3760	3785	
83	13	38	375	405	749	775	889	1028	1154	1171	1755	1783	2124	2389	2483	2525	
84	251	1471	1936	1946	2328	2357	2459	2590	2784	2969	3254	3294	3439	3554	3567	3625	
85	149	1255	1321	1345	1612	1941	2103	2170	2213	2346	2604	2641	2782	3071	3583	3782	
86	99	122	237	987	1174	1392	1701	1908	2100	2207	2249	2394	2621	2808	2894	3095	
87	48	65	172	451	814	1144	1759	1820	1821	2052	2676	3041	3145	3467	3883	3939	
88	43	138	278	883	906	1323	1367	1775	1876	2259	2334	2613	2792	3084	3565	3703	
89	81	663	839	1137	1543	1706	1756	2097	2199	2607	2682	2762	2846	3270	3349	3721	
90	212	690	774	1227	1720	2230	3451	3473	3506	3596	3724	3807	3964	4035	4062	4089	
91	209	334	609	684	916	1344	1432	1455	1841	1977	2098	2279	2288	2539	2932	2946	
92	101	191	260	665	886	1233	1407	2129	2172	2862	3018	3396	3584	3661	3800	4046	
93	75	152	331	567	691	725	835	1349	1737	2082	2251	2452	2582	2893	2944	2987	
94	232	522	1006	1561	1803	1886	2298	2652	2909	2915	2938	2981	3097	3131	3548	3815	
95	136	803	952	1111	1381	1677	1997	2050	2051	2056	2269	2368	2545	3315	3441	3444	
96	308	831	865	1166	1305	1388	1511	1816	2123	2227	2239	2602	3307	3515	3732	3884	
97	5	274	476	1752	2877	3522	3649	3668	4136	4231	4239	4250	4253	4255	4263	4269	
98	227	462	580	806	1155	1517	1679	1854	2198	2396	2923	2926	3487	3776	3858	3971	
99	183	496	1640	2021	2383	2435	2479	2747	2825	2881	3127	3156	3453	3658	3747	3954	
100	355	612	626	765	1081	1161	1295	1806	2508	2733	2802	3271	3274	3514	3635	3660	
101	73	1141	1420	1715	2086	2109	2277	2538	2721	3516	3740	3844	3966	4013	4092	4141	
102	27	337	382	566	958	1042	1268	1847	1860	1865	2264	2489	2654	3188	3292	3634	
103	956	1091	1385	1417	1743	2023	2026	2054	2351	2366	2713	2770	3757	3805	4067	4181	
104	617	1516	1610	1734	1824	2255	2266	2370	3273	3643	3672	3689	3926	3930	4128	4162	
105	323	505	1029	1087	2503	2580	2758	3363	3454	3650	3866	4235	4246	4262	4275	4301	
106	449	732	762	1000	1034	1164	1195	1293	1327	1566	2967	3215	3503	3730	3739	3761	
107	362	525	687	694	1103	1531	1585	1631	1793	1814	1890	1972	2057	2105	2154	2223	
108	188	629	654	823	967	1360	1699	2008	2287	2528	3599	3632	3699	3791	3873	4165	
109	1024	1108	1121	1467	1604	1950	2174	2205	2482	2872	3326	3589	3862	3941	4178	4197	
110	359	582	794	1060	1143	1278	1648	2347	2561	3298	3343	3711	3765	3882	3890	3920	
111	961	1169	1636	1683	1736	1791	2492	2665	2751	2831	3189	3446	3508	3736	3867	3998	
112	655	709	736	1128	1322	2118	3063	3494	3528	3624	3731	3751	3903	4113	4249	4273	
113	380	531	571	863	1243	1336	1598	1652	1741	1766	1873	2283	2436	2753	2757	2952	
114	143	287	1306	1355	1416	1719	1987	2034	2629	2812	3354	3790	3953	3980	4079	4082	
115	182	229	441	590	680	785	790	824	1291	2541	2625	2996	2998	3080	3488	3678	
116	563	591	1084	1175	1380	1826	1896	1994	3210	3719	3811	4032	4038	4057	4074	4157	
117	1971	2325	2500	2572	2627	3042	3359	3402	3423	3586	3641	4012	4132	4156	4160	4166	
118	207	340	588	1048	1185	1678	2732	2971	3056	3264	3854	3902	4217	4265	4274	4279	
119	291	439	515	527	559	964	1010	1646	1735	1802	2127	2141	2179	2600	2673	2699	
120	248	421	562	647	1666	1685	1962	1984	1995	2707	3102	3205	3378	3666	3828	4152	
121	129	254	361	638	784	864	1207	1430	1584	1738	2014	2045	2376	2395	2878	3074	
122	30	181	348	523	1383	1638	2278	2746	2883	3125	3240	3311	3398	3498	3861	3906	
123	437	488	2195	2292	2338	2567	2795	2920	2970	2979	3081	3412	3881	3921	4064	4229	
124	250	265	551	1222	1431	1722	2215	2262	2388	2455	2493	2935	3049	3078	3096	3190	
125	12	64	297	373	616	1015	1088	1110	1298	1686	2164	2754	2827	2866	3077	3198	
126	838	1262	1423	1771	1825	1849	2787	2945	2978	3128	3293	3524	3560	3692	3705	3749	
127	2	117	1238	1500	2423	2462	3100	3379	3714	3788	3936	4167	4211	4218	4225	4266	
128	256	573	841	1002	1343	1389	1481	1785	2332	2912	3285	3680	4187	4237	4245	4261	
129	40	443	788	797	1250	1609	2148	2534	2728	3001	3176	3394	3897	4105	4170	4196	
130	175	234	866	943	1487	1850	1964	2044	2090	2218	2232	2638	2962	3304	3469	3810	
131	284	285	318	478	1090	1586	1628	2620	2922	3397	3623	3842	3963	4080	4094	4194	
132	686	2617	2710	3257	3673	3803	3999	4027	4236	4294	4302	4307	4309	4311	4313	4315	
133	7	178	312	365	520	556	1265	2071	3031	3117	3427	3511	3685	3889	4168	4198	
134	322	480	917	1101	1184	1299	1505	1629	1698	1823	1926	2495	2993	3087	3436	3450	
135	180	242	446	607	1214	1535	1721	1851	2025	2094	2609	2719	3085	3134	3283	3555	
136	58	86	200	257	275	295	1085	1348	1769	2270	2843	2916	3387	3428	3654	4052	
137	259	938	1228	1297	1522	1560	1602	1676	2290	2308	2315	2778	2854	2870	2991	3579	
138	416	649	651	1125	1134	1601	1711	1864	1917	2012	2053	2104	2776	3012	3484	3758	
139	238	540	547	898	914	936	1025	1178	1425	1758	1827	2073	2384	2514	2655	2724	
140	54	306	782	1152	1196	1318	1399	2214	2339	2942	3338	3636	3772	4011	4049	4090	
141	57	133	299	509	716	793	893	1270	1312	1992	2301	3180	3237	3318	3835	4078	
142	20	36	160	399	415	979	1027	1201	1718	1883	1898	2037	2065	2445	2522	2577	
143	433	920	1269	1853	3493	3569	3637	3955	3981	3994	4145	4173	4222	4232	4234	4242	
144	292	487	579	807	1422	1621	1763	2089	2507	2811	3092	3615	3684	3904	3991	4123	
145	442	586	714	1012	1035	1352	2184	2465	2552	2976	3089	3263	3418	3490	3541	3629	
146	49	90	428	689	833	1022	1239	1513	1618	1626	1840	1913	2206	2440	2559	2564	
147	148	185	802	965	1409	2229	3295	3456	3808	3840	4134	4176	4238	4243	4258	4277	
148	422	658	764	779	968	985	1130	1285	1357	1615	1633	1681	1956	2314	2317	3040	
149	615	759	778	1194	1370	1554	1564	1991	2354	2379	2430	2740	3006	3181	3243	3720	
150	528	745	976	1436	2284	2289	2485	2793	3346	3612	3801	4247	4264	4268	4290	4295	
151	392	840	913	1003	1212	1221	1552	1704	1753	2201	2546	2615	2675	3247	3539	3602	
152	394	584	847	977	1058	1252	1256	1276	1418	1524	1708	1982	2022	2070	2336	2478	
153	575	935	1308	1414	1474	1909	2115	2163	2228	2272	2409	2557	2876	3272	3291	3458	
154	400	494	679	699	819	1617	1651	1932	2373	2401	2457	2702	2888	2983	3504	3544	
155	196	552	639	722	1279	1419	2122	2168	2900	3034	3146	3499	3532	3728	3768	3871	
156	635	959	986	1059	1442	1514	2059	2069	2693	3124	3246	3442	3756	3876	3914	3946	
157	1311	1457	1768	1969	2116	2646	2822	2842	2933	3150	3382	3647	3938	3960	3962	4007	
158	623	1204	1245	1328	1382	1588	1805	1916	2322	2517	2729	2931	3631	3799	3829	3928	
159	210	282	294	351	1037	1113	1190	1248	2004	2064	2128	2162	2202	2305	2439	2588	
160	268	354	473	1109	1951	1974	2107	2494	2951	3025	3108	3249	3284	3915	4006	4022	
161	46	113	151	760	890	921	1620	2472	2558	2727	2743	3035	3534	4020	4114	4216	
162	219	412	420	555	1301	1350	1577	1800	1952	2081	2282	2565	2653	3159	3431	3448	
163	343	533	1260	1797	2003	2138	2196	2716	2790	2820	3013	3069	3309	3562	3797	3852	
164	767	844	1689	1773	2374	2583	2836	2925	3591	3601	3644	3648	3792	3965	4047	4144	
165	11	155	228	925	1603	1614	1647	1844	2007	2309	2685	3149	3961	4037	4065	4109	
166	418	544	799	1146	1274	1364	1623	1673	2188	2390	2399	2476	2835	3465	3542	3561	
167	374	557	719	869	1658	1902	2000	3144	3213	3216	3947	4015	4101	4148	4169	4251	
168	450	846	910	1031	1047	1118	1215	1428	1483	1774	2076	2434	2569	3166	3581	3769	
169	206	598	744	851	924	1258	1393	1450	2265	2321	2342	2537	3057	3111	3152	3200	
170	205	682	1434	1581	1815	2068	2126	2280	2468	3848	4002	4163	4208	4227	4240	4254	
171	1	407	993	998	1020	1033	1172	1182	1310	1372	1593	1607	2540	2589	2973	3235	
172	545	677	1280	1460	1583	1831	1944	2575	2581	2886	3167	3350	3404	3419	3734	3943	
173	22	47	147	448	529	727	729	747	970	1066	1210	1427	1587	1732	1961	2160	
174	171	261	843	951	1234	2006	2424	2535	2847	2897	2910	3369	3372	3405	3410	3461	
175	241	599	751	1057	1506	1527	1536	1884	1985	2235	2512	2551	2645	2705	2961	3353	
176	137	613	1445	2484	2487	2704	2759	3082	3682	3762	4098	4131	4154	4171	4256	4267	
177	26	674	1019	1454	1470	1784	2035	2178	2208	2657	3887	4175	4292	4316	4317	4320	
178	24	577	733	1104	1693	1787	1877	1979	1988	2274	2300	2937	3129	3184	3622	4014	
179	14	156	452	720	882	912	1030	1361	1558	1591	2471	2714	2791	2928	3079	3106	
180	243	315	468	516	672	1173	1334	1529	1794	1835	1953	2775	3020	3869	3892	4073	
181	15	16	110	336	656	776	1053	1120	1501	2043	2140	2295	2306	2659	2891	2907	
182	179	892	934	981	1324	1541	1574	2152	2438	2586	2887	3133	3610	3669	3693	3859	
183	31	96	500	922	1739	1757	2013	3424	3475	3597	3809	3820	3833	3877	3968	3987	
184	472	668	1340	1674	1976	2499	3068	3139	3223	3320	3563	3640	3819	4091	4212	4287	
185	877	1069	1512	1596	1668	1986	1998	2075	2146	2257	2643	2941	3171	3408	3535	3611	
186	585	740	1497	1523	1546	2425	2786	2966	3107	3482	4004	4087	4117	4140	4195	4270	
187	17	411	444	510	746	1186	1230	1332	1550	1695	1748	1795	2614	2895	3381	3588	
188	1251	1632	1669	1911	2245	3004	3011	3090	3275	3313	3333	3909	4058	4102	4230	4260	
189	255	311	1316	1605	1833	1904	2324	2874	3204	3299	3310	3478	3496	3687	3983	4135	
190	534	675	730	891	960	1041	1065	1217	1292	1538	1548	1725	2009	2372	2839	3356	
191	507	755	1150	1464	1958	2444	2554	2734	3118	3175	3367	3604	3688	3789	3830	3857	
192	197	637	989	1216	1488	1532	1653	2145	2190	2331	2861	2873	3545	3633	3717	3777	
193	150	469	495	772	1074	1253	2611	2644	2823	2852	2964	3028	3110	3170	3457	3620	
194	115	894	2375	2884	3182	3337	3571	3741	3846	3969	4017	4018	4044	4103	4213	4214	
195	176	350	481	641	801	880	1337	1590	1852	1868	1938	2571	2718	2766	3060	3468	
196	271	330	622	676	695	1314	1649	1717	1809	2038	2426	3192	3371	3445	3590	3651	
197	946	1007	1163	1405	1597	2400	2458	2828	3245	3533	3662	3910	4050	4059	4106	4283	
198	715	1145	2176	2193	2393	3130	3297	3816	3924	4063	4112	4143	4220	4257	4259	4272	
199	89	195	550	1129	1690	1776	1788	1882	1981	2217	2293	2412	2631	3053	3066	3252	
200	264	536	558	1004	1139	1209	1309	1347	1438	1781	2271	2406	3022	3316	3348	3414	
201	204	231	390	885	1303	1692	1801	1881	2027	3455	3489	3798	3837	4097	4150	4153	
202	68	431	734	870	1263	1744	1872	1879	2515	2562	2736	2772	3132	3683	3880	3907	
203	94	513	1049	1197	1565	1948	2113	2197	2934	3044	3659	3663	3888	3913	3984	4060	
204	463	1218	1374	1519	1606	1650	1727	1867	1871	2362	2807	2980	3121	3290	3335	3526	
205	817	859	1067	1582	1740	1843	2382	2656	2805	2919	3178	3558	3934	4164	4190	4284	
206	225	634	711	796	852	1077	1266	1515	2079	2352	2848	3276	3289	3407	3500	3755	
207	4	352	678	825	1100	1662	1856	2532	2587	3015	3185	3578	3745	3784	4161	4215	
208	401	504	1264	1580	1688	1901	2093	2231	2380	2555	2608	2647	3384	3480	3592	3627	
209	105	424	560	708	949	1043	1691	1716	1839	2437	2486	2530	2605	2788	2859	3380	
210	92	569	594	608	706	781	1376	1493	1810	2149	2431	2467	2639	2744	2902	3076	
211	1290	1451	1700	1813	1870	2548	2748	3172	3510	3575	3679	3786	3992	4084	4182	4184	
212	35	119	604	1056	1465	2345	2715	2763	2994	3388	3483	3617	3638	3657	3709	3838	
213	327	538	664	876	1107	1211	1240	1408	1446	1750	1970	2187	2392	2830	3003	3055	
214	661	1080	1530	1996	2130	2135	2258	2327	2543	2618	3268	3357	4029	4076	4192	4193	
215	52	72	389	453	879	1330	1848	2020	2039	2169	2224	2238	2651	2760	3007	3142	
216	78	600	636	2180	2181	2814	2817	3151	3426	3521	3572	3718	4026	4077	4207	4244	
217	266	403	576	1241	1342	1443	1749	1960	2033	2252	2460	2480	2574	2738	2974	3029	
218	162	514	621	918	1032	1179	1199	1540	1627	1702	1973	2533	2779	3321	3443	3557	
219	310	406	601	669	855	1889	2067	2185	2668	2794	2799	3218	3234	3366	3447	3595	
220	267	490	834	1094	1403	1767	1899	1900	2706	3119	3141	3707	3746	3937	4100	4221	
221	71	777	780	969	982	1359	1447	1496	1778	1949	2226	3199	3472	3543	3697	4172	
222	445	554	1063	1259	1475	2453	2742	3147	3191	3377	3849	3860	3874	4041	4142	4183	
223	37	410	620	1046	1724	1957	3267	3653	3868	4045	4107	4108	4278	4280	4298	4306	
224	277	657	693	919	1485	1723	2121	2286	2421	2764	2904	3032	3051	3277	3403	3409	
225	51	189	1353	1893	1928	2211	2550	2679	2955	3043	3224	3552	3655	3676	3754	3901	
226	381	742	881	991	1098	1126	1140	1142	1874	1934	2048	2456	3364	3437	3479	3501	
227	121	857	1287	1375	2326	2626	3148	3305	3551	3645	3695	3825	3932	3945	3978	4054	
228	62	132	193	341	771	856	941	1148	1205	1229	2171	2694	2796	2838	3088	3261	
229	6	346	1064	1553	1622	2062	2233	2364	2419	2463	2601	2780	3239	3587	3750	3839	
230	103	173	376	461	660	702	1836	1859	2015	2031	2040	2136	2212	2391	2633	2767	
231	983	1039	1225	1289	1630	1729	1754	2544	2722	2880	2917	2977	3070	3553	3796	4202	
232	125	332	502	954	1862	2267	2447	2804	3052	3115	3715	3763	3988	3995	4042	4043	
233	593	888	1261	1959	2058	2102	2630	2865	3186	3361	3603	3742	3912	4003	4034	4061	
234	202	320	329	703	789	791	932	1096	1799	1983	2046	2175	2343	2475	2674	2745	
235	253	483	688	974	1082	1817	1875	2363	2650	2868	3008	3026	3050	3143	3566	3613	
236	939	1504	1611	1634	2101	2319	2378	2524	3248	3549	3665	3671	3878	3896	4110	4133	
237	432	435	1520	1579	2061	2687	2815	2913	3094	3383	3547	3827	3952	3976	4179	4296	
238	766	818	962	1099	1244	1798	1942	2386	2648	2703	2726	2824	2984	3045	3201	3296	
239	29	214	737	1149	2095	2451	2578	2599	3196	3317	3415	3452	3564	3582	3759	3942	
240	625	1162	1363	1594	1935	2222	2316	2664	2669	2688	2798	3332	3462	3471	3701	4024	
241	79	107	465	614	1011	1271	1373	1989	2019	2247	3580	3702	3704	3794	3855	3895	
242	289	317	347	633	816	911	1013	1521	1547	1746	2963	3229	3376	3440	3664	3996	
243	201	258	748	842	1132	1351	1401	1645	2055	2585	2765	2774	2953	3242	3278	3823	
244	220	270	624	787	808	948	1283	1924	2377	3209	3258	3386	3491	3652	3817	3831	
245	280	1124	1236	1369	2137	2335	2597	2690	3302	3614	3821	4033	4119	4124	4281	4285	
246	157	163	455	1040	2606	2667	2769	2849	3017	3109	3112	3168	3301	4126	4130	4189	
247	298	325	1254	1619	1931	2470	2658	2850	3537	3618	3628	3738	3767	3893	4023	4053	
248	236	281	366	1016	1062	1331	2077	2237	2634	2663	2681	2857	3312	3331	3476	3518	
249	215	393	532	535	565	578	752	1009	1639	2119	2189	2291	2680	3158	3214	3355	
250	45	333	541	549	662	1191	1231	1703	2112	3282	3339	3556	3737	3826	3864	4083	
251	91	395	519	915	1176	1502	1613	1733	1888	2030	2084	2739	2840	3058	3497	3771	
252	240	1242	1449	1510	1682	1878	1906	2610	2697	2864	3255	3507	3781	3905	4028	4137	
253	63	1461	1490	2296	3104	3373	3481	3795	3879	3975	4139	4188	4204	4293	4305	4310	
254	475	878	896	1018	1391	1569	1919	2016	2660	2768	3064	3362	3985	4096	4125	4159	
255	80	357	474	815	1655	1765	2416	2905	2988	3138	3227	3352	3513	3621	4111	4121	
256	9	338	368	409	492	904	955	1224	1302	1366	1760	1910	2892	2975	3062	3195	
257	87	630	670	1158	1421	1480	1664	1999	2670	2956	3136	3225	3656	3677	3748	4191	
258	41	100	230	313	434	479	606	874	1473	2221	2253	2521	3061	3169	3179	3226	
259	84	610	644	1198	1313	1479	1710	1842	1922	2157	2304	2367	2875	2899	2957	3091	
260	235	383	398	1338	1400	1477	1777	2036	2381	2441	2502	3328	3460	3540	3735	4174	
261	3	356	467	652	887	1288	1549	1680	1963	2177	2490	2662	2677	3023	3165	3577	
262	996	1131	1459	1559	1637	2156	2556	2684	3122	3570	3691	3982	4051	4075	4155	4205	
263	249	293	602	848	1180	1281	1557	2526	2549	2856	3016	3174	3221	3389	3973	4069	
264	61	447	546	783	926	972	1115	1654	1782	2110	2183	2273	2297	2701	2885	3019	
265	252	503	822	988	1153	1282	1499	1518	1545	1861	2120	2488	2576	2593	2622	2637	
266	721	832	1537	1659	1923	1925	2049	2143	2299	3670	3764	3929	4031	4147	4224	4276	
267	396	438	526	596	750	754	861	1462	2236	2387	2882	3211	3266	3459	3686	3802	
268	290	605	786	1539	1709	1918	1966	2017	2240	2263	2340	2506	2851	2921	3502	3538	
269	19	364	2203	2890	3681	3940	3957	3990	3997	4120	4138	4180	4286	4288	4291	4300	
270	642	907	1726	1796	1832	2042	2329	2420	2903	2914	2929	3546	3607	3722	3774	3847	

1	0	1	0	1	0	1	0	1	0	1	0	1	0	1	0	1	0	1	0	1	0	1	0	1	0	1	0	1	0	
1	0	0	1	0	1	0	1	0	1	0	1	0	1	0	0	1	1	0	1	0	1	0	1	0	1	0	1	0	1	
1	0	1	0	0	1	0	1	0	1	0	1	0	1	0	0	1	0	1	1	0	1	0	1	0	1	0	1	0	1	
1	0	1	0	1	0	0	1	0	1	0	1	0	1	0	0	1	0	1	0	1	1	0	1	0	1	0	1	0	1	
1	0	1	0	1	0	1	0	0	1	0	1	0	1	0	0	1	0	1	0	1	0	1	1	0	1	0	1	0	1	
1	0	1	0	1	0	1	0	1	0	0	1	0	1	0	0	1	0	1	0	1	0	1	0	1	1	0	1	0	1	
1	0	1	0	1	0	1	0	1	0	1	0	0	1	0	0	1	0	1	0	1	0	1	0	1	0	1	1	0	1	
1	0	1	0	1	0	1	0	1	0	1	0	1	0	0	0	1	0	1	0	1	0	1	0	1	0	1	0	1	1	
0	1	0	1	0	1	0	1	0	1	0	1	0	1	0	1	0	1	0	1	0	1	0	1	0	1	0	1	0	1	
0	1	1	0	1	0	1	0	1	0	1	0	1	0	1	1	0	0	1	0	1	0	1	0	1	0	1	0	1	0	
0	1	0	1	1	0	1	0	1	0	1	0	1	0	1	1	0	1	0	0	1	0	1	0	1	0	1	0	1	0	
0	1	0	1	0	1	1	0	1	0	1	0	1	0	1	1	0	1	0	1	0	0	1	0	1	0	1	0	1	0	
0	1	0	1	0	1	0	1	1	0	1	0	1	0	1	1	0	1	0	1	0	1	0	0	1	0	1	0	1	0	
0	1	0	1	0	1	0	1	0	1	1	0	1	0	1	1	0	1	0	1	0	1	0	1	0	0	1	0	1	0	
0	1	0	1	0	1	0	1	0	1	0	1	1	0	1	1	0	1	0	1	0	1	0	1	0	1	0	0	1	0	
0	1	0	1	0	1	0	1	0	1	0	1	0	1	1	1	0	1	0	1	0	1	0	1	0	1	0	1	0	0	
