4320	270	300	16

20	8	31	2987	472	21	3613	687	288	1244	1724	1976	1349	2771	256	1245	2858	2282	1129	1975	4047	3254	
12	8	157	1016	1358	1949	968	2203	22	4160	357	3322	3965	215	
17	8	136	3671	198	113	2293	3458	3517	4214	4060	695	2198	3269	1529	305	393	843	4245	
11	3	418	2554	3411	1501	1569	1480	1774	2229	2027	1541	3267	
14	8	287	4055	3339	3080	2046	1147	3205	3007	507	3512	1635	250	163	3085	
21	8	2810	882	2043	3019	601	535	260	1836	706	430	2399	588	1469	2444	2416	3433	3722	703	2365	3384	3870	
21	9	2476	1896	1736	3246	233	3994	4290	2275	2934	2395	4132	1081	3134	446	37	4211	4170	2845	667	386	188	
14	5	4220	1	2236	4147	32	2583	3675	3362	293	1778	840	2905	3549	3728	
19	8	4263	1234	2567	1917	3760	4006	3396	3308	2643	2206	3983	1744	4071	1906	1668	1839	3113	397	2083	
18	11	1162	2560	241	3743	1503	1789	17	4089	257	1067	3952	598	290	4119	599	883	533	3323	
15	7	4033	2883	1833	1139	1343	3727	1628	4106	375	885	2579	3237	437	1208	3699	
17	10	2284	742	4230	2289	2154	1792	518	2168	285	3409	4114	3201	526	1439	2074	2379	46	
12	7	1888	2502	4188	1437	2172	1597	1135	2633	899	137	2961	1500	
14	7	1902	143	3879	2526	1116	3710	3995	4020	718	603	3986	940	3104	68	
20	9	2469	122	1056	67	525	3145	670	2225	279	2417	3884	2907	1611	4256	2926	2144	877	352	1779	4163	
16	9	1679	286	1513	3921	4072	2918	773	1924	3912	546	1795	2767	2890	14	630	3507	
13	7	102	1625	4248	3666	2582	4002	3981	3550	1417	3694	2092	3329	1037	
17	6	1743	232	3910	3471	3278	3054	4309	629	1172	1183	434	2281	2493	1946	402	747	310	
18	7	91	3896	597	1430	2805	3344	2871	2075	829	1498	1583	2344	3042	3465	2730	3528	3272	172	
19	9	361	1070	2361	363	564	2107	1180	3909	3705	282	3240	3907	74	725	2470	3721	226	3470	3802	
12	5	2015	1306	3177	3737	347	248	2576	3841	139	2076	2263	1113	
15	5	1773	1275	3942	763	161	2658	2550	2280	2117	938	1287	2530	398	2629	410	
9	3	1235	2269	1840	2994	3011	920	3075	4251	438	
15	5	2997	3765	2110	2742	2577	309	2250	1756	3307	1242	1883	1271	1534	901	203	
14	7	1811	192	51	237	336	915	3817	1099	3454	634	3917	1073	4225	1596	
9	4	661	1413	1735	3611	3382	767	3881	2089	1855	
3	3	2998	2843	3709	
14	9	242	4178	1609	2438	2331	3794	216	2727	1907	3427	3519	759	3678	2335	
13	4	3848	3745	4082	1001	3399	3634	2477	4011	2702	3047	327	3865	3302	
14	6	592	2538	3347	3357	268	922	3540	3032	2036	554	1878	4295	496	2232	
15	8	1342	2191	3481	1770	1043	1915	3997	2509	2879	2706	2861	258	571	2393	325	
9	3	154	218	3073	686	1721	1376	3670	3938	796	
14	7	3740	3155	314	1210	735	3233	1765	2006	1189	2121	3386	2818	422	3193	
10	6	4183	2159	585	2670	2494	3856	2514	1700	2073	303	
11	4	3761	2142	3159	3714	3573	417	2146	1923	3580	2532	3206	
10	4	355	2906	1757	2285	2709	3949	4021	44	4137	1222	
14	7	788	4026	4029	2033	2610	2186	229	4058	4284	1163	3771	4247	1290	912	
16	9	3208	1184	1850	443	3115	1684	1893	2904	4164	1194	3767	403	3749	3663	2179	3941	
14	6	2424	2983	4189	693	81	2588	891	3058	3547	1158	2872	790	960	3355	
20	8	2024	1064	1787	743	1953	3114	2517	1249	3033	3028	1506	1955	3490	1759	3758	910	1901	1350	753	3038	
10	7	1930	2175	220	3890	3585	2072	881	1753	2644	2299	
7	3	126	2744	2573	155	3810	3826	1394	
17	7	2018	2715	3735	3394	2740	969	3531	3494	1068	201	3882	3253	170	854	2928	806	734	
12	8	1585	2922	3696	1453	2710	262	3395	1767	1964	1580	1831	765	
16	6	2931	41	789	474	1454	1725	4141	1388	608	2103	1913	2460	760	435	3101	3833	
14	5	787	583	2248	2324	2754	1654	3317	2389	2783	606	1777	3730	1100	3314	
18	10	770	2040	3979	644	2378	694	1614	4215	1136	2372	4304	2511	1545	517	2817	3874	740	2053	
9	6	1015	3315	873	2975	2668	2962	413	3918	394	
12	5	1463	3650	1647	1819	909	3341	2242	3283	173	2140	4231	2145	
12	6	298	2196	4165	1363	2866	862	3024	3065	2111	140	3839	2529	
14	5	4004	3320	970	1728	1934	2758	776	2384	85	2820	3961	4046	3227	1324	
10	4	3691	2302	794	2558	3674	890	2151	1706	428	3599	
17	9	2799	1862	3746	1973	2639	2803	4159	2856	467	1407	1378	2654	1738	1238	4148	902	2129	
8	6	1039	1962	4065	3143	4179	3914	4233	724	
16	8	3389	1576	543	2253	125	4073	468	360	1422	2311	2911	1959	4168	3936	3013	3966	
13	6	2450	3679	1028	1215	1747	1497	3122	2099	678	4308	937	841	425	
18	7	1485	3475	3601	2012	60	396	99	1443	2268	3597	1678	577	2466	2149	2433	809	1827	702	
12	8	194	4237	2364	1710	615	2653	3933	117	1891	2621	3258	3548	
13	8	1815	522	4101	4196	4122	2881	2522	2188	640	1086	3651	2891	1947	
18	9	827	4094	2977	595	3525	2796	3056	1375	3438	1999	3218	1926	114	304	831	321	2330	1123	
11	4	322	2749	2504	4112	3484	2970	2609	3939	2611	4010	3847	
15	9	549	1800	835	52	2187	3506	95	2937	4067	2630	3797	3453	3526	540	3806	
13	6	2078	13	2808	3978	3955	3174	2003	3861	527	2322	639	3989	2286	
17	7	3644	1025	810	2478	2707	3052	246	2197	3898	3739	2956	2265	3755	202	1246	2556	2127	
20	9	2923	2088	2676	2836	3009	228	55	676	4113	87	2008	746	3207	2094	612	3160	655	799	2913	1270	
13	7	1544	441	1452	2695	2472	1357	167	3439	1586	2303	3236	3200	160	
19	7	1745	550	1305	2506	3062	1805	1785	1995	3572	3495	4167	1111	2415	2788	3724	1021	2274	2996	1253	
9	3	2363	2105	4145	2940	115	2410	1892	221	933	
17	6	4307	3447	326	559	3141	3868	1042	490	830	73	1387	1755	4074	2396	3188	1567	2613	
12	7	2510	2258	3245	374	1619	2525	1196	1226	2912	127	3330	3301	
8	2	1263	1865	3110	3265	3520	620	359	2677	
10	7	3263	1905	3220	1240	2157	1821	2826	1415	2002	47	
16	7	3684	3566	1169	3708	2257	1716	3877	2279	2596	3843	1459	2122	49	3199	2594	3595	
19	11	2804	2819	3985	4109	2536	2388	2153	1965	3657	1258	3726	1431	3958	401	500	3017	1481	2385	3567	
12	4	1117	780	2947	4252	3685	2642	1085	3577	875	2724	371	2827	
12	6	3215	3551	783	4273	2332	1076	1594	565	3783	866	2482	2119	
12	4	4041	3813	281	1933	3480	4173	886	851	2566	609	3418	2627	
9	6	2138	3288	3456	2350	2782	1859	996	2815	128	
11	6	2807	2699	3435	3770	1011	4108	2264	1794	3040	144	2413	
12	4	2948	1603	2166	3916	54	1041	1432	905	470	2764	3299	3331	
13	7	1677	2974	1077	3294	4244	646	2684	1590	3971	684	3816	580	2954	
15	6	2898	3598	2521	762	4085	2678	1108	889	4268	1179	1588	4040	1230	3081	931	
19	8	860	2774	2967	1311	1889	2148	2368	1223	961	3885	2064	2048	3571	2126	707	3835	1657	3466	3318	
17	8	199	3402	2414	3574	2202	3212	2812	3417	2520	185	3661	2870	2780	2305	1460	868	967	
15	6	1309	729	2009	3224	2584	2828	2694	3242	1032	283	1931	4120	1650	3423	3655	
18	7	3902	493	2551	2318	1456	2628	1835	3534	1105	2953	2578	3474	3391	1467	755	3432	3225	2711	
11	3	2306	3361	1377	4075	516	2199	828	3590	784	3376	3356	
16	6	295	4110	3124	2050	2950	4144	1714	690	2663	3552	2120	366	7	623	1754	636	
19	8	2745	3050	2736	1071	864	3400	904	1489	239	658	2228	2785	119	4156	2496	514	544	824	1871	
11	5	2287	1379	4034	4007	998	3370	2079	1398	3194	586	3891	
15	6	3129	2809	1844	979	2112	1658	1405	3701	3544	2026	1198	3350	1484	4246	4037	
16	6	3639	1881	392	379	1103	2491	1165	1701	3664	3144	3053	652	2822	1036	631	3297	
8	4	2244	297	2070	1017	3153	75	2887	821	
13	5	1241	1688	1695	2291	1604	3541	2637	1351	1528	3756	195	722	1115	
14	8	2748	2290	1201	2465	4213	1433	897	1551	1618	2193	148	1320	865	977	
15	8	342	504	3897	3863	683	802	1885	3605	1874	4064	3587	1526	2262	2925	3176	
18	9	1294	3023	2063	376	2220	1151	3984	333	448	2055	1370	3860	2544	2704	3976	3130	3620	3656	
20	8	2272	426	1547	3171	1704	2829	3780	3378	1181	995	3008	1072	2674	1630	2174	3216	797	2564	1436	330	
19	8	2431	1395	1851	1641	3167	1098	1944	2636	2204	1548	4210	3586	4205	2897	708	1848	4201	2531	1107	
13	6	1960	3429	1816	1739	952	4275	3181	1487	973	373	3271	626	587	
9	4	2580	3264	643	4116	2777	813	3358	2982	2814	
13	5	981	2309	1254	412	1928	848	2942	255	1338	669	3805	3126	1023	
19	8	208	3234	672	2497	142	662	4204	779	2131	1143	3970	3309	1867	2614	2190	1788	2182	2910	1672	
17	6	939	3677	2842	2233	4124	236	2135	923	2369	657	4299	1542	893	388	1283	4197	1898	
8	2	2683	2761	1522	2345	1446	3603	2029	3784	
16	9	487	2060	4177	3923	3093	1552	223	3823	3353	728	2865	2773	3606	3020	984	1864	
13	5	3045	2852	3491	1982	2623	3333	4239	2964	1381	699	2100	2080	878	
16	10	1340	578	105	1018	1400	3578	1890	2720	1699	2068	3217	269	3627	3612	1796	2888	
20	8	2552	3887	1570	2592	4150	2266	3373	730	1813	4190	3379	3226	1409	3463	3094	2792	2920	664	1572	2546	
14	7	3763	1937	92	1160	2096	2226	3558	3537	3079	1257	3303	557	4024	93	
13	4	2093	2698	1109	556	1156	2565	2692	4103	2165	3947	2427	3235	2586	
13	6	2095	3842	1872	1255	2394	3789	1065	2231	4243	648	2765	1390	1806	
16	6	3151	987	1549	591	84	382	338	520	3502	2862	2650	1193	291	483	560	3635	
14	6	1325	1718	284	1649	1369	1918	4054	1562	2938	3640	3187	3968	820	3280	
15	9	3279	356	1914	3774	400	491	659	4130	1615	914	3720	2087	2811	568	3284	
12	7	1424	4270	2545	3289	1998	2010	2000	2874	1910	3837	3903	477	
21	11	1713	2971	768	3562	602	1329	168	3642	370	2346	3262	1333	3683	3718	1175	757	2288	2921	1063	945	4123	
10	7	71	3096	3043	3646	3445	964	253	1856	4234	2283	
11	6	1493	2688	2366	1723	3247	499	3261	1327	4127	1627	1863	
11	3	2058	2914	986	745	1356	3092	2430	2625	343	3268	2102	
13	4	1483	1606	1353	3698	2731	1209	3744	1060	1264	3351	4182	2071	1638	
17	8	1643	2784	4019	238	3421	2436	3751	65	3766	3051	955	2355	863	118	1308	4001	3203	
17	7	2960	1634	3844	994	1236	2541	2054	259	1442	1936	2304	936	1040	204	2077	2374	475	
15	7	3063	3140	1083	1219	3274	4279	3849	4057	1213	4261	3509	1508	2682	98	1080	
17	8	179	83	3197	1392	3048	3416	4025	251	2723	1553	42	2693	2038	2381	1385	1280	2326	
13	6	353	1476	1091	3741	2669	1532	2539	1846	1426	2534	1807	1049	3018	
13	4	1575	3482	2646	4104	2341	3845	358	1355	334	2797	1711	3059	261	
17	6	921	34	2624	3324	2216	3295	3368	2599	3869	4296	1963	488	121	946	3798	1622	1640	
10	5	166	3120	1543	2484	457	3232	4066	2673	1824	3926	
11	6	1106	1186	1203	1397	2061	4135	775	2605	1332	3905	4222	
20	8	2178	1527	3546	1220	1852	990	3	1313	1284	1093	871	350	1895	349	4276	294	50	1741	671	3004	
17	10	1768	2167	222	2939	3444	2741	2917	3146	2587	2397	1943	3793	1084	1361	230	3015	2853	
14	7	313	1696	411	555	1764	1190	35	2471	3659	874	1140	2671	552	647	
12	7	1152	1639	2880	4172	978	391	4250	225	1009	1403	3563	2984	
13	4	2868	1886	3377	1261	39	1482	33	3980	1293	4035	4076	867	1027	
5	1	3990	72	18	3738	1328	
17	7	1004	2602	79	925	749	3803	10	4158	2825	1660	3313	2681	2655	1323	130	3669	3363	
17	8	2737	191	2423	680	2498	2857	3147	3668	3676	2666	2634	2900	1945	3485	2867	4157	785	
18	7	2570	2779	1148	731	849	1316	2690	3359	2687	2340	3273	844	94	1510	2017	1473	3702	1227	
18	8	4077	3366	1492	4194	3057	1104	3027	4241	3349	3862	888	2846	715	3557	2426	1689	1216	292	
16	6	1514	4008	2649	3078	1690	3772	494	3149	3928	2847	805	1079	4043	2516	2434	2722	
14	6	3895	307	916	2180	1030	822	3260	2600	3624	1095	2798	2125	1882	515	
21	12	900	3773	367	2375	2323	2398	1231	2155	2030	1153	1202	3196	534	1414	859	1772	1048	4169	3690	2037	536	
16	9	2459	296	3649	4191	1479	427	3099	1845	3570	3618	2813	2759	1288	2161	2422	1130	
18	7	675	2933	2944	1727	240	826	3825	224	951	82	4045	2209	832	1499	4042	3157	698	711	
9	2	3638	3886	3381	992	1927	316	600	614	4286	
17	6	732	4086	1488	4200	1273	2876	2794	1052	1364	3100	3913	1921	2528	2569	2273	529	4131	
9	2	3846	2823	1461	1504	1533	2989	861	3166	1838	
14	5	3503	1667	3211	2875	1411	3801	1114	679	2359	2351	3516	3006	1092	4098	
15	9	538	3478	3715	3148	975	1922	3625	2084	2162	4154	1391	3189	162	450	3871	
19	7	1033	1046	737	2705	2877	3041	3365	3523	621	1909	432	1243	2691	985	4151	1612	811	1791	3266	
11	5	2312	2021	1277	4254	980	3967	1418	1167	573	1712	4264	
15	7	2651	2022	1911	1648	793	1717	926	795	3838	764	3252	1600	2760	2317	193	
14	6	1991	3276	3136	458	713	2435	1981	2221	3716	2553	89	2334	3748	2769	
15	8	1653	733	1204	2768	4305	2240	3911	29	704	723	2664	2645	1996	4022	2585	
19	8	2419	4317	1229	721	2505	1374	2468	2047	1007	2725	4036	123	2391	3583	2251	1256	4014	1122	3892	
9	5	3072	1880	289	846	4280	2338	1101	2260	1251	
17	9	2968	4126	3229	2903	3152	4306	3889	855	2360	3306	3814	2392	934	3582	3131	3097	2859	
20	10	4202	2743	2500	3204	2357	3464	3950	2218	129	548	3959	164	3515	4253	2352	574	3792	3953	3117	2763	
14	6	3630	700	3781	1537	2065	748	2292	3653	1062	3001	63	1801	958	107	
12	6	2943	6	485	389	1561	3111	3342	2441	1050	1673	2298	4091	
21	11	3593	1321	1853	1814	1225	943	3521	3016	1633	461	935	1571	1075	948	2189	1970	1421	3210	2995	4212	1330	
13	6	2261	966	2697	2452	3034	2886	4193	3893	3374	754	1804	147	3408	
13	7	2342	1581	3422	4294	3645	3071	1691	3883	2503	3662	3623	2411	2337	
15	8	2770	277	211	2924	1978	3195	3555	674	3488	4105	589	1410	1014	3866	3064	
14	7	2045	433	3401	2270	2772	1302	1810	3192	2227	2930	420	2109	1137	2123	
18	9	2986	3250	929	3820	1449	3560	1530	2640	1535	1984	1118	3175	691	1655	782	1298	3969	78	
19	7	913	2409	3102	3960	454	4184	2454	2972	2991	3900	619	5	2439	1141	2310	1289	712	1620	2320	
10	5	3818	642	306	2004	1303	2899	3337	2738	511	3083	
12	4	58	2169	429	2215	2101	3450	1540	2800	1818	2791	3498	2716	
11	7	665	2319	2408	3944	2659	26	4314	2315	271	1916	1967	
25	14	1262	3647	3940	3296	2480	4176	2056	2941	2213	3249	4257	572	3915	3872	1957	1301	4125	513	1842	2081	1061	1368	3974	898	3636	
15	5	2453	3393	1939	3999	766	2177	1703	2507	4134	1237	1058	3711	3106	4288	3426	
24	13	3182	3682	1150	1920	3105	1345	1218	3665	141	1496	3169	2833	604	2571	3321	2945	4028	1020	4181	2766	2919	1475	252	3888	
9	3	1948	2832	86	1197	1174	3116	3259	1675	377	
14	6	3029	1178	1127	3742	2031	171	1531	1102	3790	3717	3775	3934	1138	152	
8	4	1676	696	1966	2750	1097	3487	4083	4049	
11	6	999	3619	3753	1144	1694	2115	2354	551	1371	1359	1295	
17	6	3832	234	2718	2830	1652	2316	108	3300	2963	3592	4031	3795	2701	3834	1997	818	4117	
11	7	2241	48	3336	1505	1002	3804	1993	2432	1680	3404	341	
19	11	159	3251	2756	3021	4051	758	2176	1968	3255	4209	1477	4012	3948	3920	1942	337	2652	3270	1012	
15	6	1344	4093	1447	2139	1248	2735	187	2755	3446	2988	2574	1904	1623	3539	2217	
16	6	2271	3876	2848	3414	2618	1304	205	150	2839	4027	3762	541	3637	3180	561	2762	
9	4	1579	276	1841	207	983	3061	2665	235	801	
18	8	385	2488	1601	267	2540	3631	4199	186	449	819	2390	1817	2314	1938	838	180	3388	1726	
22	11	547	4311	3457	2373	1389	2069	2499	4186	727	3304	383	4249	2007	880	2016	506	3956	9	1207	895	605	1419	
12	4	3731	1502	2171	2485	1464	1059	189	2728	465	3091	1746	489	
17	9	2327	1274	1956	3179	2163	1870	1709	2420	2821	2612	1120	2067	1734	181	423	3338	3943	
16	6	1751	3529	2479	368	1617	3796	1762	409	3477	3298	1621	532	2052	1096	1132	959	
9	6	4048	4152	781	3403	4096	1987	3221	1613	1474	
18	10	521	581	4289	243	1760	3026	576	924	1985	2561	786	3472	3855	705	3963	1176	43	815	
18	11	1195	2806	4090	1776	632	1173	1829	3654	318	4293	1199	1681	1019	2518	1228	1708	641	1457	
9	3	2005	2098	3697	2252	3596	3119	2854	4224	4	
15	9	2647	3602	590	2463	1866	445	1857	2978	2775	1233	4111	302	2456	1069	3335	
10	6	1055	666	1182	4044	2085	2339	3425	1784	3857	3343	
15	7	2152	2308	4228	1719	2604	190	414	1624	2412	2835	1849	2549	1450	3332	1598	
11	7	613	156	1610	1134	2449	4128	953	2622	2019	2562	1697	
16	8	2207	3632	656	3852	2235	362	1565	3185	1026	3385	3256	2714	1954	2713	1607	3431	
15	7	1339	378	792	919	3700	2660	1211	3935	1470	2896	3103	2128	4221	856	3003	
20	8	3434	3198	3777	1031	1024	2401	3044	2527	1373	369	2543	2844	3452	3800	911	1568	2348	2336	324	692	
11	4	3398	4092	2059	3824	1214	2855	1763	3031	579	502	2537	
12	5	4038	1341	3594	2256	4121	907	4262	1715	3325	3364	3089	510	
13	5	752	3375	803	354	424	2993	2237	280	2675	219	1145	1961	1133	
19	8	1897	1047	153	339	1820	1812	3281	2686	4227	80	2425	2181	4203	1034	2239	545	1682	2200	4229	
20	8	2831	2873	2455	950	492	4162	2981	2382	2958	1259	2462	2619	3468	1401	3372	372	1536	38	3424	1750	
18	10	3275	66	3505	1802	2377	1977	4217	3799	1656	2041	3428	2356	1334	908	1664	4080	88	2108	
8	6	716	4139	2952	1972	3840	3060	650	2909	
19	9	1331	2838	1793	1830	2946	3954	59	651	918	1599	2959	2849	2548	2132	720	2451	1044	1769	1524	
6	4	2595	365	419	618	3290	4232	
13	7	3118	135	2296	395	2495	1423	2860	3752	654	2049	622	3693	3420	
21	11	3581	4136	1315	1693	638	460	3005	3286	1919	2721	3588	4258	4133	1798	3222	2641	138	4174	4005	3704	3819	
11	7	2440	2091	1360	2446	1593	4320	471	4310	4207	421	3150	
17	10	1013	77	479	3257	1279	738	3069	3371	957	109	685	169	1518	3501	2090	2461	2559	
10	6	2776	1950	62	2208	3769	714	1022	1775	3776	1155	
12	5	624	3214	2929	1925	3086	3084	112	3380	300	312	4269	1337	
11	4	2973	1267	2590	3927	266	836	3107	4267	1884	2245	3787	
11	3	4236	1161	1472	3545	2557	1752	649	1554	2840	2321	1573	
11	7	808	847	2662	3851	2889	4266	989	3951	709	2751	1809	
20	8	3036	2051	1112	3973	28	2508	4166	3108	1057	4313	2700	481	1006	2400	1980	2786	3137	1608	3173	4107	
18	7	431	3348	3183	1038	688	2333	1465	3929	2014	2753	3022	3904	3037	4206	4298	4238	3440	3154	
13	4	1131	719	2042	3924	4300	928	1786	1958	4129	1730	1771	1828	2210	
21	11	1384	1352	1808	1185	439	3277	4016	2757	4195	1462	273	1296	2513	2325	1912	1584	1188	2781	3469	2726	4242	
13	4	2746	1861	4018	1732	455	3536	3292	3957	1797	265	2020	3894	1563	
11	3	2164	270	1491	182	2247	4218	3658	1903	145	2597	1516	
18	9	3873	512	3467	2380	16	174	523	812	4052	317	663	3132	884	894	3867	1546	3352	771	
15	7	3441	4138	4161	30	741	175	1266	2717	2486	3334	1168	1834	2137	2515	2057	
22	9	1582	106	3736	3982	2850	96	1035	562	2086	1761	1372	3497	335	2044	4099	436	4216	4068	2487	1887	3412	4078	
13	8	3346	1733	1157	1435	399	381	1587	798	2908	869	4180	2259	4059	
20	12	2895	478	1346	53	4155	3077	3161	1382	1212	4171	3561	1651	2028	1783	3055	1671	4000	3538	2347	4063	
14	5	3112	3559	1445	2212	1310	1847	1670	3461	1509	2703	1564	845	2824	407	
16	9	2429	1087	2474	104	2878	971	1512	2082	3326	3500	3828	3090	151	2246	1126	3511	
10	4	4100	3310	2328	1843	3312	501	531	1669	4115	405	
5	1	3508	1291	2661	1971	610	
23	11	247	682	1592	1206	2657	3754	3012	903	3591	3931	3564	1166	1427	1646	2834	1837	346	4153	635	4260	2729	4023	2864	
14	8	3600	1322	3287	2294	2255	3687	1285	2492	3972	3510	1146	3010	328	19	
14	8	2732	3922	3878	3689	3807	2106	103	2608	3223	4039	3405	2370	3496	1383	
12	8	1979	3248	4097	839	1428	2631	3836	447	3123	1010	2358	2593	
17	10	3712	4175	2816	2464	2032	1539	1224	1440	3209	1314	1393	4272	3504	1159	1142	1799	3230	
23	13	858	3397	3202	2243	823	528	1121	3163	2591	177	1822	1940	2113	1078	331	3455	2979	2555	853	3139	4069	20	974	
22	9	932	2547	3821	4053	3713	4287	3993	263	807	1707	206	4118	3937	2062	308	1790	97	3390	697	183	3462	2841	
18	10	2329	3584	3000	3719	1595	1300	1974	2376	1748	4017	2916	3170	1722	2999	1674	2437	1486	1899	
17	9	1702	2039	178	825	750	2589	2238	1932	896	2307	1555	2638	3125	1434	1170	3608	1823	
17	6	3243	3219	1686	2222	2739	2512	2473	1265	1200	1511	459	2301	3095	4015	351	2992	653	
19	9	3925	3030	2025	3617	2403	24	1278	2575	1929	1642	131	772	210	469	1602	2386	2719	3932	906	
11	7	736	1616	484	133	301	2118	3066	3615	769	1780	387	
13	7	1986	61	4142	2490	1094	3156	2901	3345	452	3407	3747	2214	3854	
14	6	2313	4274	3652	1000	3213	553	1666	1740	3757	90	1128	184	2793	2205	
18	7	2648	2615	2297	176	3367	3406	857	1444	1297	1366	2249	456	3785	1637	3067	3413	2976	1873	
18	11	2192	4316	1110	2601	1826	213	416	332	2927	3667	2483	976	2448	482	2501	3607	3553	1631	
13	8	879	3616	4070	1720	3489	495	558	1877	3172	3641	3695	2656	3448	
12	8	2211	988	2234	344	4223	3392	231	3340	569	3686	3360	2402	
12	8	146	617	3996	212	197	870	3831	972	4056	668	1187	1803	
20	11	817	1731	1988	3875	2223	1276	4087	2598	3316	3901	4271	1559	4285	2467	1171	2949	3628	628	56	209	
17	6	4277	3238	2985	3660	1124	3328	464	4061	2801	3946	466	3764	4265	3859	1402	1644	4032	
16	7	3692	566	1408	2533	1362	2524	689	2349	3629	2158	3138	717	3589	25	2183	4185	
16	6	777	530	3158	744	2863	596	4219	1326	2542	319	3643	3133	1312	3128	3707	2201	
18	11	2882	1626	340	2404	917	3988	1687	1282	278	11	2606	2136	710	3543	681	132	1737	70	
10	7	3987	2185	120	3622	3046	3049	3830	3786	1661	2680	
16	6	1683	3621	27	1749	2708	677	965	3127	1458	1177	3513	956	3082	2104	3788	158	
11	5	4312	3514	149	4003	4282	594	4192	45	1495	941	1307	
14	8	2367	2519	1192	64	3165	2383	3729	2173	2023	2097	1869	440	3568	2160	
13	6	2894	3530	1758	3087	3459	774	217	2407	627	2418	3518	3992	3853	
19	11	4140	2672	3415	997	751	2195	962	390	1404	415	380	660	756	116	2034	3858	3098	607	3688	
11	7	1119	726	3556	1632	800	348	442	2219	2458	1685	3579	
17	9	2667	1441	4062	761	2442	498	1494	2747	3121	872	4149	3930	3610	3864	3723	4301	1566	
10	4	1074	165	4281	3532	2267	3768	570	2150	1029	3977	
13	8	3575	2133	3782	2143	3533	3002	3479	1239	2635	1090	3759	2851	3162	
7	5	3648	2343	3499	444	1782	299	57	
13	6	3191	1406	791	1347	3486	2147	23	2156	2955	320	1088	451	12	
16	9	1941	2371	2696	4102	2951	4146	1659	508	4226	227	2778	69	2869	814	1951	1577	
11	7	3293	4030	816	3184	2957	611	1868	4303	3164	1908	2620	
10	7	834	1468	2685	4187	1125	1781	3285	778	1299	462	
15	6	1665	1645	3451	1876	1008	3673	3460	2789	1066	3535	503	2752	1662	476	3319	
12	4	3168	539	1149	563	2134	101	1380	4013	1478	3850	3569	4088	
19	11	2733	3565	505	2001	3493	1520	3991	887	274	2734	463	1082	1875	1054	2563	1538	673	4291	633	
13	6	3473	3827	2	1471	3829	1490	3387	537	1191	3430	4259	1466	111	
14	9	4302	3142	3025	1990	1983	345	3522	2932	4283	100	2568	1053	2141	245	
11	7	3483	3809	1825	1399	3228	2300	1692	3604	1766	4079	1448	
11	5	833	593	637	4009	2457	1989	1412	1854	1525	1900	404	
17	6	3998	3725	3437	3962	3088	3822	244	892	2572	1247	453	329	2969	1396	3633	944	2011	
12	7	1605	3527	76	1994	1560	4319	3680	2428	1051	3074	3109	1318	
14	9	4297	993	1252	315	850	1832	2353	3811	1729	3311	837	1591	575	1578	
13	4	701	1319	1705	942	4240	1386	2936	8	15	804	3733	582	323	
12	4	3791	1556	196	3476	2445	4292	1438	1455	3576	930	1045	3626	
18	8	3815	3291	4050	645	1367	2581	1164	4208	1517	2224	3282	1952	2607	2447	947	542	497	2194	
13	5	1354	272	1335	625	3070	3436	2387	2114	3231	1232	1336	3750	2990	
17	7	2712	2130	2787	3305	2035	2884	1250	1589	3919	1205	2679	4255	2184	2362	1003	1221	1507	
10	6	3524	3808	1292	1272	2489	1879	1935	3239	1557	214	
10	5	2935	3327	40	2066	3354	1992	110	275	124	3442	
13	4	36	2616	2885	1260	3779	3014	3975	1519	3410	842	3732	2116	3945	
17	8	1858	1365	3135	3964	2617	2406	4318	2965	364	3419	4081	134	1629	200	3449	2893	3542	
13	4	3703	1317	2902	3383	1523	927	567	3076	963	3190	3778	1742	2603	
9	5	2795	2892	311	1698	3443	2124	3706	1550	982	
10	5	3369	954	1425	2421	2230	2405	4315	1286	384	3734	
20	12	3908	486	3244	2632	524	3241	1416	3039	2277	3681	2276	509	2535	1451	1429	480	1515	2915	1281	1269	
11	3	2475	3672	3178	1969	406	1005	2254	1521	1860	2278	2689	
11	6	473	3609	3492	2790	2295	1636	852	4235	876	1894	2966	
10	3	1268	3035	4143	3068	264	249	2443	1217	2013	3186	
15	5	519	1154	3614	3906	616	4278	1574	3812	1089	1558	4084	584	1663	408	1420	
17	7	739	1348	991	3899	2523	949	2170	2837	3554	2802	2980	4198	2481	2626	4095	254	3880	

1	36	817	999	1339	1344	1702	1745	1960	2015	2367	2459	2510	2795	2960	3279	3293	
2	31	547	732	1483	1544	1743	1897	2039	2138	2207	2327	2419	2424	2733	2882	2894	
3	146	154	521	736	770	879	1033	1342	1493	1582	1653	1986	2431	2748	2931	3191	
4	242	247	313	342	581	788	1773	2192	2898	3434	3503	3630	3644	3648	3873	4140	
5	102	106	512	701	921	1485	2095	2440	2776	2831	3581	3908	3925	3987	3998	4038	
6	418	913	1341	1665	1751	1991	2329	2570	3575	3818	4277	4289	4297	4307	4311	4316	
7	296	298	431	613	675	1110	1162	1235	1768	2191	2409	2429	2552	2986	3063	3598	
8	159	243	700	1241	1294	1585	1683	1930	2078	2093	2284	2363	2554	2667	2746	2933	
9	550	742	1119	1152	1760	1858	1979	2272	2770	3023	3198	3250	3346	3530	3632	3638	
10	71	157	287	355	486	1087	1274	1606	2063	2804	2922	2983	2987	3102	3215	3791	
11	295	356	1004	1306	1384	1815	1888	2167	2211	2258	2810	3263	3429	3481	3777	3832	
12	208	322	519	1902	3026	3045	3182	3244	3369	3600	3886	3902	4077	4086	4093	4136	
13	41	61	199	882	1195	1331	1340	1353	1816	2261	2601	2745	2779	3251	3475	3619	
14	13	232	642	900	1031	1074	1275	1634	2290	2343	2469	2873	3234	3248	3276	3684	
15	218	827	1131	1305	1713	1861	2018	2342	2838	2923	2968	3140	3725	3815	3844	3960	
16	122	361	538	1354	1667	1826	2105	2164	2453	2715	2892	3245	3348	3389	3621	3740	
17	91	277	374	656	2632	2737	2819	3457	3467	3691	3735	3781	3848	4048	4094	4178	
18	493	549	981	1148	1575	1696	2455	2519	2647	2698	2944	3036	3112	3437	4004	4033	
19	34	136	194	411	426	473	682	739	752	1352	1579	2088	2450	3155	3320	3411	
20	376	1676	1956	2551	3030	3073	3402	3679	3895	3896	3962	3985	4030	4041	4183	4189	
21	306	833	860	1537	3441	3566	3609	3649	3731	3753	4109	4230	4236	4302	4312	4317	
22	385	524	617	970	1424	1592	1616	1770	1950	2380	2560	2602	2676	3050	3492	3524	
23	487	1013	1055	1348	1395	1441	1626	2271	3029	3136	3177	3179	3696	3763	3887	4110	
24	156	241	340	353	1083	1206	1570	1643	1800	2024	2536	3243	3275	3529	3682	3773	
25	222	314	597	777	954	1106	1169	1905	2051	2091	2152	2404	2836	2943	3088	3671	
26	62	454	484	1046	1447	1453	1576	1619	1677	2040	2045	2163	2308	2648	2774	2807	
27	367	592	672	731	789	966	993	1028	1502	1941	2475	2883	2948	3291	3514	3593	
28	593	1150	1547	2133	2171	2592	2697	2967	3375	3473	3703	3708	3910	3996	4062	4138	
29	433	787	1679	2175	2241	2474	2497	2651	2657	3142	3478	3601	3602	3616	3672	3743	
30	276	474	939	1112	1317	1610	2502	2616	2756	2895	3219	3482	3827	3876	4026	4142	
31	48	178	307	1262	1309	1514	1686	1808	1870	2005	2220	2388	2712	2974	2997	3483	
32	77	165	666	1851	2130	2736	2790	2971	3211	3715	3736	3942	3973	4008	4184	4191	
33	2	16	212	272	637	661	932	2012	2208	2244	2414	2452	2624	3183	3208	3745	
34	213	472	583	991	1016	1315	1322	2139	3381	3551	3754	4018	4055	4188	4220	4237	
35	198	737	1178	1215	1625	1639	1709	1732	1758	1937	2022	2060	2289	2364	2521	2525	
36	174	478	808	950	1070	1603	2196	2248	2699	3220	3366	3401	4150	4228	4248	4263	
37	726	1015	1064	1185	2043	2159	2476	2649	2672	3096	3647	3677	3809	4145	4161	4177	
38	133	378	492	578	590	1071	1693	2004	2371	2479	2875	3148	3151	3698	3761	3765	
39	441	543	576	1117	2098	2178	2361	2420	3012	3238	3923	4029	4126	4202	4270	4281	
40	79	363	504	638	665	834	864	1038	1501	1527	1641	1793	1811	1911	1948	2295	
41	60	149	368	992	1151	1452	1479	1609	2506	2547	2688	2732	2940	3178	3324	3574	
42	113	220	396	555	585	916	924	1311	1645	1731	1739	2142	2799	2806	2973	3400	
43	21	624	768	904	917	1024	1127	1210	1406	1430	1787	2270	2312	2318	2696	2705	
44	27	30	143	234	530	761	1184	1358	2615	3287	3447	3499	3584	3692	3742	3782	
45	297	741	925	988	1192	1219	1229	1569	2309	2710	2743	3019	3118	3167	3398	3852	
46	28	416	522	729	749	762	780	903	987	1047	1077	1325	1413	2375	2848	3159	
47	191	566	601	1480	1489	1749	2070	2323	2485	2906	3043	3394	3594	3821	3940	4097	
48	455	792	929	1437	2110	2235	2538	2545	2749	2939	3296	3822	3899	3922	3988	4101	
49	179	444	994	1056	1456	1503	1727	1733	1833	1841	1949	2740	2842	3009	3034	3124	
50	239	332	721	763	1236	1549	2222	2463	3062	3697	3769	3897	3979	4050	4082	4092	
51	104	743	803	1001	1157	1321	2180	2216	2373	2742	2868	3021	3087	3093	3415	3546	
52	67	427	564	658	719	1139	1201	1240	1830	2297	2670	3168	3241	3315	3347	3863	
53	693	919	997	1617	1886	2234	2505	2784	3099	3274	3357	3435	3532	3591	3813	3890	
54	751	816	1025	1182	1471	2058	2153	2442	2490	2494	2977	3393	3559	3565	3585	3639	
55	344	458	696	1346	1374	1764	1862	1920	1927	1953	2031	2143	2998	3214	3294	3377	
56	479	523	1248	1463	1825	2009	2166	2233	2313	2577	2821	2877	2929	3289	3666	3808	
57	53	505	783	1648	1969	2033	2065	2195	2366	2398	2985	3072	3129	3336	3451	3646	
58	92	645	1581	2628	2731	2832	3158	3737	3842	3879	3984	4044	4090	4124	4162	4165	
59	316	748	810	812	825	849	1254	1389	1488	1925	2488	2523	2580	2718	2809	2947	
60	142	301	595	688	1190	1687	1719	1988	2266	2294	2508	2526	2735	2787	2808	2902	
61	64	105	268	347	525	962	1043	1116	1231	1360	1435	1844	3000	3562	3978	3982	
62	176	286	683	1234	1505	1866	1876	1896	2269	3041	3114	3414	3719	4085	4100	4166	
63	58	66	135	354	445	733	858	952	1220	1425	1757	1914	2069	2255	2878	3108	
64	236	240	535	873	1316	1411	1454	1605	1789	1880	2154	2155	2401	2465	2541	3105	
65	362	716	750	1144	1303	1850	1852	1966	2107	2423	2885	3288	3373	3712	3801	3875	
66	17	187	270	439	793	975	1319	1343	1492	1782	1889	1965	2021	2030	3257	3471	
67	6	81	680	839	1261	1345	1367	1805	3165	3295	3556	4051	4196	4244	4274	4279	
68	115	171	1204	1209	1268	1277	1282	1365	1513	1565	1736	1881	1939	2257	2454	2498	
69	39	153	730	1114	1180	1552	1595	1725	1857	1998	2072	2253	2287	2296	2683	3025	
70	126	262	395	406	1728	2256	2438	2581	3229	3246	3367	3508	3525	3650	3803	3820	
71	207	311	1005	1153	1154	1164	1688	1776	2468	2567	2796	3044	3339	3395	3527	3660	
72	1	197	443	802	1098	1445	1695	1774	2500	2761	2850	3368	3710	3916	3999	4009	
73	10	86	390	632	646	714	766	835	1160	1196	1292	1917	2236	2285	2690	2830	
74	161	990	1335	1399	1408	1482	1710	1922	1934	2499	2504	3305	3505	3909	4122	4194	
75	498	602	644	679	791	1404	1449	1601	1767	1990	2025	2212	2480	2857	3078	3397	
76	662	713	1252	1329	1347	1717	1835	1983	2050	2324	2744	2750	2903	3056	3080	3278	
77	615	1476	1792	1915	2292	3185	3359	3383	3727	3849	4089	4102	4176	4186	4223	4252	
78	83	168	326	1026	1218	1694	1723	2252	2333	2653	3652	3770	3921	3955	4057	4158	
79	412	485	971	1468	1718	1853	2046	2054	2610	2768	2975	3202	3264	3700	3746	3774	
80	54	192	727	1134	1263	1379	1556	2243	2267	2478	2658	2668	2927	3365	3534	3614	
81	99	969	1494	1628	1885	2035	2056	2223	2359	2695	2881	3171	3204	3392	3444	3642	
82	260	1173	1186	1465	1704	2172	2880	2941	3304	3445	3878	4106	4155	4200	4213	4305	
83	76	847	1124	1161	1273	1872	2169	2378	2981	3147	3486	3685	3829	4072	4141	4175	
84	3	345	424	429	735	744	1279	1433	1464	1802	1928	1994	2228	2254	2595	2642	
85	52	96	233	257	339	926	983	1560	1698	2306	2550	2582	2707	2805	2876	3247	
86	758	826	1035	1388	1597	1829	2085	2495	2588	2589	2816	3061	3224	3617	3668	3705	
87	259	562	694	979	1011	1059	1147	1705	1820	2291	2293	2754	3399	3665	3796	3825	
88	33	248	284	370	415	848	1416	1604	1652	2059	2177	2517	2646	2708	3197	3523	
89	196	375	460	1018	1276	1310	1636	1813	1836	2215	2464	2993	3277	3533	3995	4053	
90	189	244	942	968	1105	1272	1840	2187	2331	2435	2685	2785	2852	2946	2951	3458	
91	51	125	175	1531	1812	2001	2147	2573	2794	2884	3039	3057	3077	3954	3990	4087	
92	141	211	380	686	891	1017	1052	1109	1203	1260	1512	2339	2728	2863	2942	2994	
93	119	383	400	660	823	1981	2086	2118	2135	2213	2238	2741	3456	3506	4019	4146	
94	309	923	1213	1250	1428	1735	1845	1932	2047	3002	3005	3115	3443	3713	4002	4016	
95	223	238	289	608	1000	1002	1041	1094	2010	2101	2598	2843	2918	3011	3406	3760	
96	528	896	922	1400	1814	1973	2346	2382	2533	2953	3035	3152	3161	3286	3344	3611	
97	237	399	518	539	1091	1472	1647	1721	2157	2237	2662	3054	3135	3174	3213	3491	
98	857	964	1121	1202	1382	1944	2103	2168	2747	2886	2917	3385	3493	3653	3744	3906	
99	1104	1266	2319	2522	2639	2678	2950	3052	3058	3262	3361	3657	3779	4190	4254	4261	
100	228	553	1135	1313	1523	2042	2240	2357	2527	2755	2757	3086	3804	3981	4052	4104	
101	23	72	885	1149	1225	1520	1666	2377	2576	2739	3153	3459	3479	3605	3911	3924	
102	267	389	621	756	1039	1212	1491	1977	1982	2032	2457	2512	3476	3531	3570	3689	
103	182	280	315	1085	1654	2202	2935	3146	3613	3931	3994	3997	4034	4144	4193	4287	
104	491	1062	1067	1376	1442	1589	2185	2350	2403	2684	3145	3464	3687	3741	3964	4020	
105	120	166	281	616	881	1392	1432	1490	1993	2000	2383	2445	2675	2958	2972	3184	
106	596	738	892	1865	1989	2124	2188	2250	2351	3048	3450	3667	3846	4121	4143	4171	
107	282	1716	2082	2221	2572	2825	3196	3316	3446	3676	3768	3950	3952	4147	4208	4249	
108	333	687	2280	2899	3001	3228	3327	3379	3851	3877	4139	4152	4187	4240	4290	4309	
109	219	224	285	288	559	949	1125	1197	1521	1649	1660	1690	1785	1909	1985	2096	
110	556	598	1007	1060	1762	1933	2170	2302	2473	2587	3337	3522	3654	3716	3729	4070	
111	75	659	846	897	1030	1423	2924	3281	3561	3622	3824	3919	4003	4007	4073	4204	
112	40	246	432	781	1375	2148	2578	2618	2666	2717	2988	3120	3625	3807	3980	4112	
113	365	591	718	773	943	1373	1995	2066	2186	2446	2483	2860	3249	3422	3560	4006	
114	59	95	499	794	998	1740	1962	2007	2173	2203	2277	2369	2584	2871	2932	3387	
115	231	278	1205	1239	1255	1362	1364	2106	2275	2368	2772	3541	3823	3929	3933	4195	
116	534	570	774	1223	1247	1258	1267	1747	2486	2636	3396	3438	3484	3521	3536	3545	
117	24	55	850	1302	1377	1386	1720	1999	2725	3068	3313	3340	3409	3421	3572	3757	
118	229	537	600	1497	1517	1551	2540	2637	2679	2758	2823	2914	2978	3141	3310	3382	
119	90	264	448	657	670	1057	1108	1243	1414	1462	1561	1632	2156	2669	2991	3547	
120	35	419	643	795	1363	1684	2341	2604	2691	3084	3156	3516	3706	3752	3772	3900	
121	217	651	654	767	1102	1530	2197	2472	2599	2635	2687	2962	3121	3240	3354	3631	
122	336	870	951	976	1522	1659	2055	2558	2803	3016	3066	3110	3256	3326	3618	3714	
123	508	676	776	889	961	1158	1249	1278	2345	2623	2828	2937	2957	3831	3881	3898	
124	822	1412	1874	2224	2226	2524	2837	3233	3726	3885	4036	4067	4075	4113	4199	4219	
125	103	392	465	706	852	1156	1543	2316	2436	3901	4116	4130	4257	4268	4275	4282	
126	116	123	255	918	985	986	1008	1761	2176	2384	2397	2630	2686	3181	3226	3333	
127	430	572	972	1214	1370	1992	2204	2247	2590	3308	3328	3495	3573	3681	3751	3856	
128	464	745	779	1936	2225	2276	2575	2631	2775	3122	3517	3845	3991	4151	4226	4235	
129	65	227	290	299	379	594	1244	1284	1351	1496	1590	1633	1819	1964	2279	2617	
130	1615	2407	3540	3558	3674	3794	3868	3927	3993	4114	4156	4217	4292	4299	4306	4313	
131	82	318	1300	1326	2099	2112	2300	2304	2660	2738	3163	3480	3766	3799	3860	3893	
132	11	87	409	629	1093	1753	1943	1974	2075	2391	2574	2936	3100	3212	3353	3416	
133	317	494	909	927	1461	1542	1658	1714	1821	2399	2496	2812	2872	2955	2970	3282	
134	381	728	1172	1304	1356	1618	1913	2034	2064	2889	3069	3201	3205	3218	3577	3578	
135	108	369	1333	1372	2008	2048	2777	3027	3550	4167	4172	4227	4271	4273	4278	4293	
136	186	468	516	871	890	914	1179	1890	2218	2866	3169	3537	3838	4058	4061	4280	
137	627	800	980	1532	1539	1587	1703	2199	2332	2406	2542	2633	2720	2778	3033	3494	
138	22	112	155	263	350	461	569	880	1090	1211	1369	1409	1417	1765	2553	3417	
139	625	915	1128	2421	2509	2591	2612	2694	2829	2833	3564	3841	3907	3913	3967	4065	
140	29	249	279	764	829	1259	1593	1724	2131	2543	2608	2640	2901	3425	3759	3869	
141	216	567	603	872	1143	1498	1504	1540	1656	1832	1952	2014	2023	2443	2565	3014	
142	205	1291	1443	1919	2006	2489	2596	2606	2753	3252	3477	3497	3694	3817	4214	4239	
143	177	449	689	807	1600	1921	2084	2460	2507	2607	2934	3149	3242	3341	3489	4108	
144	84	273	604	1068	1217	1847	2230	2307	2328	2484	2561	2661	3111	3554	4060	4192	
145	360	509	819	1042	1418	1651	1810	2405	2544	2557	2634	2782	2952	3371	3673	3915	
146	69	110	348	514	640	1487	1548	2151	2162	2264	2353	2390	2408	2681	2700	2887	
147	253	511	611	695	1145	1968	1978	2801	2964	3463	3811	3935	4064	4134	4159	4241	
148	266	358	746	786	1032	1296	1822	1859	2268	2340	2394	2856	3051	3260	3300	3334	
149	129	190	442	481	887	1174	1189	1357	1438	1470	1707	1756	1781	1924	2117	2338	
150	8	335	973	1599	1893	1895	1929	1940	2016	2417	2448	2535	2802	2879	3046	3255	
151	548	563	1022	1397	1535	2513	3049	3380	3597	3884	3971	4149	4209	4210	4218	4284	
152	184	495	690	862	2003	2376	2714	3793	4255	4283	4294	4300	4315	4318	4319	4320	
153	89	283	413	859	1183	1431	1444	1583	1670	1918	1976	2115	2692	3596	3780	3861	
154	167	1237	1477	1550	1879	2198	2344	2395	2449	2655	2865	3024	3092	3307	3500	3928	
155	32	790	957	1097	1166	1224	1338	1451	1614	1961	2184	2514	2643	3065	3070	3076	
156	63	85	150	206	434	471	678	938	1323	1427	1775	1784	2134	2349	2900	2959	
157	453	669	1058	1293	1692	1954	2609	2844	3079	3317	3509	3629	3720	3889	3975	4118	
158	855	955	2044	2097	2121	2229	2281	2583	2704	3028	3143	3273	3403	3452	3645	3680	
159	320	506	588	828	935	1226	1868	2430	2721	3285	3292	3349	3439	3658	3828	3857	
160	704	1168	1233	2354	2389	2462	2904	2907	2980	3022	3378	3683	4056	4303	4308	4310	
161	936	1297	1506	1646	1699	2028	2428	2709	2783	2965	3195	3904	3912	3956	4099	4132	
162	117	319	329	414	893	963	1111	1455	1955	1972	2355	2760	2826	2847	3261	3342	
163	109	300	436	490	558	663	677	875	960	1081	1084	1099	1355	1678	1971	2528	
164	836	1120	1191	1285	1327	1349	1528	1559	1571	1783	2493	3134	3586	3588	3634	3862	
165	80	201	382	446	457	1040	1101	1869	1926	2136	2317	2773	2834	3090	3107	3119	
166	440	888	1265	1381	1446	1877	1931	2447	3207	3232	3269	3571	3686	3840	3957	4035	
167	9	15	338	527	618	798	2571	3055	3587	3789	3836	4025	4103	4120	4173	4296	
168	312	364	526	546	551	844	899	965	1574	2619	2813	2869	3132	3490	3590	3606	
169	251	1103	1429	1642	1984	2165	2334	2418	2477	2771	3037	3321	3472	3810	4054	4127	
170	45	100	1469	2206	2800	3265	3615	3643	3790	3812	3970	4066	4096	4164	4206	4215	
171	37	482	577	1199	1440	1555	1650	1843	1935	2491	2520	3454	3604	3855	3959	3983	
172	520	804	907	1136	1371	1519	1588	1681	1772	1903	1946	2061	2874	2963	3006	3091	
173	164	544	1006	1167	1748	1818	1987	2150	2441	2727	2839	3436	3756	3937	3946	3949	
174	1361	1562	1612	1729	1795	1891	2126	2360	2372	2492	2851	2855	3127	3944	3958	4027	
175	1076	1165	1366	1586	1759	1763	1797	2113	2415	2820	3020	3221	3223	3603	3748	4111	
176	137	349	1405	1415	2068	3116	3172	3312	3370	3474	3718	3800	3805	3843	3872	3930	
177	18	131	501	606	1242	1439	1624	1945	2569	2638	3391	3717	3939	3947	4021	4119	
178	772	1048	1118	1467	1508	1777	1817	1837	1907	2094	2362	2412	2600	3576	3797	4045	
179	94	619	911	920	978	2219	2539	3071	3762	4017	4160	4205	4207	4269	4298	4304	
180	57	668	813	1458	1580	1801	2067	2111	2400	2897	3060	3126	3311	3345	3423	3502	
181	1175	1526	2027	2087	2644	3298	3309	3343	3592	3830	4211	4262	4266	4267	4276	4285	
182	447	531	573	1187	1701	1957	2089	2249	2467	2579	3624	3826	3882	4012	4216	4258	
183	74	210	391	402	755	824	1163	1301	2410	2611	2916	2938	3075	3217	3675	3738	
184	612	947	1086	1529	1611	1671	2193	2209	3355	3374	3555	3583	3739	3786	3858	4169	
185	44	1200	1744	1910	2158	2444	2706	2846	3094	3098	3386	3427	3430	3460	3733	4170	
186	140	269	388	634	754	863	1287	1904	2079	2242	2759	2811	3515	3519	3948	3961	
187	674	747	811	1621	2568	2945	3031	3253	3690	3920	3976	4125	4238	4251	4253	4259	
188	710	715	1613	1691	1734	2062	2425	2466	2471	2501	2845	2862	3125	3239	3701	3711	
189	151	456	667	1075	1207	1511	3164	3360	3362	3543	3758	3771	3986	4040	4068	4154	
190	170	417	760	830	837	910	928	1003	1533	1661	1715	1892	2789	2849	3123	3237	
191	5	275	513	1133	1459	1804	2402	3419	3432	3468	3730	3785	4028	4135	4198	4256	
192	308	705	1065	1078	1181	1860	2665	2724	3306	3488	3610	3837	4011	4039	4076	4128	
193	139	185	331	357	469	685	725	1050	1100	1434	1790	1942	1980	2146	2246	2792	
194	293	435	699	769	1019	1171	1568	1669	1846	2314	2470	2702	3042	3133	3455	3461	
195	73	204	302	1637	1673	2074	2621	2659	3007	3192	3209	3775	4071	4115	4133	4137	
196	542	614	757	814	895	1051	1066	1126	1422	1495	1901	2303	3138	3175	3190	3225	
197	681	778	1194	1221	1426	1856	1871	1906	2029	2288	2325	2912	2926	2961	3410	3453	
198	334	421	459	884	1170	1541	1766	1951	2260	2387	2416	2548	2786	2835	2861	2979	
199	127	132	221	265	599	691	805	1398	1752	1963	2949	3236	3544	3661	3814	3918	
200	101	124	195	466	905	1020	1286	1350	1627	1867	2041	2122	2231	2251	2301	2392	
201	97	169	274	784	842	876	940	995	1401	1602	1623	2076	2298	2788	3032	3170	
202	437	541	854	934	1359	1391	1854	1855	1938	2311	2969	3106	3358	3428	3767	3778	
203	258	305	467	832	838	1256	1314	1655	1863	2036	2100	2352	2487	2673	3008	3189	
204	181	294	607	708	867	883	1177	1668	1883	2049	2227	2322	2432	2908	3095	3160	
205	148	488	507	532	579	610	1079	1088	1722	1923	2262	2534	3405	3526	3917	3972	
206	480	540	707	782	821	1328	1466	2092	3137	3390	3664	4181	4234	4243	4247	4250	
207	26	49	346	371	393	423	1027	1089	1095	1251	1271	1288	1700	1778	1786	2020	
208	130	337	568	843	989	1742	2439	2456	2511	2625	2650	2734	3162	3290	3338	3764	
209	118	451	452	463	533	937	953	1193	1558	1839	1887	1958	2370	2386	3130	3520	
210	114	162	256	622	684	1092	1387	1499	1746	2080	2989	2999	3144	3496	3641	4129	
211	235	554	574	605	886	1393	1407	2026	2723	2797	2818	2870	3407	3487	3669	4031	
212	121	1283	1290	1299	1380	1680	1884	2518	2780	2911	3465	3659	3816	3943	4000	4014	
213	861	894	946	1245	1515	1594	1791	1834	2052	2114	2427	2622	3903	4015	4232	4272	
214	193	373	717	851	1082	1298	2037	2614	2730	2767	3047	3325	3412	3433	3608	3637	
215	648	775	874	1312	1842	2013	2283	2305	2858	3792	4013	4081	4083	4153	4179	4197	
216	180	291	310	386	948	1230	1257	1798	1878	1912	2605	2921	3557	3721	3724	3795	
217	230	351	723	1010	1029	1308	1553	1584	2144	2481	2915	2928	3074	3322	3376	3404	
218	840	841	941	1140	1188	1228	1320	1478	1898	2190	2458	3284	3329	3372	3722	3883	
219	134	1072	1674	1755	1831	1875	2791	2854	3053	3128	3180	3504	3580	3627	3628	3670	
220	188	401	450	470	571	649	1545	1730	2132	2348	2674	2956	3109	3199	3607	3732	
221	50	147	403	502	655	1141	1510	1534	1807	2149	2701	2793	3067	3104	3485	3510	
222	582	1849	2265	2356	2664	2896	3222	3535	3798	4043	4074	4084	4105	4265	4295	4314	
223	565	703	1053	2019	2077	2437	2566	2764	3101	3113	3231	3271	3511	3688	3695	3709	
224	42	225	304	327	372	477	639	753	877	1396	2081	2645	3267	3356	3518	3963	
225	422	865	1009	1073	1334	1525	1712	1741	2141	2161	2263	2282	2396	2555	2626	2652	
226	323	977	1771	2017	2073	2365	2693	3283	3299	3440	3442	3528	3693	3747	3850	4225	
227	500	1232	1629	2002	2181	2336	2766	2798	2930	3272	3303	3589	3992	4046	4091	4095	
228	47	200	584	635	650	652	1021	1159	1378	1486	1630	2310	2530	2594	2641	2713	
229	722	853	901	1063	1281	1318	1557	1708	2274	2654	2919	2925	3038	3259	3513	3612	
230	12	697	799	1536	1554	2682	2781	3017	3154	3413	3449	3755	3783	3834	3894	4098	
231	25	173	343	930	1142	1295	1607	2174	2516	3139	3270	3569	3749	3859	3951	4203	
232	111	183	517	561	720	1034	1146	1383	1577	1591	1794	1824	1900	2299	2671	2890	
233	38	98	425	438	496	503	589	866	1738	2137	2189	2278	2433	2656	3331	3568	
234	202	609	628	709	1780	2663	2765	3103	3166	3194	3424	3538	3651	3835	3865	4069	
235	56	384	586	1246	1394	1657	1737	1796	1959	2549	2822	2827	2982	3216	3388	3552	
236	552	797	984	1208	1238	1663	1799	2120	2273	2426	2532	2891	2893	2905	3010	3081	
237	70	397	878	1113	1129	1823	1848	2116	2374	2719	2817	2996	3498	3620	3965	4078	
238	869	1390	2038	2422	2503	3258	3364	3384	3867	3914	3932	3934	3989	4148	4201	4224	
239	497	809	908	933	1115	1507	1518	1975	2379	2482	2689	3235	3466	3553	3640	3839	
240	328	536	575	958	996	1289	1403	1475	2125	2451	3040	3187	3188	3330	3539	3864	
241	46	209	245	252	254	352	671	956	1096	1122	1222	1410	1460	1546	2680	2976	
242	626	1061	1332	1706	1970	2128	2315	2381	2531	2537	2867	3082	3083	3186	3227	3512	
243	398	580	902	1044	1045	1054	1198	2160	2217	2814	2909	3301	3302	3501	3563	3662	
244	408	712	945	1336	1368	1711	1788	1908	2090	2129	2183	2214	2239	2629	2815	2888	
245	1130	1509	1635	1689	2840	2920	3268	3352	3420	3469	3595	3723	3853	3854	3874	4185	
246	226	405	545	1567	1631	1664	3059	3633	3776	4042	4049	4079	4157	4180	4245	4260	
247	128	138	759	765	1014	1473	1620	1682	1750	1769	1894	2205	2259	2461	3350	3462	
248	14	271	420	587	664	806	2703	2966	3157	3663	3974	3977	4080	4168	4233	4264	
249	630	1420	1564	1779	2140	2182	2321	2529	3206	3905	3926	3968	4001	4047	4088	4174	
250	428	462	641	845	1069	1484	2286	2320	2347	2358	3266	3323	3431	3582	3655	3945	
251	931	1385	1402	1474	1578	2104	2556	2563	3335	3936	3953	4010	4221	4231	4246	4286	
252	107	144	387	1049	1264	1419	1421	1448	1481	1827	1947	2109	2200	2562	3131	3150	
253	20	88	215	250	366	483	856	1324	1450	1538	1573	2102	2729	2752	3089	3351	
254	4	557	673	771	831	1307	1996	3018	3408	3448	3599	3623	3656	3678	3969	4023	
255	868	944	974	1596	1644	1997	2726	2910	2954	3210	3332	3833	3866	4005	4022	4024	
256	19	163	341	394	724	818	1155	2603	2751	3549	3788	3938	4123	4288	4291	4301	
257	7	145	214	321	510	620	1036	1337	1563	1572	1697	1809	1828	1882	2011	2108	
258	261	359	529	698	1662	1726	2194	2586	2864	3003	3064	3200	3203	3699	3728	3750	
259	160	476	820	898	912	982	1012	1138	1457	3418	3702	3847	3870	4037	4117	4182	
260	631	734	1023	1132	1176	1216	1269	2071	2179	2330	2434	2620	2992	3004	3319	3426	
261	43	78	801	1107	1227	2564	3015	3117	3193	3230	3363	3470	4063	4131	4229	4242	
262	702	740	1685	1899	2145	2210	2245	2393	2597	2841	2913	2995	3254	3280	3542	3707	
263	203	303	324	560	1037	1123	1137	1838	2119	2127	2385	2984	3626	3636	3704	3802	
264	515	623	906	959	1270	1280	1436	2546	2763	2824	3097	3176	4032	4163	4212	4222	
265	292	647	653	967	1080	1566	1598	1622	1675	2326	2515	2559	2627	2853	3013	3579	
266	68	325	489	815	1330	1608	1803	1806	1916	2053	2123	2413	2593	2677	2711	2716	
267	152	158	330	404	1253	1638	1967	2335	3173	3314	3318	3806	3871	3880	3891	3892	
268	172	711	796	1640	1754	2201	2585	3297	3507	3784	3787	3819	3888	3966	4059	4107	
269	407	410	633	636	692	1524	2083	2411	2722	2990	3085	3548	3567	3635	3734	3941	
270	93	377	475	785	1500	1516	1672	1864	1873	2057	2232	2337	2613	2762	2769	2859	

1	0	1	0	1	0	1	0	1	0	1	0	1	0	1	0	1	0	1	0	1	0	1	0	1	0	1	0	1	0	
1	0	0	1	0	1	0	1	0	1	0	1	0	1	0	0	1	1	0	1	0	1	0	1	0	1	0	1	0	1	
1	0	1	0	0	1	0	1	0	1	0	1	0	1	0	0	1	0	1	1	0	1	0	1	0	1	0	1	0	1	
1	0	1	0	1	0	0	1	0	1	0	1	0	1	0	0	1	0	1	0	1	1	0	1	0	1	0	1	0	1	
1	0	1	0	1	0	1	0	0	1	0	1	0	1	0	0	1	0	1	0	1	0	1	1	0	1	0	1	0	1	
1	0	1	0	1	0	1	0	1	0	0	1	0	1	0	0	1	0	1	0	1	0	1	0	1	1	0	1	0	1	
1	0	1	0	1	0	1	0	1	0	1	0	0	1	0	0	1	0	1	0	1	0	1	0	1	0	1	1	0	1	
1	0	1	0	1	0	1	0	1	0	1	0	1	0	0	0	1	0	1	0	1	0	1	0	1	0	1	0	1	1	
0	1	0	1	0	1	0	1	0	1	0	1	0	1	0	1	0	1	0	1	0	1	0	1	0	1	0	1	0	1	
0	1	1	0	1	0	1	0	1	0	1	0	1	0	1	1	0	0	1	0	1	0	1	0	1	0	1	0	1	0	
0	1	0	1	1	0	1	0	1	0	1	0	1	0	1	1	0	1	0	0	1	0	1	0	1	0	1	0	1	0	
0	1	0	1	0	1	1	0	1	0	1	0	1	0	1	1	0	1	0	1	0	0	1	0	1	0	1	0	1	0	
0	1	0	1	0	1	0	1	1	0	1	0	1	0	1	1	0	1	0	1	0	1	0	0	1	0	1	0	1	0	
0	1	0	1	0	1	0	1	0	1	1	0	1	0	1	1	0	1	0	1	0	1	0	1	0	0	1	0	1	0	
0	1	0	1	0	1	0	1	0	1	0	1	1	0	1	1	0	1	0	1	0	1	0	1	0	1	0	0	1	0	
0	1	0	1	0	1	0	1	0	1	0	1	0	1	1	1	0	1	0	1	0	1	0	1	0	1	0	1	0	0	
