4320	270	300	16

17	7	3199	1084	934	2500	326	3953	2490	606	818	1957	190	2106	2473	2114	2804	3207	3025	
17	10	623	1127	3958	1244	2495	1400	559	1683	369	3336	1338	3826	567	187	1711	4272	657	
20	12	3186	3405	1674	852	2097	1406	3911	2179	1275	1600	161	410	3228	258	1137	3363	3823	1806	4210	3491	
25	11	3203	3498	43	1233	1485	1070	3	781	1627	877	3950	2269	1125	4076	57	1377	1440	2603	3556	3535	3883	2742	3688	1030	61	
11	5	279	490	3990	846	470	746	1034	1101	3012	1179	1848	
13	8	2282	1551	3041	1774	1323	4187	3477	3501	3853	1621	3058	807	3387	
12	8	4043	562	3934	1203	2614	1634	1321	4138	1737	4013	3492	2736	
10	4	3005	3604	546	3568	1348	1500	2492	943	4274	2835	
14	6	940	3511	591	4236	2295	1783	4259	2623	4308	3966	3874	1033	2509	32	
13	6	3657	1249	2335	997	2408	1618	2118	615	2675	3914	2059	4095	3951	
13	8	50	1864	150	931	1479	2039	1593	3151	1351	1100	3140	2018	899	
13	6	157	1014	726	2438	1973	2462	2708	1928	1136	511	2796	888	3070	
18	10	2676	411	1946	3330	2334	74	1060	1310	2506	1942	2533	3308	4163	3607	1519	4208	3265	1018	
15	6	721	1247	2458	2219	2242	1982	900	1968	687	2651	156	3314	1302	3409	2860	
4	1	1650	2270	1796	3900	
11	5	1871	3335	477	4125	2954	2279	1218	36	2284	3706	2372	
20	8	1855	2147	2178	2450	2488	197	2618	2909	1893	148	941	3068	1913	78	1941	1813	3414	829	2042	3754	
17	7	3876	870	2840	4113	603	718	3629	816	1427	3559	633	3736	3407	1089	828	2962	3069	
12	8	3214	2819	1	1448	3908	1243	2667	2267	1428	2353	1628	2322	
18	11	3854	2734	666	3060	373	125	1944	2328	3111	2234	1510	2823	2211	2105	3284	2563	3654	478	
8	3	740	430	464	632	3105	2448	968	3554	
16	7	575	2070	1918	3924	1822	2892	1698	2456	3830	1230	2246	1035	2470	3986	90	1603	
13	4	2306	2318	3527	1409	2102	2541	3130	1360	2931	2128	2679	1754	1156	
19	10	1379	2730	2120	3622	1846	1880	3000	3750	2369	519	1990	1651	2711	3665	3030	2227	4250	1266	2911	
19	9	3235	3701	3360	396	383	1489	3756	811	1158	1373	1460	1752	1909	1702	1666	3277	1189	980	2523	
10	6	1329	3570	837	1598	77	3704	1228	2443	206	1461	
13	4	2810	3591	2145	2971	4247	668	2974	3544	4003	2640	541	563	2504	
14	7	3783	2648	1131	140	4260	1065	1412	976	2879	2207	2484	3046	421	2072	
15	5	3630	4147	3847	3971	58	665	2502	1685	353	4193	752	1748	1286	2099	4069	
12	7	2086	4093	1993	3143	2727	2633	8	3142	2289	1291	1758	2863	
16	10	497	3479	3687	2958	2248	2867	114	3543	2882	3484	3677	2690	1760	652	780	3398	
10	5	2272	2790	2812	1638	863	1565	4000	2361	745	1447	
14	6	2160	3220	2922	137	203	1835	1081	1309	1258	3695	305	2951	602	3795	
13	7	252	1735	426	112	1745	1662	4231	2896	467	1540	3243	3577	1636	
22	9	2387	42	1729	4175	264	1068	4045	3545	2474	1452	2000	964	2593	3486	2475	3656	232	3446	3027	2650	2203	2077	
13	4	2721	3653	3460	2081	1529	796	2544	2923	1040	2253	336	3788	2803	
13	7	2579	951	810	3247	529	3480	62	1882	1780	2111	306	2950	2298	
18	7	2096	1589	696	338	3238	301	3094	1354	3574	4189	3455	3887	4159	4285	3103	3470	3533	453	
13	8	705	1658	2136	2208	3266	1521	1206	754	2239	1630	2955	1214	1723	
18	10	1915	2454	1645	3276	1104	3942	263	600	1506	2411	3851	2461	862	2415	2093	400	684	2407	
10	7	204	1459	2582	1979	2027	1382	3010	3379	2008	823	
11	7	1581	3431	2146	1526	2273	734	2223	1755	11	742	1879	
15	8	1073	3270	2975	3676	71	1814	2503	3212	374	1571	3464	2559	2343	2631	4023	
13	4	3312	3974	3393	2862	4059	1289	975	394	3450	4267	3306	3920	2082	
13	7	2688	1569	3528	880	2516	3772	3001	2320	872	2310	561	1974	2611	
10	6	1625	1820	4117	1836	1951	21	3662	2880	3281	3817	
10	6	2324	1212	1478	3929	139	199	189	1826	669	4304	
18	11	635	2190	4160	2384	2815	3423	640	849	2312	1811	2714	1767	3620	2912	3034	4131	297	3210	
15	5	3283	2668	1582	350	4216	2426	3268	1151	3794	984	1252	3779	3746	763	1393	
14	7	2665	1837	2021	3985	1408	455	2637	2156	3913	1168	3892	4035	3811	1856	
13	6	1216	2127	130	2205	2210	1016	1217	848	2388	4311	4067	3710	2005	
14	8	2299	3820	1207	3999	318	4122	3552	2645	2581	3298	377	281	3857	3562	
13	4	2132	2981	827	2110	1960	2292	91	2345	3711	3250	2183	2338	985	
13	4	1320	709	3521	164	1579	423	3149	2735	2476	1995	673	3059	183	
12	6	654	3102	3096	420	1167	1029	505	3671	2684	3309	514	344	
11	3	588	3190	3838	935	4027	3430	3581	3126	1391	3382	4136	
20	8	1949	1739	881	583	3720	2744	2283	1809	4015	3299	4165	1828	3824	41	1797	3090	268	4032	4126	4152	
14	9	1930	3371	3557	3885	2891	790	2141	3718	1386	3514	218	1457	4009	4153	
15	8	1614	3565	2713	1710	3135	2300	2341	1071	3509	3426	1670	3319	2669	2889	833	
13	5	1648	524	1539	294	4096	3200	4219	1927	1528	340	4	4014	270	
13	6	1165	1741	4270	1481	3709	44	1508	759	3133	3791	212	607	581	
19	9	1223	1426	929	3765	2578	3767	2584	1622	2221	3721	667	771	954	3534	2990	3466	3065	2087	3519	
14	8	2187	257	138	864	2997	2757	576	35	2153	3100	3473	1808	2762	986	
16	8	3267	2712	81	1106	3078	4012	1833	1268	3302	122	2687	23	1300	530	2001	838	
18	7	3218	143	2126	1931	3215	1039	973	415	767	2746	2672	1777	2989	412	2020	3328	3606	2405	
16	7	2362	2915	4169	578	1153	2775	2660	404	644	2982	3739	4022	1147	1166	1495	2199	
14	7	1771	3732	4102	2095	3134	4232	2316	348	3279	1305	2907	368	2493	364	
18	11	3440	584	3785	2468	1221	356	950	4196	1975	1727	1602	1706	3940	1912	1677	2280	3108	3434	
12	4	2983	3632	1114	4103	4002	3597	813	1486	385	254	1295	3770	
16	6	260	1810	1794	1154	3897	88	1665	2805	182	1673	1007	315	4110	3904	149	170	
15	7	1458	2107	3744	2413	947	2935	988	1961	587	2157	345	774	3076	1557	3538	
15	9	4296	3040	3088	3002	3731	1840	461	937	4313	2758	2479	1333	2429	3471	1817	
19	7	4156	2277	2404	1267	2313	1473	2271	2620	3493	4263	3643	1687	1177	3737	3672	1236	3968	2123	2604	
13	8	4074	1599	2240	3975	903	3291	2591	694	2135	4086	857	1301	1886	
10	6	2025	3600	2131	574	2348	3917	1182	2412	1550	1482	
14	7	4111	1792	151	127	1825	761	966	1883	1945	1853	1718	2723	213	3175	
9	2	2830	2373	4279	442	2767	3978	909	4026	2872	
10	4	4008	2777	3113	2507	1381	882	3841	3252	4036	2196	
11	4	1545	3420	2972	2545	2397	1830	4127	569	2329	2782	648	
13	5	3801	1331	1468	192	2393	1693	3708	825	1150	3912	3865	2069	1566	
17	10	1467	1371	1703	500	1450	1716	1261	3697	2325	3925	4097	2600	2580	3080	1142	3384	1799	
14	8	1471	1161	3008	3563	4167	1028	3144	105	638	2067	347	1238	2988	3623	
16	8	2577	3146	3166	3035	508	2390	3941	2317	441	3194	1120	2619	3664	266	1553	280	
16	9	1757	3343	402	3085	1590	3735	1183	2053	2297	1097	2501	3048	777	3077	3326	312	
15	7	987	3898	1472	2657	3031	3815	217	2346	2857	972	2624	2717	3963	2887	672	
13	4	933	843	2368	2553	2919	4225	2296	3860	1661	556	557	3524	2797	
15	8	1649	3937	627	2598	1536	2243	2101	1138	2811	2015	3124	2980	1013	3508	3350	
11	5	3155	241	2150	2854	3004	3370	1932	3537	1103	2364	1050	
6	2	1892	469	4303	3325	2482	3222	
14	5	10	3334	387	2979	178	1588	1769	3264	3751	2499	3798	55	1688	3678	
14	9	2315	487	3837	2566	4301	1240	403	2901	1948	4252	333	1431	3261	679	
10	4	4151	3734	89	4084	1296	2535	3745	3195	1020	2235	
12	4	413	3368	4284	3389	2850	2376	884	2385	1483	2686	2301	1344	
19	9	324	901	1832	1000	787	3590	2260	2992	1012	242	237	560	2784	2786	1578	4066	3702	4020	4134	
19	11	2740	3378	3043	2569	93	2133	3357	4192	233	3636	370	1476	3646	1788	3023	1076	792	3910	3359	
13	6	875	822	3262	2154	932	59	1347	1046	4024	3781	3324	3890	2403	
20	11	496	1897	905	4087	3037	3872	2961	3786	1241	2820	2314	4101	3645	3109	690	146	2032	4227	1761	2469	
21	12	658	245	2104	482	3251	3839	1248	747	3579	1053	1552	1903	2646	732	390	2661	3548	3206	3635	1635	4179	
24	11	358	2487	2999	938	4118	448	2158	1517	3640	1851	3609	2185	1861	2030	2930	1087	2764	342	2149	795	447	4298	3083	2497	
12	7	3459	3717	674	962	2802	1692	1139	2716	1922	65	4197	1185	
20	10	2050	1263	1963	1051	4082	2530	2402	2605	1641	3241	918	896	3873	4195	175	2900	2144	1129	2326	3188	
14	8	645	109	960	3472	1219	1923	1696	2505	797	3019	4317	3566	1604	2241	
16	6	2367	1943	543	3044	29	4061	3893	3181	3417	2785	1193	978	4155	1092	3029	4168	
11	7	1953	1854	3364	4115	3513	1742	119	2007	3441	1133	359	
17	7	1525	1456	1327	310	2002	1194	158	87	3585	869	3714	3835	284	1205	1577	1271	2085	
17	9	2360	1513	7	3104	769	2664	1644	778	1784	1734	3667	4038	2073	2332	1632	2275	842	
11	3	3952	2902	1878	3863	1815	3051	1048	249	544	1424	3976	
12	6	2321	2040	748	3145	1798	2370	783	3067	2217	4319	262	794	
15	5	1694	2583	894	4123	936	1280	4116	354	1159	3690	3715	3482	2049	1017	1919	
14	5	3583	3452	917	4268	1432	689	1422	2494	892	489	2969	3296	1732	3547	
16	6	1170	2685	2161	54	493	1180	2006	1140	4190	2062	3449	1099	2418	3165	859	2761	
21	8	1059	2918	316	858	4307	981	4184	2788	167	3474	3346	946	2851	2056	26	3099	3322	736	3973	2303	401	
14	7	1585	2159	3768	126	1541	2113	3042	3399	1862	1601	1858	334	3784	913	
6	1	2839	3935	2772	799	2071	844	
17	6	1005	4212	1021	2966	3848	1829	1800	3982	1885	48	1091	3127	4297	475	4312	3730	485	
18	10	3481	2560	979	1612	298	873	3637	4140	1530	2654	4305	1361	3118	2171	733	1402	3965	4198	
22	11	3288	2562	3972	25	113	1038	1904	406	3882	3178	3758	1980	3907	3979	171	2779	1480	916	2517	527	1298	4176	
10	7	2445	2864	2731	878	605	680	152	4158	256	3615	
13	4	3728	1857	924	550	332	98	2151	3660	1470	1962	662	1299	3454	
12	6	1507	4042	2768	3938	3225	386	3301	3208	1952	3502	2571	154	
7	3	1560	3755	678	531	2446	1654	729	
13	7	1624	4077	2355	3922	998	1229	1730	2607	4056	1148	2836	4018	714	
16	9	1895	3878	1418	1992	1911	1200	2305	1235	276	486	292	802	3871	3179	4081	1284	
17	10	1245	3763	677	3003	446	3091	879	160	2414	3644	3844	518	4223	445	3939	831	4178	
21	11	1527	1793	4230	598	331	1312	1981	2124	3776	661	568	582	2003	2010	1414	3287	1417	3599	4149	4318	457	
17	10	443	1891	286	4170	92	3994	3234	3743	2994	3638	2115	1262	1283	2537	4277	319	624	
13	6	3699	357	3421	3884	1756	3141	1700	2539	488	3957	230	2725	3627	
17	7	1152	3138	2281	1163	101	675	2465	4172	3959	3093	2181	49	2874	502	2870	4044	2109	
17	6	2643	1375	2525	762	1726	4054	3593	82	2436	1446	272	3816	3205	523	172	291	4053	
15	6	1533	227	1548	1362	3009	2834	1697	735	3397	3806	3840	2905	1369	3845	4029	
16	8	604	999	681	4030	2763	2352	629	2728	2945	809	1976	1595	2977	3955	1766	3760	
11	5	4265	1102	2853	3419	1368	2033	3219	3488	2212	132	2837	
18	11	2938	1031	3862	3967	655	3338	1269	3386	3663	185	1746	2993	3439	3160	2682	2091	1062	3098	
12	8	3864	4088	2481	824	3761	3617	521	650	3285	4300	693	1436	
14	7	2632	79	4157	2452	3902	1511	1731	3497	1779	1804	1026	3187	346	3358	
14	8	2174	1936	3451	1211	3685	1001	1367	3377	2532	2526	176	2389	2400	131	
24	11	181	594	538	2460	798	1403	2206	438	1079	702	2924	991	1534	2832	1597	1538	1121	2700	3895	503	3954	3614	4037	2038	
14	7	1198	3332	1080	375	3870	4065	3515	433	3263	4205	1171	1435	782	4145	
10	4	2552	820	804	2885	1277	1849	3458	4083	409	3255	
10	7	2037	209	2626	664	1336	2599	868	4289	649	3388	
16	9	4031	3286	1390	1707	3610	955	867	1986	3658	3233	2255	2692	542	2814	1580	2064	
13	4	926	3171	3983	1410	439	510	2678	757	3437	701	494	240	278	
13	6	1010	395	2333	3036	4245	9	83	3092	18	2949	4199	4089	2636	
18	8	1626	3028	2568	1451	3619	1387	2861	4253	2457	2978	1376	2046	2529	27	121	3022	2498	2697	
15	8	2653	1678	770	2557	3505	3691	4262	2165	2357	2336	3800	1145	3422	2673	3613	
10	6	174	692	3191	244	104	1695	1111	1926	283	3749	
14	9	3427	2705	107	3741	1437	2055	1505	168	3344	2748	3757	626	1543	1173	
13	7	2129	454	1859	3216	3546	405	2596	1069	691	1984	1689	853	255	
14	5	2421	3152	1866	1874	2765	2829	416	686	1787	2511	3173	427	2434	3808	
11	5	819	4235	100	1925	4161	3339	2914	2965	2108	2791	1675	
15	8	1841	2422	3349	1061	779	4204	2920	273	2012	3180	1253	2512	1910	1547	2715	
18	9	2112	2293	4162	3571	1146	1265	3013	1605	1304	2323	85	4314	1197	660	3463	3526	728	1128	
11	3	3256	2054	4228	2451	2953	595	1514	1888	2769	967	398	
10	5	2036	2948	4016	1972	2009	4281	555	1747	3072	3117	
14	6	800	2431	617	1276	388	1444	3410	1785	2894	2680	2933	2066	3818	552	
10	3	3428	3512	1839	3621	2976	1643	1135	3456	2792	239	
19	10	22	3290	2656	3612	1209	871	1116	12	1306	2824	2542	2575	801	2845	2496	3061	4278	1564	253	
17	8	1407	2973	659	4139	2088	2671	2514	1425	3304	2759	834	3227	2641	1025	235	4248	3374	
14	9	887	2946	2555	2594	841	1011	1308	2817	1561	3232	1455	1285	618	2416	
12	4	3945	3007	2344	2986	2230	378	723	3852	2739	2092	3496	3778	
15	9	1366	4033	628	1998	2732	572	380	3582	224	2356	3961	1372	335	250	2996	
24	14	2704	2747	2827	1078	786	3813	3719	765	3095	1699	3011	4310	2683	1736	1191	611	535	1041	2567	1112	3797	1558	3169	4071	
10	7	2117	619	706	4182	3055	2057	565	84	2801	1772	
12	5	1708	3949	2287	3445	2899	2263	982	2440	3605	3827	3230	3182	
8	3	1396	4100	3189	304	468	3996	4237	70	
14	7	3231	1009	3689	2927	3859	3738	2985	3403	1802	4124	1045	2652	3575	969	
23	11	422	1475	46	751	525	2177	3684	2846	4121	3490	1764	1570	3110	3523	4209	2447	323	1637	3362	1257	2261	2838	3292	
9	3	246	750	3943	4173	835	1122	854	95	3442	
22	13	2441	1733	3766	1115	166	1823	2340	3317	2013	1316	397	2258	2076	3875	180	1439	1959	3201	2564	3313	1611	16	
7	2	2519	1999	2200	2394	2888	832	2406	
18	8	2776	3588	2398	3213	1429	2613	956	287	928	2483	1464	4099	3981	1617	3253	2051	123	2565	
12	5	1419	3834	2371	462	3655	1032	328	2913	471	3861	4302	1935	
3	1	3642	1224	1318	
11	5	739	2319	236	1311	2549	1967	2883	3792	110	2304	817	
16	9	3435	688	923	1664	3341	921	553	2130	3541	3163	1326	653	3150	4194	670	850	
15	8	2139	845	3680	2770	671	2561	3901	491	4238	707	1176	1231	116	72	4220	
20	12	2534	3475	4316	897	539	1242	2856	124	3425	142	3809	103	2215	773	1164	4046	2249	1074	4222	930	
14	7	2754	3992	599	866	3280	3915	3337	3516	1924	3084	1404	3447	1411	3355	
11	4	2691	3260	3960	717	2944	3855	1958	1438	2630	993	515	
14	7	2855	1894	1887	2947	601	1778	1401	3089	2592	1487	1303	2339	4085	3375	
17	7	437	3832	1474	2926	3415	2774	4092	2337	958	38	2142	3611	3158	708	4271	4315	3964	
17	7	3193	1281	2722	2256	3686	2689	1584	2439	2148	2755	463	1315	4001	3047	3416	856	3777	
13	5	1157	3483	3321	265	805	4090	1562	1786	727	3307	440	1795	712	
17	9	381	3771	1728	2430	476	4104	4239	3918	3114	1996	1192	1498	3649	3673	2959	299	1501	
7	2	4283	609	2666	1067	1202	1907	1175	
16	8	2378	3295	1342	2396	749	382	908	1520	1633	173	2238	2347	5	865	3156	3905	
16	8	133	219	1213	3087	2214	2701	3580	3569	1119	2809	3692	4050	876	2119	1568	1008	
15	5	3310	3373	1383	2358	2794	3804	1395	4028	3269	3567	1208	3381	4264	1955	2903	
16	9	2363	3504	3494	1397	414	320	2766	2116	3202	724	198	3700	3560	3626	2898	1442	
15	6	2226	3987	2587	3694	2865	3587	579	3159	1781	4107	2662	2871	418	2399	2878	
14	9	231	2694	3592	3289	3154	2647	3831	3064	1575	585	2209	910	3578	341	
10	3	2417	4098	1872	1272	4233	1782	3075	2841	1063	3802	
16	9	1640	639	1113	498	1865	2423	4164	2068	424	1086	953	731	2467	3916	3107	3196	
10	4	1339	711	2029	2262	3478	965	329	904	1572	444	
8	2	1186	506	2180	17	145	3780	117	549	
16	9	2859	2250	365	1307	499	1324	3259	620	789	2197	1964	458	1827	2016	1260	803	
20	11	1378	3229	4286	2233	1900	839	3385	2743	715	3342	229	2485	3129	3412	2121	2168	1380	3956	1341	517	
13	6	2391	4266	75	2963	1499	4058	2538	3532	2910	3020	4005	1225	3624	
13	8	3311	1518	1174	2574	2916	642	3789	2103	1914	2639	205	2186	3886	
16	9	2237	3814	1908	2375	898	697	1155	2808	1066	2515	970	1466	1860	2570	3391	2023	
12	7	920	2080	2395	925	1415	1463	67	1682	1776	2906	4249	1896	
18	11	776	2350	2622	234	3748	479	3713	2236	1445	4112	3803	2612	76	96	1332	3773	636	855	
12	7	389	3367	3843	1522	2195	2904	3703	2597	3443	2419	3650	4206	
15	7	1453	1542	3245	243	2780	558	4224	4257	1094	2228	1668	570	4299	1287	3520	
19	9	663	3683	2831	2970	1340	208	4293	1843	1096	4025	1370	4063	3211	3747	45	1416	56	2028	449	
9	3	1889	1555	4185	3674	3495	1701	495	115	1077	
14	8	1044	2693	4132	2193	608	3406	1107	1335	238	2943	4068	1143	3278	3970	
13	5	625	520	2710	942	1083	1768	2925	220	184	2934	1966	3125	536	
15	5	2848	2663	200	1574	474	3448	516	547	3226	915	4070	2078	3998	3500	2789	
26	14	2543	1991	3353	3919	1898	1655	4242	4141	1364	4010	2433	384	3652	2382	4150	2707	2760	2556	2781	80	1775	3485	2572	1319	1388	2745	
15	7	2031	2265	1292	2828	614	2194	4203	261	2576	3682	2844	3805	2884	959	1906	
11	3	1515	1831	3468	30	957	2302	2017	815	3666	1047	1108	
9	5	1939	571	3112	2936	2290	2520	2381	4051	4062	
8	5	1423	2866	1130	1279	744	1714	3693	983	
13	4	2202	3079	1812	513	64	393	3787	2709	1535	4294	3928	3828	3769	
14	5	1469	267	391	2163	1987	2285	4094	108	3661	1204	4128	3354	2521	1187	
20	12	1824	3594	1449	2551	3170	153	2629	3696	1770	847	504	4275	990	269	2134	3137	4255	3889	2083	1294	
6	3	3054	4019	300	1509	2681	3753	
14	8	2617	2058	573	66	1712	3899	1330	1652	2773	2696	1852	2610	4080	1905	
20	12	3254	634	3404	4276	4120	222	3120	651	4041	840	4256	1057	3026	3633	3926	2252	2868	1273	3608	1196	
13	4	2420	3849	2274	1838	317	4073	3015	2783	2554	1297	4202	435	2753	
9	6	2987	247	1929	3395	223	4011	2585	4180	2189	
20	12	2044	3825	1314	2089	683	2606	309	989	3896	4133	2821	303	4004	760	592	3273	102	4174	4288	1691	
9	4	3119	647	465	1199	1608	710	2627	4109	2842	
14	7	2644	2379	1877	3836	3017	1807	4047	3503	2540	361	2224	1325	4078	3396	
12	7	2307	1399	2968	2984	830	1237	775	193	577	473	275	3433	
18	10	141	40	4075	1873	2401	507	2366	3380	2098	509	1024	1394	2677	3705	169	2478	994	4171	
12	4	2471	419	3564	1763	3946	2703	3553	2201	1049	1095	1496	2043	
23	13	3032	1494	612	945	2327	1610	4282	3799	3833	4290	3257	3383	1679	3681	1934	3675	3327	4273	1938	2035	425	4244	3880	
15	7	1573	1036	1328	1623	2825	3819	4129	1686	3390	4021	1405	210	1805	360	3365	
15	5	392	349	3157	682	2063	1317	699	2459	2342	2182	3340	3237	3740	2795	4017	
10	4	3891	695	1681	1118	177	3858	1313	2818	698	1006	
14	6	3258	2719	738	327	277	1956	2917	434	2138	2172	2259	3540	3869	2229	
17	10	2964	3153	2991	1246	2425	1358	459	963	1819	788	1970	3183	99	2589	2726	1392	2489	
16	7	1098	1531	2354	528	2428	1765	1172	3240	1642	3331	363	3842	472	355	902	2738	
9	5	63	288	371	3641	1647	2257	94	2833	1705	
24	14	1743	4320	3329	321	995	436	2510	1274	610	2635	1663	3050	2	2198	1554	2079	2749	1639	1773	2550	2170	466	2937	343	
12	7	3991	2231	1162	2351	1502	1660	399	2940	2034	3438	2247	4154	
18	8	2522	2213	2152	3679	2245	2464	408	13	944	4114	1738	1355	540	1537	3136	3555	2799	793	
15	9	1255	51	202	2052	2893	974	3066	3148	2628	1969	3550	429	1901	3272	4258	
16	6	1790	3774	285	4280	2480	895	4040	1027	2377	3246	1985	4049	2508	86	3436	3217	
13	6	3293	2737	3465	2816	3877	3561	2175	3598	3933	3462	106	1188	3921	
12	6	2278	3174	1259	3724	4039	2309	1109	2204	3530	3467	120	4214	
16	10	53	3762	3962	1567	814	4142	2524	533	352	2546	764	289	1002	3168	1876	2291	
20	8	2778	1337	3668	1667	3659	1421	1349	3106	1389	1881	2750	1250	2330	1491	2573	1222	719	1549	1160	2995	
11	4	3132	1195	3271	2751	1239	4057	2466	949	3081	2061	3639	
15	6	1251	1657	251	1690	2024	4106	1870	3903	135	613	3944	886	2877	1940	4254	
15	8	3573	741	3198	1497	2191	3024	47	3101	685	325	2432	179	1803	1178	3239	
14	6	225	1493	720	2453	1983	3596	3507	1085	3453	1653	3249	1615	1977	2528	
16	10	1916	271	2608	2869	3394	3303	2960	39	3499	2449	554	2288	1015	1715	861	4292	
19	11	1088	4241	948	646	207	1132	483	188	704	1052	2595	2442	1971	3631	186	337	4218	1215	4183	
15	8	2518	3542	1921	4213	2602	159	545	2011	3197	3052	4211	3647	2998	28	15	
10	7	2800	1357	4243	1004	1356	296	1022	1254	4048	4217	
17	6	1234	2486	2045	3549	1270	2188	3162	3128	2410	2192	890	2294	512	3073	826	282	3810	
13	8	919	111	3429	3669	631	2890	2638	3888	3723	3224	2513	3082	129	
8	6	4181	1933	1596	3487	24	3930	1201	33	
17	6	1751	3634	2908	3856	1384	586	3045	1619	730	992	1594	3651	3049	2004	3625	3300	907	
17	10	3879	1144	912	1821	4137	1492	2670	1420	3807	2047	484	2787	1484	2733	2806	1363	2162	
19	11	641	1430	2967	2771	2548	155	1591	3796	2276	3506	3995	2173	551	860	31	73	4052	2225	3993	
22	11	2615	2014	432	1141	2065	2813	2075	3584	1789	3517	3648	3539	3729	214	1749	3759	1322	3586	2642	589	3618	3725	
7	4	2798	2956	2807	2435	1477	3323	2706	
13	4	1365	134	1465	1759	2957	4201	6	4246	1023	1631	851	4166	1226	
13	7	2220	1659	785	616	1834	1488	3366	3418	885	1523	1719	2586	566	
19	9	216	2695	3356	2724	3424	3602	2383	1844	3997	3742	2674	1181	808	259	1434	293	2932	753	302	
23	11	3316	3021	1868	68	1105	2876	3867	3192	1064	2137	4135	977	893	3670	1413	703	3351	3221	3347	3209	3408	1947	3782	
19	8	1532	4287	4146	1454	2311	1606	1616	3790	3603	2169	1740	322	4191	3274	2244	3352	2331	756	3086	
19	8	889	3236	713	2702	3716	1124	3184	165	2897	3822	1750	2463	3444	1899	144	3432	431	4007	1994	
14	6	2455	211	3116	311	1072	2424	1850	3977	3057	3461	1722	2308	460	2254	
10	3	372	1717	3821	1613	1524	1359	971	812	784	3881	
12	4	3275	3176	3909	34	2536	1110	3063	60	2826	3457	1842	2609	
11	4	883	2264	1490	758	3131	2125	450	3333	3345	1724	4295	
18	9	534	874	3006	366	1210	1278	3536	3980	407	1684	891	4144	722	295	3722	1075	3071	914	
19	8	2625	4229	367	1709	2729	806	4130	452	2881	1293	1954	3392	593	19	3282	3989	2921	4306	637	
15	7	1054	3764	221	3616	1672	2167	2942	1629	3401	1055	2822	2558	1220	308	1646	
15	9	290	362	2026	1988	3139	2251	2409	1563	597	1043	1443	2847	4148	3531	428	
14	6	351	4261	2060	4215	1462	1264	2359	3376	330	3369	1345	3923	4291	4091	
16	10	961	1937	1801	3056	3402	3947	136	4119	3361	1385	3318	1917	3969	3846	4234	4072	
8	6	3242	4226	4186	3177	2939	700	791	2184	
8	4	1556	2952	1232	1352	2143	194	2547	2941	
16	7	2527	1441	1671	922	3053	1978	622	3115	2122	1863	97	3936	1503	3062	1920	4177	
14	7	1607	3894	191	1433	1867	1190	1586	1753	537	3812	3589	2491	3348	118	
11	3	772	2286	2849	3510	3413	2266	4309	3074	737	4060	196	
10	6	3014	2477	1559	1056	2658	3411	1149	201	2875	3850	
19	10	836	451	1334	2531	1184	3793	4006	314	3147	1288	1169	2222	3372	821	3576	755	3489	3551	3167	
22	9	1123	927	4064	526	3039	2895	1134	3984	1847	743	2444	195	3927	2048	3161	768	3712	2094	313	2601	1544	2140	
15	7	676	4034	1676	2427	52	1290	1093	548	2100	3123	307	1117	1816	1374	2793	
22	13	3932	1037	69	2365	3164	456	1512	2166	3572	4143	215	417	3018	1353	162	3727	2392	1902	3733	3988	3595	147	
18	11	1818	1058	4207	564	1721	1791	2886	1845	2929	1965	3172	2437	3204	128	3016	3476	1587	1762	
13	6	716	3297	3097	2022	3320	2616	532	2164	1592	3522	1090	2756	580	
10	6	1680	1504	3305	1282	1620	3469	2084	481	4200	2720	
15	8	3244	766	226	4079	379	2741	2590	2858	2698	2019	2374	906	4108	1516	4055	
18	10	3726	630	3122	725	3906	163	2386	2041	522	1890	3829	3525	2472	2655	3038	1704	2232	3868	
16	10	1346	3223	2588	2621	996	4251	228	596	1656	2349	3866	2176	4105	248	1583	2843	
10	6	2718	4221	2873	3601	2380	2649	4269	1082	3294	2852	
11	3	1126	2699	1720	2752	2659	2218	1713	3628	3315	3775	2074	
13	4	643	4188	3033	3529	1725	3558	1989	376	911	1256	1869	1875	1343	
8	2	20	14	1669	501	656	3121	2634	1950	
8	3	1576	3698	3707	1398	1884	2268	952	1042	
18	8	2155	1997	37	1350	2928	590	1609	1227	3248	480	1003	274	1019	1546	3185	339	3518	2216	
10	4	3752	3400	2090	1744	621	4240	492	3948	939	3931	

1	63	181	443	588	887	1088	1098	1378	1556	1648	1680	1916	2155	2625	2830	2855	
2	524	772	1607	1694	2387	2417	2522	2848	3203	3231	3256	3283	3310	3316	3481	3945	
3	739	933	1527	1640	1894	1915	2139	2220	2237	2527	2615	2778	3014	3275	3879	3952	
4	141	204	324	663	740	843	845	1005	1054	1337	1366	2360	2643	2644	2665	2987	
5	625	1949	2421	2632	3199	3288	3427	3459	3668	3814	3854	3876	3932	4031	4098	4111	
6	623	658	676	870	875	1084	1157	1346	1824	2112	2117	2445	2455	2477	2543	2668	
7	392	619	643	1059	1379	1396	1458	1467	1581	1614	1626	1667	2454	3021	3193	3373	
8	42	247	252	271	496	497	520	641	1123	1585	1625	1889	1953	2050	2086	2676	
9	22	174	290	349	413	604	1430	1872	2025	2160	2202	2282	2379	2441	2730	2840	
10	260	358	1073	1126	1216	1525	1533	1897	2552	2691	2902	2918	2952	3119	3242	3659	
11	211	800	820	1234	1365	1383	1532	1555	1868	1891	1895	2054	2127	2583	2704	3028	
12	901	927	1170	1407	1735	1878	1908	2014	2307	2568	2705	2946	3079	3244	3311	3642	
13	133	246	705	1009	1186	1232	1441	1820	1841	2174	2187	2534	2721	3186	3428	3683	
14	422	575	639	1451	1818	2159	2299	2362	2391	2431	2562	3435	3483	3594	3783	3878	
15	594	635	919	1037	1456	1855	1930	2213	2272	2324	2754	3176	3254	3312	3728	3863	
16	69	134	432	437	654	721	1223	1251	1255	1421	1475	1513	1539	1659	1771	1936	
17	107	617	716	1058	1459	1531	1887	1939	2096	2363	3132	3260	3267	3371	3440	3573	
18	534	836	1141	1518	1729	1792	2044	2422	2518	2712	2734	2740	3005	3007	3102	3220	
19	706	1327	1449	1453	1507	1708	1837	2120	2560	2864	2915	3190	3258	3479	3752	3991	
20	46	111	634	750	822	1281	1339	1793	1810	2321	2487	2577	2776	3498	3726	3801	
21	130	411	883	920	1375	2147	2286	2800	3116	3604	3630	3653	3820	3960	4042	4064	
22	68	216	227	776	894	1113	1331	2378	2663	3838	3891	4113	4181	4212	4226	4229	
23	286	526	666	905	1650	1790	2031	2129	2190	2368	2653	2699	2798	2938	2973	2999	
24	7	151	279	316	351	426	546	804	819	926	1044	1165	1198	2226	2695	2964	
25	43	288	498	584	979	1010	1247	1471	1504	1589	1757	1871	2810	3229	3404	3405	
26	785	889	1559	1645	1743	1997	2608	2885	2956	3270	3565	3699	3785	3832	4160	4241	
27	717	1105	1329	1371	2231	2350	2685	2722	3235	3236	3717	3732	3768	3987	4043	4093	
28	40	200	231	310	1263	1751	1857	2264	2458	2622	2947	3146	3321	3429	3557	3974	
29	225	692	987	1152	1233	1423	1426	1739	2205	2358	2468	2551	2719	2807	2831	3104	
30	451	751	766	769	858	881	929	1474	1515	1551	1812	1946	2021	2306	2710	2768	
31	1582	2555	2839	2876	2970	3214	3335	3460	3583	3825	4175	4188	4230	4276	4283	4287	
32	226	350	616	674	874	940	999	1340	1865	2265	2315	2688	3096	3138	3153	3171	
33	583	948	961	1349	1485	2278	2587	2718	2731	2869	2983	2991	3343	3701	3885	4079	
34	20	264	487	1292	1612	2525	2664	2693	2926	3276	3286	3330	3591	3619	4075	4216	
35	157	257	962	1624	2293	2790	2866	3166	3191	3262	3295	3332	3360	3475	3542	3720	
36	37	379	477	538	934	1144	1387	1644	1674	1720	1733	1873	1877	2747	2794	2828	
37	614	878	912	1207	1658	2256	2648	2975	3174	3378	3400	3765	3972	4102	4156	4186	
38	381	741	1031	1162	1399	2367	2420	2819	3032	3106	3297	3570	3588	3938	3949	4100	
39	1	311	362	389	395	688	837	1246	1357	1494	1573	2037	2178	2287	2365	2861	
40	112	245	420	603	738	1127	2435	3164	3368	3393	3669	3764	3999	4132	4235	4286	
41	138	609	852	1070	1350	1598	2859	3039	3451	4033	4123	4162	4265	4307	4316	4320	
42	50	209	454	612	1080	1342	1574	1834	1921	1943	2070	2270	2318	2333	2425	3006	
43	77	372	456	525	935	1021	1576	1741	2194	2500	3033	3043	3329	3415	3632	3774	
44	285	659	1245	1259	2065	2145	2233	2250	2319	2384	2396	2895	3060	3225	3452	3527	
45	219	265	294	646	695	897	945	1014	1104	1221	1358	1649	1831	2354	2423	2579	
46	326	936	1717	1937	2095	2569	3293	3356	3766	4087	4139	4164	4170	4182	4243	4266	
47	75	571	981	1272	2152	2327	2666	2724	2752	3041	3445	3504	3694	3898	3958	4034	
48	53	236	762	923	1244	1390	1548	1671	1774	1815	1832	1859	1933	2068	2277	2460	
49	221	371	696	798	1115	1161	1314	1320	2737	2899	3935	4027	4125	4207	4270	4296	
50	356	506	598	1469	2154	2161	2398	2495	2772	2774	3290	3468	3494	3983	4146	4169	
51	208	938	950	2040	2089	2104	2553	2694	2813	3218	3394	3622	3687	3937	4096	4213	
52	79	93	578	645	683	1036	1212	1448	1490	2075	2351	2373	2744	2827	3198	3216	
53	3	298	709	1569	1610	2088	2219	2426	2865	2922	3953	4117	4120	4196	4228	4293	
54	234	366	628	781	1114	1134	1328	1362	1726	2242	3367	3985	4185	4253	4282	4284	
55	10	51	222	321	402	630	1067	1068	1131	1397	2457	2594	2671	2944	2958	3051	
56	92	143	459	482	539	543	1174	1627	1707	1794	1821	1846	2026	2193	2283	2404	
57	166	318	424	1078	1211	1419	1596	2080	2281	2486	2602	2928	2968	3686	3748	3804	
58	267	726	1056	1975	1993	3170	3213	3571	3584	3592	3657	3724	3741	3942	4151	4157	
59	396	490	864	1195	1276	1545	1880	2107	2263	2450	3040	3122	3303	3698	3763	3894	
60	30	191	375	1210	1410	2002	2401	2514	2519	2574	2606	2656	2966	2971	3009	3037	
61	367	677	749	1153	1389	1481	1823	1836	2097	3120	3465	3487	3679	3704	3867	3984	
62	382	528	564	1678	1681	1847	1854	1900	1929	2126	2132	2344	2488	2862	2954	3044	
63	126	202	327	357	1102	1277	1454	1542	1664	1918	2245	2689	2916	2960	3568	3610	
64	365	642	995	1584	1721	2036	3192	3349	3529	3709	3762	3799	3864	3908	4077	4122	
65	54	109	388	436	873	877	1323	1623	1843	1951	2311	2816	2948	3251	3521	3789	
66	164	513	601	718	917	1429	1512	2248	2919	3223	3289	3334	3600	3637	3680	3833	
67	770	1004	1334	1725	2340	3268	3305	3744	3834	4118	4187	4261	4268	4279	4280	4290	
68	197	331	1243	1403	1444	1541	1709	2133	2136	2438	2775	2849	3000	3134	3143	3317	
69	631	1307	1400	1657	1676	2013	2658	2867	2997	3112	3424	3558	3950	4103	4184	4203	
70	1228	1249	1395	2355	2729	2890	3035	3245	3271	3477	3511	3602	3771	4002	4039	4054	
71	207	499	608	942	1406	1432	1437	1478	1728	1963	1973	2103	2383	2471	2480	2825	
72	414	743	1151	1154	1991	2815	2891	3088	3341	3750	3872	4045	4137	4147	4221	4225	
73	338	391	1167	1311	1791	1982	2052	2060	2557	2617	2757	2853	3157	3200	3545	3707	
74	153	430	508	559	1000	1312	1703	2206	2430	2659	2886	2963	3054	3528	3855	3911	
75	25	373	576	725	1132	1163	1267	1492	1502	1989	2427	2873	3505	3689	3821	3990	
76	140	251	448	758	786	1051	1086	1931	2428	2578	2588	2788	2802	2834	3008	3962	
77	14	100	386	387	806	921	951	955	1242	1690	1727	2166	2660	2927	3257	3794	
78	113	114	261	419	438	682	711	953	1029	1096	1849	2180	2413	2893	3383	3612	
79	167	960	1146	1567	1778	2490	2613	2727	3152	3189	3215	3419	3423	3691	3813	3994	
80	52	500	681	713	922	957	1038	1061	1472	2531	3002	3177	3234	3546	3597	3848	
81	627	787	841	1079	1348	1425	2335	3353	3563	3743	3839	3862	3906	3922	4016	4030	
82	244	799	1184	1493	1497	1765	1981	2177	2179	2702	3472	3685	3847	3849	4074	4215	
83	779	790	810	814	956	1011	1039	1048	1248	1488	1613	1745	1845	2063	2510	2984	
84	81	277	924	1280	1418	2626	2713	2856	2939	2979	3301	3572	3734	3919	4025	4059	
85	1274	1988	2058	2395	2439	2582	2598	2618	3003	3389	3458	3601	3793	3819	3924	3992	
86	383	867	973	998	1219	1282	1433	1904	3366	3587	3836	3859	3909	4130	4140	4143	
87	476	606	1278	1398	1999	2158	2269	2296	2629	3590	3676	3684	3877	4092	4167	4232	
88	309	415	590	813	1001	1172	1801	2812	3097	3510	3593	3629	3767	3967	4008	4028	
89	44	137	406	464	505	839	1401	1524	1822	1866	1998	2390	2846	3139	3154	3641	
90	124	125	610	846	1028	1125	1290	1486	1683	2022	2029	2131	2218	2584	2961	2978	
91	689	816	1064	1213	1308	1317	1499	2148	2262	2309	2474	2657	2732	2929	3238	3431	
92	101	573	748	1202	1229	1489	1958	1986	2444	2670	2967	3017	3085	3144	3155	3269	
93	439	830	963	982	1083	1359	1462	1468	1590	1809	2024	2163	2191	2210	2380	2741	
94	66	163	747	805	1356	1368	1647	1768	2141	2452	2892	2994	3543	3634	3882	4142	
95	203	474	699	767	818	1265	1450	1508	1892	1898	1944	2274	2667	3411	3671	3719	
96	263	442	483	778	895	1072	1452	1789	1923	1956	2638	2751	3036	3364	3421	3430	
97	702	900	1106	1609	2850	3420	3512	3638	3843	3902	3971	4090	4129	4204	4219	4233	
98	64	550	1316	1579	1874	2033	2137	2313	2337	2576	2746	2763	3448	3536	3860	3870	
99	82	105	192	241	640	651	759	1093	1209	1560	1662	1716	1819	1838	1957	1979	
100	301	632	1275	1409	1536	1655	1710	1992	2771	2924	3056	3716	3731	4058	4076	4104	
101	57	188	190	332	510	849	1987	2251	2548	2908	3395	3756	3888	3897	4082	4088	
102	320	479	572	700	932	1370	1377	1408	1438	1622	1807	2027	2334	3013	3579	3658	
103	35	58	159	493	871	908	1500	1669	3385	3856	4047	4063	4065	4135	4231	4247	
104	600	1124	1130	1420	1517	1522	2055	2153	2243	2386	2481	2909	2972	3211	3357	3515	
105	29	71	88	178	249	369	553	605	1530	1605	1696	1893	1965	2260	2352	2621	
106	148	155	317	824	925	958	989	996	1440	1473	1506	1511	1638	2102	2279	2451	
107	380	544	1324	1376	1665	1697	1881	2045	2115	2424	2505	2920	3078	3145	3240	3410	
108	455	655	720	997	1116	1415	2124	3233	3517	3581	3713	4041	4239	4242	4260	4262	
109	195	446	516	629	840	991	1798	2208	2221	2635	3094	3338	3474	3564	3747	3776	
110	675	1763	1867	2130	2236	2312	2328	2436	2462	2541	2770	2925	2981	2992	3031	3184	
111	12	34	665	947	974	2459	2530	2755	2917	3541	3738	3786	3896	4015	4040	4083	
112	215	404	1237	1534	1829	2081	2271	2302	2453	2465	2502	2538	2633	3640	3946	4019	
113	74	104	393	671	1591	1811	1972	2464	2549	2620	3336	3413	3561	3582	3682	4006	
114	39	501	1465	1692	1698	1911	2524	2647	2805	2986	3066	3552	3721	3796	4061	4115	
115	314	545	562	735	788	797	984	1190	1269	1925	2342	2411	2765	3501	3532	3837	
116	89	287	397	579	941	1118	1241	1851	1983	2545	3259	3513	3735	3755	3815	3853	
117	21	182	469	533	548	1016	1218	1239	1382	1422	1505	1814	1840	2402	2703	3148	
118	220	224	599	667	704	977	1053	1227	1338	1713	2605	2649	2750	3299	3346	3397	
119	771	1060	1279	1367	1661	2393	2832	3609	3787	3807	4084	4116	4133	4141	4251	4256	
120	273	661	678	744	775	1289	1354	1562	1679	1712	1967	1968	2566	3089	3178	3406	
121	45	354	591	664	928	1304	1552	1588	1864	2376	2494	2844	3024	3068	3130	3574	
122	184	193	408	461	1012	1427	1597	1599	1660	1663	1782	1800	1844	1970	2258	2323	
123	304	971	1296	1602	1641	1693	1785	1786	1839	2017	2240	2767	2821	3135	3147	3493	
124	85	423	574	975	1264	1364	1445	1621	2000	2150	2375	2637	2820	3087	3266	3425	
125	1107	1310	1642	2285	3208	3320	3549	3831	3918	3943	3978	4010	4012	4165	4172	4192	
126	24	98	168	409	1261	1270	1538	1600	1759	1835	2300	2409	2433	3418	3478	3503	
127	228	470	547	668	731	898	1262	1686	2151	2371	3091	3377	3893	3959	3997	4161	
128	1250	1335	1529	2483	2536	2708	2714	3133	3163	3183	3708	3806	3927	3975	4121	4173	
129	433	452	1326	1384	1464	1731	2743	2829	3100	3339	3553	3662	3681	3696	3761	3826	
130	13	127	238	468	507	586	765	903	1027	1200	1352	1360	1685	2011	2165	2456	
131	38	47	150	233	556	1446	2230	2341	2440	2603	2654	3159	3473	3934	3982	4189	
132	352	825	863	964	1288	1695	1767	1833	1850	2076	2101	2882	2935	3095	3617	3758	
133	746	811	1183	1463	1699	1742	2305	2397	2546	2953	2957	3050	3248	3497	3620	3674	
134	2	8	119	303	638	1224	1268	1521	1781	1980	2012	2047	2048	2330	2503	2672	
135	416	462	796	931	937	1158	1180	2106	2188	2314	2709	2854	2914	3011	3131	3161	
136	217	596	653	892	1057	1110	1828	2009	2041	2175	2182	2185	2198	2267	2356	2377	
137	36	697	880	1565	2276	3181	3302	3390	3628	3648	3929	3930	4101	4107	4112	4269	
138	122	521	827	1203	1283	1306	1606	1770	2053	2142	2201	2266	2359	2881	2936	2974	
139	17	1065	1194	2366	2516	2532	2766	3824	3899	4004	4301	4303	4305	4309	4310	4313	
140	405	434	557	884	885	944	1373	1656	1907	2195	2255	2561	3380	3402	3772	3907	
141	142	378	647	715	727	847	1034	1138	1235	1336	1416	1460	1885	1914	2098	2385	
142	243	484	620	680	835	954	1071	1139	2100	2113	2146	2346	2758	3045	3055	3304	
143	99	300	353	812	1526	1620	1769	1779	2349	2616	2894	3162	3809	3884	3980	4000	
144	384	656	965	1217	1520	1535	1861	2777	2824	2857	2883	2985	3105	3111	3417	3830	
145	56	145	567	848	1052	1554	1563	2090	2156	2357	2370	2526	2542	2910	3219	3291	
146	532	650	1149	1240	1730	2071	2116	3376	3803	3913	3941	4057	4073	4106	4245	4263	
147	417	597	946	1230	1252	1830	1903	2046	2110	2273	2596	2599	3128	3202	3534	3596	
148	9	48	272	329	1330	1412	1633	1756	2007	2079	2297	2408	3042	3063	3113	3247	
149	376	407	595	904	1361	1706	2537	2687	2780	2965	3001	3142	3150	3212	3340	3490	
150	103	158	242	764	988	1169	1428	2164	2200	2246	2348	2759	3118	3172	3506	3598	
151	59	67	139	161	385	686	834	1616	1652	2067	2234	2678	2683	2904	3004	3114	
152	165	296	529	768	1293	1764	1913	2317	2448	2466	2507	2646	2785	2880	3605	3643	
153	87	723	1491	1592	1784	1804	1934	2171	2614	2912	3197	3386	3556	3697	3723	3791	
154	509	734	1097	1159	1570	1870	2437	2540	2749	3126	3331	3342	3484	3507	3663	3675	
155	577	687	815	866	1109	1927	1960	2257	2325	2336	2369	2684	3263	3327	3370	3660	
156	173	223	410	783	1193	1470	1586	1618	1634	1752	1961	2591	2592	2630	2716	3074	
157	732	1347	1487	1684	1787	2006	2214	2353	2529	2728	3010	3241	3645	3655	3816	3940	
158	441	909	1909	1952	2215	2222	2544	2573	2595	2639	3509	3718	3903	3947	4011	4021	
159	78	237	760	1222	1321	1619	1628	1736	1954	2662	3019	3067	3110	3141	3228	3237	
160	60	568	879	1043	1081	1140	1700	1753	1825	2057	2410	2701	3524	3703	3800	3977	
161	276	519	694	893	1528	1682	1808	1962	2388	2501	2539	2934	3052	3666	3925	3995	
162	363	1673	1702	1777	2125	2473	2597	3093	3180	3441	3522	3616	3652	3690	3917	4201	
163	199	465	558	565	719	868	1049	1091	1381	1928	2192	2628	2651	2773	3325	3559	
164	480	633	791	1201	1206	1672	2114	2382	3403	3670	3805	4138	4211	4273	4277	4281	
165	135	644	993	1046	1191	1443	2511	3020	3057	3121	3499	3842	4114	4294	4314	4317	
166	136	185	319	730	918	972	1309	2804	2931	3018	3053	3123	3194	3204	3523	3585	
167	83	307	582	1121	1197	1424	1549	1996	2135	2593	3064	3101	3227	3309	3392	3580	
168	212	761	976	1253	1303	1413	2289	2442	2680	2811	3246	3280	3399	3443	3480	3875	
169	611	1746	1978	1985	1990	2479	2696	2945	3173	3226	3315	3455	3495	3961	4190	4224	
170	473	535	896	1085	1386	1969	2238	2535	2590	2645	2692	2826	2897	2989	3109	3372	
171	6	809	2181	2589	2871	3488	3544	3851	3933	4024	4119	4150	4193	4194	4209	4236	
172	486	592	724	1101	2030	2118	2167	2506	3015	3058	3469	3569	3742	3780	3866	3979	
173	399	514	622	703	1155	1192	1514	1737	1862	2223	2394	2492	2851	2879	3461	3852	
174	180	403	1003	1639	1651	2207	2295	2449	3034	3149	3264	3567	3781	3790	3792	3840	
175	62	515	522	821	2176	2624	2707	3048	3502	3539	3550	3621	3915	4026	4049	4094	
176	537	660	752	773	777	890	911	966	968	1026	1136	1372	1498	1783	1912	1932	
177	390	450	504	690	757	891	915	1208	1687	1966	2108	2923	3554	3603	3712	3779	
178	27	108	198	593	978	1032	1182	1722	2581	2976	3426	3457	3535	3576	3647	3715	
179	607	1041	1439	1572	1738	1776	1802	1882	2447	2508	2575	2847	2990	2998	3187	3437	
180	189	412	789	1069	1164	1941	2858	3351	3361	3745	4005	4124	4131	4155	4275	4289	
181	258	330	949	1045	1355	1575	1666	1734	1959	2204	2347	2641	2808	2884	3736	3775	
182	86	275	292	361	394	463	1177	1353	1601	1773	1971	2143	2783	2930	3077	3205	
183	28	41	194	374	585	1291	1315	2056	2512	2762	2901	3127	3221	4046	4086	4097	
184	523	613	691	733	802	1066	1258	1758	2249	2294	2760	2993	3486	3737	3883	3901	
185	323	1479	2212	2556	2674	2817	2942	2982	3636	3677	3729	3751	4003	4070	4127	4148	
186	160	214	274	670	1007	1047	1120	1133	1748	1888	1938	2128	2197	2896	3407	3812	
187	162	869	1087	1108	1119	1813	1976	2003	2138	2316	2320	2863	3298	3746	3887	3944	
188	19	23	49	205	289	418	882	1022	1122	1181	1199	1510	1571	2035	2292	2550	
189	489	540	801	886	1040	1111	1117	1477	1714	2172	2484	2640	2726	3282	3347	3439	
190	254	348	370	554	1035	1318	1402	1922	1964	2062	2290	2499	2661	2700	3160	3273	
191	346	872	1629	1701	1780	2209	2399	2619	2698	3115	3279	3337	3450	3873	4001	4144	
192	176	315	335	340	990	1002	1025	1168	1523	1910	2122	2339	2467	2652	2690	2711	
193	110	128	857	1385	1797	1890	2461	2515	2585	2612	2764	2787	2940	3209	3224	3664	
194	172	229	754	959	1019	1392	1537	1637	1883	2015	2184	2823	3436	3548	3667	3822	
195	531	1483	1484	1608	1744	1926	1984	2028	2308	2742	2905	3530	3589	3611	3661	3665	
196	342	491	541	621	1150	1863	2170	2173	2389	2809	2933	3318	3344	3401	3514	3516	
197	177	488	563	862	1225	1643	1816	2485	2686	2735	3201	3727	3829	4105	4110	4195	
198	26	235	347	970	1024	1089	1509	1561	2149	2392	2571	2717	2733	3453	3537	3739	
199	427	466	467	763	1055	1595	1917	2169	2211	2679	3047	3195	3281	3463	3631	3649	
200	266	1405	1476	1826	1924	3099	3129	3307	3369	3525	3672	4022	4159	4240	4257	4259	
201	440	458	472	495	808	1749	2010	2084	2105	2259	2322	2414	3206	3322	3381	3646	
202	492	943	1082	1254	1300	1305	1677	1760	2253	2301	2310	2415	2623	2748	2781	3158	
203	115	186	259	425	429	708	992	1827	2476	3277	3412	3700	3969	3989	4038	4048	
204	91	328	460	736	737	795	1137	1256	1414	1719	1795	1902	3092	3462	3467	3895	
205	80	97	187	551	569	685	1333	1394	1466	1948	2239	2446	2822	3075	3363	3482	
206	18	2019	2361	2806	2845	3124	3449	3464	3466	3695	3714	3798	3823	3841	3912	4099	
207	84	171	175	305	722	1775	1884	2094	2496	2564	3232	3324	3414	3733	3904	3981	
208	55	481	503	542	587	986	1020	1160	1653	1740	2472	2475	2504	2554	2791	3016	
209	5	152	1617	1654	1788	1860	2186	2600	2681	2874	2907	3026	3090	3252	3476	3485	
210	325	755	1175	1363	1434	1546	1594	1750	1942	2020	2034	2039	2520	2547	2797	3081	
211	218	322	1369	1842	2443	2580	2872	2900	2969	3136	3294	3633	3673	3936	3954	3957	
212	1074	1391	1547	1670	1754	2073	2345	2412	2570	2943	3125	3249	3328	3526	3753	3973	
213	121	359	530	1135	1145	1204	1689	1901	1906	2157	2254	2280	2284	2288	2429	2533	
214	291	512	555	615	1238	1858	2078	2093	2374	2655	2677	2959	3022	3433	3835	3892	
215	201	355	2381	2470	2941	3759	4035	4036	4128	4191	4222	4246	4248	4285	4297	4311	
216	117	120	336	502	1023	1095	1540	1587	1995	2224	2558	2572	3287	3308	3560	3656	
217	206	1092	1099	1236	3313	3408	3555	3688	3693	3757	3928	3963	3988	4053	4180	4238	
218	299	475	626	707	1374	1711	1762	1806	2432	2463	2995	3030	3319	3614	3706	3865	
219	268	293	560	649	1286	1611	1630	1945	2111	2888	2977	3438	3644	3845	3916	4068	
220	149	1015	1457	1593	2066	2955	3253	3284	3379	3844	3871	3926	3948	4244	4267	4271	
221	4	156	1090	1553	1853	2049	2268	2563	2779	2801	2870	2932	3651	3692	3705	3858	
222	673	710	1189	1503	1550	2144	2675	3323	3326	3489	3566	3606	3635	3711	3955	3968	
223	33	76	313	910	1345	1715	1755	2123	2567	2669	2887	2913	3059	3250	3314	3626	
224	669	906	1030	1176	2227	2434	2513	3012	3029	3049	3073	3274	3285	3296	3422	3471	
225	96	146	232	284	1103	1295	1461	2244	2980	3061	3062	3846	3998	4013	4051	4067	
226	65	283	518	561	828	939	1094	1205	1319	1688	1766	1920	2061	2332	2372	2607	
227	179	297	728	832	1017	1179	1322	1417	2252	2303	2877	2962	3084	3168	3416	3624	
228	295	377	1220	1332	2784	2898	3108	3599	3914	4014	4056	4205	4264	4274	4300	4308	
229	860	1143	1147	1148	1171	1313	1852	2196	2769	3966	3976	4009	4149	4163	4200	4252	
230	31	106	169	337	1231	1344	1732	2189	2786	2951	3444	3540	3575	3607	3654	3722	
231	183	745	967	1013	1112	1635	1876	1899	2610	2835	2906	2937	3023	3243	3306	3446	
232	829	1631	2121	2364	2418	2491	2634	2814	2868	3333	3362	3586	4037	4044	4050	4108	
233	447	471	980	1297	1519	1578	1747	2069	2228	2400	2498	2739	2841	3107	3217	3352	
234	1455	1869	2682	2697	2949	3179	3551	3639	3808	3923	3965	3986	3996	4197	4208	4214	
235	308	345	478	662	701	1273	1388	1718	2051	2162	2217	2836	3080	3151	3265	3382	
236	94	269	281	581	774	1404	1543	2247	2478	2715	2921	3072	3797	3811	3861	3874	
237	102	368	400	602	693	865	930	1077	1325	2489	2875	3027	3577	3740	4018	4029	
238	16	210	753	1050	1128	1302	1351	1604	2134	2493	2642	3038	3076	3185	3345	3374	
239	248	306	826	1033	1185	1393	1632	1796	2092	2099	2168	2650	3103	3456	3578	3857	
240	784	876	1577	2004	2586	2673	3255	3492	3788	3880	4066	4136	4168	4174	4210	4312	
241	116	302	341	856	1018	1076	1817	1940	2032	2723	3508	4199	4202	4249	4250	4298	
242	131	339	684	854	994	1100	1558	1805	1919	2016	2818	3409	3613	3827	3920	4032	
243	73	1285	2008	2406	2803	3447	3678	3828	3869	4089	4158	4218	4223	4291	4302	4318	
244	95	170	672	861	902	952	1063	1129	1257	1411	1435	1668	2119	2482	2627	2795	
245	343	698	792	1142	1480	1636	2261	2329	2889	3137	3434	3625	3702	3730	4078	4085	
246	250	511	983	1301	1516	3354	3384	3795	4198	4255	4278	4288	4292	4304	4315	4319	
247	11	262	1260	2059	2183	2229	2326	2509	2838	2852	2950	3083	3140	3169	3207	3910	
248	230	449	566	969	1266	1299	1380	1568	2203	2796	3065	3391	3531	3710	3802	3818	
249	333	398	428	618	1156	1580	1803	1955	2559	2601	3156	3300	3442	3608	3773	3850	
250	132	144	334	401	435	652	853	1008	1166	1447	1496	1501	1974	2001	2023	2064	
251	270	570	782	838	888	1178	1495	1615	2005	2720	2745	2756	3188	3222	3278	4055	
252	213	256	282	494	851	916	1566	2419	2753	2860	2996	3396	3470	3518	3784	4179	
253	457	549	580	1431	2517	3496	3595	4080	4091	4109	4177	4227	4234	4237	4299	4306	
254	72	90	589	742	1544	1557	2018	2216	2275	2298	2304	2331	2338	3261	3350	3358	
255	255	807	1287	1564	2109	2842	2878	3165	3533	3810	3890	3964	4052	4060	4153	4166	
256	360	453	624	636	1075	1173	1188	1271	1772	2087	2235	2736	3239	3348	3388	3432	
257	15	431	1006	1691	1856	2038	2609	2636	2833	2988	3071	3491	3520	3538	3900	3931	
258	445	527	1215	1583	1761	1947	1950	2085	2241	2291	2604	2793	3272	3500	3881	3889	
259	196	2225	2343	2407	2469	2497	2782	3046	3069	3167	3387	3562	4020	4062	4081	4095	
260	123	421	1214	1848	1875	2042	2083	2140	2799	3117	3230	3375	3650	3749	3956	4069	
261	70	147	253	344	536	637	712	859	1704	1886	1935	2077	2199	2405	2521	2523	
262	240	780	794	914	985	1294	1442	1896	1905	2403	2611	2789	2911	3359	3970	4007	
263	280	793	817	842	850	1196	1298	1603	1646	1723	1799	2072	2706	2792	2837	3082	
264	679	899	1042	1341	1724	2232	2725	2761	2903	3210	3292	3547	3760	3817	3886	3993	
265	312	517	756	844	1187	1284	2082	3618	3627	3770	3777	3782	3939	4017	4071	4126	
266	129	485	823	833	855	3025	3086	3778	3905	4134	4183	4217	4220	4258	4272	4295	
267	154	278	364	831	913	1482	1977	1994	2631	3070	3365	4145	4154	4171	4176	4206	
268	61	118	552	729	1226	1343	1675	2091	2528	2565	2738	3175	3355	3623	3921	3951	
269	32	239	444	657	714	907	1062	1436	2074	3182	3454	3519	3615	3868	4023	4072	
270	648	803	1705	1879	2043	2416	2843	3098	3196	3398	3725	3754	3769	4152	4178	4254	

1	0	1	0	1	0	1	0	1	0	1	0	1	0	1	0	1	0	1	0	1	0	1	0	1	0	1	0	1	0	
1	0	0	1	0	1	0	1	0	1	0	1	0	1	0	0	1	1	0	1	0	1	0	1	0	1	0	1	0	1	
1	0	1	0	0	1	0	1	0	1	0	1	0	1	0	0	1	0	1	1	0	1	0	1	0	1	0	1	0	1	
1	0	1	0	1	0	0	1	0	1	0	1	0	1	0	0	1	0	1	0	1	1	0	1	0	1	0	1	0	1	
1	0	1	0	1	0	1	0	0	1	0	1	0	1	0	0	1	0	1	0	1	0	1	1	0	1	0	1	0	1	
1	0	1	0	1	0	1	0	1	0	0	1	0	1	0	0	1	0	1	0	1	0	1	0	1	1	0	1	0	1	
1	0	1	0	1	0	1	0	1	0	1	0	0	1	0	0	1	0	1	0	1	0	1	0	1	0	1	1	0	1	
1	0	1	0	1	0	1	0	1	0	1	0	1	0	0	0	1	0	1	0	1	0	1	0	1	0	1	0	1	1	
0	1	0	1	0	1	0	1	0	1	0	1	0	1	0	1	0	1	0	1	0	1	0	1	0	1	0	1	0	1	
0	1	1	0	1	0	1	0	1	0	1	0	1	0	1	1	0	0	1	0	1	0	1	0	1	0	1	0	1	0	
0	1	0	1	1	0	1	0	1	0	1	0	1	0	1	1	0	1	0	0	1	0	1	0	1	0	1	0	1	0	
0	1	0	1	0	1	1	0	1	0	1	0	1	0	1	1	0	1	0	1	0	0	1	0	1	0	1	0	1	0	
0	1	0	1	0	1	0	1	1	0	1	0	1	0	1	1	0	1	0	1	0	1	0	0	1	0	1	0	1	0	
0	1	0	1	0	1	0	1	0	1	1	0	1	0	1	1	0	1	0	1	0	1	0	1	0	0	1	0	1	0	
0	1	0	1	0	1	0	1	0	1	0	1	1	0	1	1	0	1	0	1	0	1	0	1	0	1	0	0	1	0	
0	1	0	1	0	1	0	1	0	1	0	1	0	1	1	1	0	1	0	1	0	1	0	1	0	1	0	1	0	0	
