4320	270	300	16

11	4	1572	321	4049	4221	2867	2330	1530	788	385	1288	540	
13	6	2440	2073	1416	517	266	773	398	1192	1353	1682	311	3808	1350	
13	8	1725	871	3642	3683	4123	3780	2502	3237	1820	1227	4287	4306	1312	
12	4	3730	4160	4125	830	2665	4093	1475	996	292	1892	88	4147	
11	7	1885	1752	3142	589	633	2536	3959	3484	3529	31	4283	
23	10	387	3459	334	3399	215	2672	864	565	3090	34	3568	1638	3215	300	1791	1546	3092	3817	2942	959	4153	1688	2287	
16	6	1855	1944	4178	661	10	3585	2856	2572	2670	2548	1509	3147	2340	2418	2214	1452	
20	8	3958	481	810	4308	4311	580	2428	1749	2639	2220	1015	231	1111	2436	2528	3607	3241	2932	2067	4190	
22	13	388	3710	2112	814	572	1906	1009	1544	2610	4060	2105	2706	417	1611	1052	3148	2265	4	2876	2684	646	4213	
11	4	3954	1690	2574	4173	2744	1153	1181	3361	2235	1259	2117	
13	7	2970	2004	1223	3751	1853	287	2109	2231	2157	1561	3349	1812	3877	
18	9	2399	237	3409	3481	1081	408	4068	476	1404	832	282	1014	1687	1319	1833	2116	3858	435	
11	5	226	1200	2619	1443	3259	470	2940	1127	1681	4044	3756	
14	9	2636	2361	792	3678	2473	172	555	930	1533	340	1666	3388	914	1845	
12	8	994	180	856	1123	130	3038	2539	2557	1539	1133	3932	893	
14	6	3239	1375	618	3345	1462	3829	3168	4195	147	1538	29	3797	1039	887	
15	6	986	4150	1570	1231	1125	516	689	3555	1606	1386	1063	1038	2704	3395	2392	
16	10	1265	1936	3967	3290	812	1007	3261	3571	243	1949	2078	2806	2369	2688	2584	460	
22	12	3665	1664	3580	2924	841	627	2103	4202	1248	4039	1005	1467	1296	3075	2458	2110	3576	1540	2302	3331	2072	3414	
16	6	1744	3403	693	126	78	2999	2827	3131	953	438	3724	2278	3373	1521	64	4146	
17	8	399	3633	3433	2496	530	1439	3878	1775	298	1548	1781	1615	2960	3434	3129	3491	2461	
13	8	156	478	2498	3528	510	383	1364	314	1506	884	3082	1352	537	
17	7	1239	4238	2000	3474	3235	2380	2978	4104	1531	584	896	2403	3098	827	4264	929	342	
17	6	496	3210	1580	2559	1578	3153	1997	254	3622	1863	1915	4186	4164	3343	484	2085	1371	
9	4	3022	325	1218	4092	4171	2668	2592	3869	3268	
19	9	629	2516	2844	1126	2059	854	3519	2950	3228	1958	3731	660	3903	240	3764	163	3925	858	1811	
15	7	2484	4269	5	2957	1816	1778	2049	2170	2637	668	782	3640	800	1220	647	
17	10	2115	1006	3364	1368	1420	3220	3503	230	1631	2480	3350	2232	2174	1257	579	3692	3771	
11	4	3365	150	3551	3270	503	801	3405	724	1693	3179	1748	
11	4	654	3396	2546	2455	3450	3110	1543	1733	3753	1601	90	
13	7	912	2647	3699	2754	1271	182	3277	3096	2500	1148	793	3111	2443	
16	8	538	4107	1603	2394	621	3644	3385	2256	2956	4018	593	3293	918	1511	87	3667	
12	6	3397	3276	4124	2886	4053	892	1904	813	1980	4267	685	796	
8	2	2514	2707	1354	2156	728	3451	744	365	
9	6	2071	3435	946	3715	2679	2923	467	4293	2195	
13	4	3946	1496	967	3743	3328	2758	3468	2408	1663	1255	2813	97	3740	
17	9	2090	3178	2169	3761	1208	1221	3193	2282	2043	2566	4040	3324	1582	3271	1226	2362	3863	
14	8	3574	1388	3185	2809	1329	3774	1968	257	1796	722	3167	1320	3188	666	
9	2	3598	353	836	3739	1476	40	972	808	846	
8	5	2920	4162	3402	3709	831	154	131	3050	
17	8	4130	3266	2007	1423	3443	717	2989	483	1030	1703	606	513	2486	1191	3933	3908	1410	
13	4	3408	2643	2654	4310	2221	3384	3028	3490	1362	289	1869	3417	166	
16	8	2182	2868	3358	2638	4062	2432	671	1842	424	46	1062	3035	3582	1873	1884	3471	
16	8	3726	554	4319	3176	3047	1195	743	294	771	3802	136	4129	2087	1429	2602	3376	
14	7	3372	873	2091	3825	697	3329	1229	3578	3648	4313	764	3072	4034	2368	
18	9	1307	1841	2225	3284	2281	137	3966	1457	3976	425	4061	485	1182	1931	2608	2918	1784	1165	
14	9	3100	3378	1305	2764	628	1234	2820	1772	265	1583	713	1914	2479	2850	
15	8	883	4121	577	4208	3864	991	1479	3112	445	392	746	1136	3974	2254	3788	
13	4	1086	1421	494	902	750	2104	1767	1333	1676	2318	261	3559	2911	
12	8	604	162	1502	2323	259	307	1995	3318	1504	2303	2841	911	
10	3	218	3336	978	1510	2006	1520	2722	1414	3251	1390	
7	5	1134	336	612	2687	356	1263	706	
14	8	4046	3742	235	173	852	1446	3679	1046	349	1243	2788	2061	3943	1196	
16	9	3653	2407	3728	39	77	1403	4074	352	4187	655	63	636	3323	670	738	1801	
15	8	3979	2954	1526	4096	4105	3081	3637	2144	571	1990	1411	1656	175	917	1179	
9	2	964	433	1105	258	1272	1523	861	799	3953	
24	13	519	2068	3538	2419	1932	2903	409	330	2016	4035	3517	3616	441	4299	1139	878	877	2379	103	549	3688	2393	760	1554	
18	7	1881	3896	2524	1216	108	3507	1513	293	2749	3078	1495	2605	2080	2623	193	1291	2853	3937	
7	5	1194	2527	1459	2453	919	3224	3939	
14	6	3295	4008	1636	2712	3951	4198	2696	2485	620	3871	3133	3776	2770	2011	
13	4	1699	3042	242	1826	1644	907	1769	1336	568	4103	1361	1837	608	
13	4	753	1911	3024	1618	1689	2367	3646	454	1939	236	3721	2828	1059	
14	9	50	111	374	553	1726	3226	3941	2310	3107	3547	125	607	1094	1408	
15	6	1075	1515	4193	736	2469	4227	1739	574	4127	1242	1310	471	1612	1264	2652	
27	14	650	501	291	1954	2507	3909	4006	4026	4057	1593	2456	2825	3530	823	1201	1036	1252	451	129	1225	430	3501	3304	2787	3968	323	2491	
5	1	2988	1684	2697	1093	105	
11	6	3573	3720	301	1524	2376	2552	4083	1369	3462	876	1285	
11	5	843	469	556	3628	3019	1960	2122	2901	2582	3374	1322	
14	9	3449	1113	2212	1783	963	2832	2692	847	2446	1632	1800	2288	2472	3183	
21	9	2300	2661	2538	3317	2378	1004	3798	3617	1777	3265	1164	2678	3440	677	3950	2913	3675	3760	1017	479	2244	
20	8	3738	3430	3208	1717	3244	502	1761	328	2320	807	208	2738	4233	2269	213	3994	1140	1270	1691	155	
16	8	2427	3320	528	3070	3800	1351	3544	62	2445	3161	4023	92	345	312	372	4128	
13	6	3053	859	2217	783	1277	2951	1948	3768	804	2859	2731	2955	3845	
13	6	3735	3915	726	775	3418	1315	465	3486	2321	4172	2019	2338	2785	
17	10	2477	1406	2622	1184	3502	1978	2036	610	3840	1838	1569	915	3213	1821	3037	2732	603	
18	10	1756	390	1256	3087	4126	1961	898	47	2415	2346	2589	3718	2567	1765	1121	1442	1178	1623	
18	8	3057	3823	4301	2740	3676	2383	1102	850	4067	1399	3651	734	3169	4073	2324	1268	2358	1969	
10	5	3542	4139	2136	1300	3207	2618	4174	1359	2845	1650	
10	7	2494	1058	3232	2811	2728	379	2595	1930	181	303	
16	8	4298	3588	250	766	947	3821	945	759	1785	3783	1888	4244	3339	3269	1089	1562	
10	3	2563	3091	271	2120	1590	2714	860	3089	1579	225	
14	9	2449	617	4100	1986	1675	3554	2723	3263	1866	4273	942	2208	559	1171	
13	4	3478	2630	3844	2985	2848	3511	552	709	699	2246	3231	2240	2537	
16	9	1852	1503	1464	3177	3305	747	2870	1996	249	1883	2271	925	1847	2268	3180	651	
8	4	3416	1212	3439	1377	219	1651	4089	2674	
11	6	4132	588	2065	997	2838	3586	2146	4217	3128	2555	3557	
9	3	1534	904	75	2462	2298	702	682	770	4154	
10	4	2815	903	2759	2530	2062	4246	3703	1938	564	662	
11	7	24	1654	4212	4045	3499	839	3515	2086	3828	2601	534	
13	4	643	1878	2656	4234	2433	3172	2187	2930	222	3431	1501	2481	1061	
10	6	1525	4275	2148	2343	732	4265	1144	4122	369	1177	
14	5	2658	735	4141	2979	2599	3565	2929	4263	276	601	3795	2737	3279	2033	
15	5	1899	1671	211	2499	515	2190	512	3691	2452	426	4120	3	4161	3681	223	
16	8	3987	784	3300	4028	4318	2430	272	3120	1541	3516	3445	2917	3204	2889	217	3415	
14	6	616	3018	1492	3002	3884	890	4159	2816	2914	3641	1056	3870	1808	1083	
12	8	941	2253	2648	49	1258	1625	404	2124	4191	3833	2521	1798	
13	5	1927	3992	1567	3926	3356	2763	2081	781	3594	2119	2993	1088	2982	
14	9	3141	2229	2398	1282	3340	2585	76	1551	2726	320	3626	3660	393	1407	
19	8	2111	2609	2663	3625	527	3044	3853	2451	1597	4050	4013	1787	2839	4111	110	2437	2980	3160	1380	
10	4	2743	2228	1043	2756	1235	3357	58	3158	1613	1303	
18	9	3337	2226	3441	3156	2060	1484	1643	401	1431	3146	413	2946	2968	1851	1755	3634	3784	1372	
19	7	1822	845	3851	3792	8	2296	375	2401	1076	3205	3638	2497	3636	54	595	450	3901	3859	2339	
17	8	2798	3905	2490	2671	3212	2283	67	1283	2349	3106	2359	4080	1358	1395	468	897	1900	
17	7	3902	1349	3920	2492	625	3326	1384	763	4270	1162	3906	2598	1947	2483	2523	4012	2207	
7	3	4197	3109	2035	2421	3587	816	1107	
14	8	4254	3457	3664	3127	3857	4205	2336	1295	2569	183	2597	562	3377	3428	
16	7	2128	3310	315	3567	4274	2257	4285	3654	2140	3928	659	3620	1592	2402	3406	3080	
12	5	988	461	429	2873	2747	652	202	3684	3076	1032	3240	2766	
15	9	3394	4055	381	4063	149	2711	2233	786	508	4052	2681	2708	3707	1610	937	
15	8	1498	1473	473	701	1098	4252	2716	1356	789	2701	2199	2210	2189	3084	3824	
13	7	3046	3313	324	1396	2736	522	573	447	4170	2420	3763	888	2205	
20	9	96	2134	1205	3216	477	200	868	2991	245	740	459	2879	691	1471	1976	1743	653	128	436	2364	
16	7	3682	1002	613	1928	3938	2550	720	3380	3919	3197	1951	2151	3074	3447	3922	2057	
13	4	4203	3229	3423	3419	1346	756	3872	2404	2925	2333	1047	2192	3370	
16	6	1669	631	1832	2522	3766	2645	3596	2396	1952	936	1078	533	2713	1432	3360	2945	
14	8	3998	3333	2406	1381	1247	1280	2877	1161	3830	2547	4155	3264	2501	1385	
15	6	1275	681	1292	2262	2902	3052	3879	712	1563	2768	3814	615	3473	2620	3971	
13	5	935	100	3820	3291	3526	3935	2160	1742	3463	2177	3562	1480	3924	
19	11	2843	4219	1926	2245	2166	1344	2143	1186	1550	1461	1145	2943	780	3750	2614	2044	2626	1021	3865	
11	7	3088	2780	1068	3929	3860	2123	1950	3874	1232	1434	1518	
14	9	474	2971	2653	2800	1028	3230	3065	1573	3014	2463	757	440	2801	879	
9	2	2363	4135	2052	281	2023	4241	3311	1160	3989	
16	7	3888	3536	2977	3026	2651	3217	1481	2002	2003	112	4007	1309	2275	1266	1919	3154	
17	7	2504	2884	2311	2309	2570	1673	1713	3020	2010	370	389	2975	2353	3206	2682	4110	3067	
20	11	2357	3048	2990	1157	995	3672	2175	221	805	1712	1289	91	3827	1697	2629	4116	2164	1149	2209	614	
18	11	3949	2084	1817	1131	669	1975	899	1401	547	1574	2700	645	1814	2571	1317	1308	3652	4226	
16	7	3355	1224	2891	2478	3274	3164	2703	1244	2350	2337	3696	1438	3506	4167	2013	1041	
12	4	822	2864	2405	490	3627	1836	1581	3105	1069	234	4142	4095	
18	9	45	3855	3589	2417	1456	2372	3984	3862	844	3818	2423	2906	1831	255	2186	758	948	3983	
13	8	1175	708	518	598	2616	1657	851	411	3704	4078	910	2534	3572	
11	7	790	2457	1419	2724	4290	1448	1274	3140	4258	3604	186	
19	7	199	3894	4075	2824	72	1844	1360	89	3819	2937	1850	2590	4309	2742	3144	1721	1789	1745	1766	
10	6	1998	3186	1709	2185	3190	3837	3465	2031	2533	191	
14	5	3570	4119	1587	3612	3155	3475	3201	664	1348	3669	434	1	1016	1512	
16	10	803	3157	3561	3174	1357	2089	4156	2197	3086	2762	3452	1318	557	587	4081	3017	
14	5	3722	2277	2961	3997	4101	3668	3748	278	3219	69	201	1341	3352	1871	
16	6	3099	70	1397	3425	3510	27	1770	2255	4281	61	818	3470	848	958	3980	1422	
13	5	3993	252	1867	395	3810	2439	787	9	3804	1797	797	4239	532	
13	6	1101	742	3248	1598	1470	3195	3647	1556	2102	2680	2757	795	1962	
13	5	1734	4163	3494	4143	2789	2974	2099	4031	4117	2606	2098	2549	1971	
6	3	419	319	815	3485	1494	2385	
10	7	4065	3194	989	453	1985	60	247	1073	3189	2710	
17	10	1441	71	3611	2294	570	1566	1635	3114	279	2135	2769	3009	160	432	2805	431	1340	
18	11	1649	322	2312	3948	2444	2167	2779	2515	1532	4079	1261	455	3649	1735	4300	3464	1560	1158	
14	7	3916	4236	35	232	3126	3618	4070	4099	1813	487	1189	657	543	506	
15	7	3137	2835	3866	2948	1793	692	2695	1875	4210	351	7	4037	2657	3805	3335	
10	3	667	862	3593	1290	482	3187	171	638	875	504	
14	7	1680	1114	280	2535	444	1325	2108	3306	1860	1304	1608	2691	1898	3319	
22	10	901	2655	3436	2987	1924	1199	4317	302	3348	3537	2962	874	3543	3831	3540	630	114	1848	2576	3493	4185	3754	
14	7	2038	3249	4076	4291	1824	3401	2541	4229	3687	43	1754	4051	2633	2075	
13	4	663	1413	4245	1695	3661	1714	3238	597	752	639	1072	3532	1337	
15	7	1840	1827	2355	3621	1382	1430	304	3988	3597	3708	4169	2176	2301	4240	2079	
10	6	2949	3752	551	310	774	3031	4248	3115	1630	3125	
10	6	2351	1489	4109	1455	1119	2015	1174	1267	2388	2325	
17	9	1091	1417	802	2967	318	3615	1516	251	926	687	3315	2335	1363	777	3302	2341	1128	
11	3	41	3282	4207	4250	2448	4094	1383	2095	1142	2259	1095	
16	7	1120	2965	1584	1104	2344	905	2613	1331	2771	4200	355	1451	1993	3847	3883	456	
11	4	158	957	2803	4282	3575	4029	2826	769	1302	1956	2030	
11	4	3734	420	1517	1909	1974	1370	42	3007	3956	578	520	
15	5	2125	1933	3330	3200	3054	3613	2512	1251	148	1858	3650	2586	495	366	3605	
14	9	2560	1198	3913	1253	3686	3316	1478	2863	605	3262	3839	3101	1600	2284	
18	8	2292	2130	1843	3023	2621	3488	1519	153	2261	1018	2729	665	2464	1486	2053	3487	566	933	
21	10	3011	2986	3121	2471	1445	1236	2947	1418	4138	94	2543	1912	3400	3978	2304	3382	204	1942	675	1732	1109	
18	10	1934	3965	2922	1696	4235	3479	1634	3793	1240	966	4041	3886	256	1405	4098	3214	2513	2778	
9	2	3801	308	3119	2558	4077	85	1472	1122	2865	
15	6	745	1648	3182	4284	1545	1829	2677	373	1890	1453	2667	3695	3181	980	1738	
11	6	1019	2279	1117	2934	1135	82	3505	987	3285	2051	1764	
19	9	1758	560	1617	1173	4033	2628	189	561	3095	1760	1367	680	3058	3254	3294	1925	4251	1238	244	
14	6	1705	2693	1557	297	3000	1577	575	2662	1987	1977	20	2734	1202	1621	
20	12	1991	3448	332	2047	3223	3545	331	2900	3138	838	500	1757	4243	38	4182	1250	2316	1116	2983	197	
11	7	1115	2690	1426	3438	1706	1559	1614	3609	1169	190	3003	
13	4	3861	544	4320	1033	2905	402	2331	2040	1447	596	3603	1763	1249	
19	9	3253	1087	2503	2773	2858	920	563	1542	906	151	3287	1849	4054	188	488	1897	3813	2386	3711	
14	5	3327	658	1147	2830	74	161	4086	2715	187	1185	443	1170	3899	2141	
14	5	3512	2745	581	4295	458	3312	2831	305	1776	1901	3701	4003	2640	1106	
9	4	1214	2219	4136	1180	3591	1877	1535	3267	4072	
10	5	194	3746	2	2675	1463	4114	1989	2425	1485	4216	
15	5	3689	344	203	2055	2495	3283	2276	2685	3281	3809	3162	1719	1819	2366	3363	
9	4	1728	1444	37	2165	1394	86	3094	1297	1373	
6	1	2467	542	2720	2014	1759	3068	
14	8	1409	253	1141	3077	4181	1294	391	216	1810	3697	869	2526	2243	2761	
17	7	3982	2426	2414	4082	2267	3272	1070	138	678	3936	4009	1647	2384	4024	2819	241	3196	
12	7	2293	2791	1152	714	2045	710	672	371	3010	2482	889	1281	
12	4	727	3931	1020	1921	731	1903	3685	2431	1746	894	4279	4038	
14	8	1347	2329	48	1378	960	870	3581	3113	1321	2213	3062	3314	739	397	
12	5	968	3836	2596	2416	3606	1558	3008	363	3781	2649	4184	177	
17	8	1771	1786	1313	2042	1176	263	1466	2907	1637	16	1588	2794	449	1287	32	205	2660	
16	9	1633	239	4176	2272	2631	1508	1031	3383	2202	2295	1702	2132	3670	594	3643	1723	
7	5	3025	2887	3525	3912	3469	962	1299	
19	11	317	3149	3173	1839	891	1210	1678	3875	1190	168	1564	641	1008	1230	3199	1685	3725	2058	794	
12	7	2371	536	3887	511	2327	3816	2939	120	3398	2952	3390	4262	
17	7	1622	65	3900	4157	3897	1269	849	2904	2860	140	928	2997	4179	4166	2579	1233	2138	
15	6	3744	3104	1437	1846	762	4144	3103	2881	2181	3039	113	2204	3662	4232	1092	
22	9	2475	828	2750	1085	3368	821	367	3981	2727	2390	1209	2077	2382	3729	3991	400	3030	4011	4112	2018	1206	1449	
17	6	819	1001	3001	2783	2236	457	4215	1262	1311	1099	3677	4177	2810	2895	2807	2250	3601	
15	6	3116	2113	2894	1245	829	121	3045	106	1893	3584	1436	4228	3132	2694	1946	
15	6	2568	2056	1424	1552	1715	1097	3590	3772	4133	2365	2127	2322	703	591	66	
13	6	4017	2435	3986	288	3927	3775	195	3016	3027	2511	1646	3705	286	
22	12	700	2389	2767	2792	4137	749	881	2765	2600	3970	600	1882	2306	3985	380	1067	141	2001	350	2784	4010	3218	
20	11	1667	3227	3456	442	2022	961	586	2588	3245	2381	923	4292	3733	3286	135	3211	1981	1920	4204	3849	
10	6	1626	290	981	1029	1672	2896	1859	2230	4188	1155	
15	7	2669	4211	2273	1619	1940	1641	493	3393	1465	690	3117	4302	133	2155	1886	
20	11	1994	2808	3508	2083	14	1917	3404	1889	3834	1241	2981	407	3480	1505	626	3880	1051	2545	3325	1943	
15	5	1907	1857	2846	2032	640	939	3275	2875	3280	4214	3619	2092	4151	976	4066	
11	6	1096	1795	2577	2796	2391	3658	81	3381	4180	3292	2020	
12	6	2252	2786	545	1668	333	2908	656	2998	21	1110	855	1528	
8	2	1809	238	2554	1970	30	3334	3289	4097	
16	8	179	2050	2251	824	1941	535	1213	2926	3789	497	2872	3917	979	4255	2348	916	
17	10	3942	2520	1740	80	3891	880	3779	2094	526	3811	4158	733	1658	109	2027	4085	3856	
13	8	3693	3085	2093	944	1595	1972	1477	3947	3083	2158	2776	2070	2698	
12	8	2880	2360	521	3051	1730	3623	1082	329	2280	1670	2976	3004	
10	3	3655	582	2938	1642	2152	3379	1677	283	1700	4209	
16	6	2996	2206	2476	1856	2263	2370	3170	4237	3387	3807	2751	3006	1415	4286	1108	285	
12	4	1737	3930	1168	2024	79	1753	486	2466	346	3222	834	715	
19	8	3093	2992	3514	2248	3191	227	999	1246	4268	73	2290	3288	2752	1661	2196	3566	2718	3069	1298	
18	8	2774	4201	268	2664	1639	1571	3757	505	1576	1806	2397	2529	3135	4276	2709	931	1891	341	
14	9	2313	2854	3032	3972	2505	1966	837	84	866	378	3497	220	3461	1629	
13	7	2017	1237	3848	3635	1982	1937	3639	139	2139	23	1254	1024	1804	
13	4	4249	1905	2721	1527	1379	2941	3521	2317	169	2916	2429	1044	275	
16	6	1163	2424	1314	754	4296	2328	983	1555	546	2897	2575	1967	3412	1887	908	2836	
13	4	3233	1112	4294	2412	2286	4315	900	965	439	2888	3309	1955	339	
11	3	2247	3159	3755	3472	3656	1536	170	2468	1391	3759	1469	
12	4	1156	36	2289	809	2814	3066	1316	3778	2603	2106	3657	622	
12	8	2705	924	107	1652	3165	3907	1872	3454	418	1979	338	3489	
26	13	212	359	2650	2793	59	3745	3767	3102	2088	53	1034	1741	3166	634	1376	3255	2627	3500	3198	1428	3351	4231	525	705	3367	1802	
15	9	956	1084	2573	3483	2222	835	1727	144	1965	2005	4175	3455	2100	1880	4277	
9	4	4021	2198	185	2041	1345	2578	1188	2812	1000	
16	8	3426	3995	1507	3712	1708	1049	825	2410	1053	2617	3563	1963	228	386	2973	768	
12	7	1605	2474	3556	679	3702	3420	1616	3541	3257	1779	3893	716	
17	7	1645	2823	3453	3338	269	2966	1627	1293	3163	2308	2028	2755	2459	842	3531	2242	335	
12	8	410	1497	1454	3898	192	2686	2510	3592	529	2193	1022	872	
18	9	4020	3892	974	4113	3822	348	1323	2285	1335	642	4064	867	214	3123	4140	2717	184	2131	
13	7	524	1159	3769	1151	1365	2874	943	44	1183	3841	3063	3977	1835	
15	8	3790	83	1197	127	1731	635	3533	4224	2188	2387	2634	3015	1983	1064	2347	
14	9	52	741	146	2782	2171	2315	2871	1910	1707	3151	1392	4043	1080	1393	
18	9	56	3645	985	3940	1780	116	224	3846	1012	2849	4223	4148	2644	1722	882	2719	2898	2373	
10	3	1692	3362	1130	1273	3322	611	4168	3043	3923	1129	
15	8	3509	3534	1973	3040	3838	3815	3960	4025	751	853	3527	3139	1549	3520	3737	
20	11	3184	531	2147	2493	1918	4289	4307	3458	489	1204	1662	3663	326	3342	3391	1683	2442	416	1207	737	
14	7	2642	3717	3467	993	2890	306	3247	1482	1957	296	707	1215	952	1334	
13	5	3595	2892	2107	4316	2544	2540	498	28	3347	427	2142	3221	466	
15	7	248	93	1474	684	1694	4225	2460	1154	2790	2096	1710	1768	909	4091	3732	
18	11	2893	2234	4165	3307	2470	3260	2883	840	394	448	26	3794	2009	3694	2760	4194	2699	2264	
15	5	3060	475	2551	1799	3432	3421	1803	4088	428	3243	119	2959	3918	2847	539	
20	12	1468	206	1655	3298	3332	3513	921	198	2837	2409	3963	4199	368	1193	1219	3854	423	2799	3546	2919	
9	4	3610	3796	3429	776	4196	414	4115	3671	145	
21	12	3876	2082	2730	1010	3366	1640	2074	2356	1387	2441	1027	4192	1211	2377	3049	357	973	3143	22	4047	3700	
9	6	1343	3175	1596	95	2509	1023	2224	688	2935	
25	11	2964	1284	2184	313	1013	1276	1118	2218	2928	3346	3234	4297	2506	19	362	309	165	723	3427	1774	2332	2781	2795	2829	2910	
14	9	3719	3882	98	2069	1547	2624	327	2818	3496	1704	2201	3041	990	1025	
11	6	3873	364	767	4220	3632	1724	798	4036	3631	3145	2211	
17	8	1862	3602	2683	2741	4206	273	704	2064	4027	558	2101	3885	4069	4005	377	405	3413	
18	8	2984	1074	99	2168	938	2702	3786	507	2519	3736	3466	3548	4152	1825	4271	4004	382	1537	
16	9	499	1342	2150	2604	3460	1984	674	2587	721	25	791	3747	1460	1260	2076	2411	
11	3	3097	2944	1338	619	2666	984	820	696	2154	3424	3303	
16	9	2646	576	3799	2203	648	3407	1609	2775	1077	3344	3236	1586	3680	2797	4259	2531	
11	6	464	3389	3990	3301	1491	2869	2821	3996	2855	3504	1902	
10	5	1374	117	2223	2137	3495	4090	233	1792	2334	4084	
12	6	2354	1026	196	3713	3666	3973	599	1788	1679	2972	2039	1604	
14	8	1565	209	3308	1624	491	1568	2153	3411	260	3714	3673	725	3273	3296	
18	8	2299	950	2162	2673	711	3013	857	2172	514	347	2118	68	4019	3569	1100	3029	3934	1440	
11	5	101	1483	2532	3716	462	480	977	1306	3225	3969	167	
12	8	833	3353	1278	623	1686	3036	3535	4247	4030	2342	719	3659	
13	5	2374	1103	492	2305	2291	4261	415	207	2517	174	885	3064	2963	
18	10	1698	1876	2676	3250	1493	1711	4131	585	2565	3444	609	2866	1953	2862	1326	1992	4280	4118	
16	8	3246	3341	1055	4145	3375	2307	2465	694	3299	1425	3600	396	354	3881	3832	2748	
13	8	3055	2969	3630	1747	2580	1138	1050	229	673	2594	695	4257	4015	
17	8	2612	3777	3242	4312	951	2216	3252	1896	2518	4256	4304	2488	452	975	624	992	2375	
18	9	4149	3552	358	3955	1602	262	376	123	1868	4001	592	922	2927	1079	779	4253	3523	2297	
15	9	2447	1762	2180	2054	3477	3256	2319	4230	1398	3706	1870	2994	1011	3773	2400	
21	11	2772	3741	2326	2241	270	3492	2114	1066	3904	2921	3674	33	2933	176	115	15	1327	1054	4106	3476	3765	
12	5	274	6	4048	1328	2615	1402	4183	2345	523	1945	1057	11	
16	10	1048	3061	1150	1060	567	4102	3850	1823	299	2607	3203	4016	1132	1879	2063	3258	
13	7	718	969	3034	2194	1864	1736	1922	1773	343	246	2611	3539	3852	
10	7	3553	3895	955	1042	2822	3910	1913	3957	2161	2833	
17	10	3202	3549	698	3354	2487	2909	2183	2635	3624	2149	17	446	2593	1458	583	1865	1035	
14	9	384	3522	3911	3806	1828	1166	1701	2249	2129	1301	3629	755	2542	2237	
13	6	2562	124	104	1003	1923	2034	3012	1653	2553	4305	2777	4000	3359	
15	8	2021	102	3782	1751	1935	2163	2352	2861	2725	51	913	3890	4278	772	1959	
17	9	1187	3723	1488	4189	3579	2632	4087	3005	3945	2029	284	1167	1071	676	12	2733	3835	
14	8	2238	3437	2659	1964	998	2215	2556	3124	1999	1916	2454	3921	4042	316	
20	10	3079	157	1522	2591	3171	2753	1389	2525	4071	3698	4032	1620	2191	2489	1988	1628	2434	3033	3599	954	
30	15	3321	3975	437	826	3690	1400	1412	509	3583	2048	2739	4266	3056	2145	295	4022	2508	3868	1222	2395	264	1716	1594	3758	1718	2804	683	2450	3550	982	
16	6	1794	3558	3192	3762	2840	1807	3386	2178	2851	361	55	13	1124	927	1929	134	
15	5	1895	403	2885	1674	3021	1040	1435	2274	267	2266	765	1818	1805	4218	2746	
14	6	2260	970	2953	1332	4222	1830	3130	1861	4002	637	748	2641	1045	3961	
15	7	360	3118	1228	3150	761	2581	2817	3770	3787	895	57	337	2159	1146	1514	
19	9	1490	406	1659	569	421	865	2852	1500	2270	1143	2066	1607	1790	2995	817	590	3369	1553	3791	
21	11	806	1529	2689	3952	602	1894	1324	1591	3073	2121	1575	2179	3842	3577	3803	1854	886	2912	1286	785	3614	
12	5	3843	3446	3278	122	3524	4272	2012	548	412	3152	3608	3371	
16	9	2882	3962	1499	934	1450	3999	1908	1782	3518	4288	1815	2097	1589	3122	3209	3914	
14	7	2842	2126	3812	3498	2915	4134	3422	1090	3564	143	1065	178	778	3410	
13	8	3392	2878	4056	4058	1585	3071	4242	118	1217	2239	1660	3297	2834	
11	3	1366	632	1355	2899	3749	2133	3134	2173	3867	1433	3826	
16	9	2314	2200	1330	4108	541	2422	1720	3964	3136	550	2046	4303	1427	277	649	2227	
11	3	3727	949	2931	730	3785	1729	422	2936	2561	1750	863	
10	7	152	644	3560	3944	2802	1037	3442	142	2564	1487	
8	6	3108	472	2413	1137	1203	2583	2025	463	
19	10	1874	971	2258	686	2037	4260	1172	164	4059	132	2857	4314	2008	932	940	2438	811	2735	3889	
15	5	2026	3059	3482	729	18	1665	1339	2625	2958	4014	1834	159	1599	1279	210	

1	419	819	1134	1187	1737	1794	1809	1852	2238	2314	2357	2449	2774	2842	3088	3573	
2	212	388	883	1091	1503	1525	1725	1744	1771	2038	2399	2880	2996	3055	3184	3372	
3	1649	1855	2071	2440	2984	3053	3392	3416	3558	3595	3682	3722	3730	3735	3993	4065	
4	399	873	964	1175	1275	1441	1605	1645	1991	2658	2964	3327	3689	3719	3987	4020	
5	24	248	322	519	538	650	1163	1284	1669	1840	1862	2026	2427	2514	2969	3437	
6	96	179	700	1468	1994	2424	2477	3022	3192	3397	3435	3861	3888	3949	4017	4107	
7	101	359	643	843	1406	1490	1885	2115	2467	2612	3048	3099	3137	3355	3665	3738	
8	41	496	986	1074	1603	1699	1756	1927	2374	2474	2504	2560	2669	2705	3046	3141	
9	156	390	501	1224	1307	1881	1944	2084	2206	2636	3060	3321	3710	3915	3930	4021	
10	708	735	803	1667	1758	1878	2111	2184	2361	2435	2447	3097	3403	3408	3512	3723	
11	252	360	518	617	790	871	1115	1633	2091	2182	2313	2878	3079	3282	3570	3653	
12	941	1194	1314	1874	2299	2371	2389	2656	2884	2892	3276	3295	3536	3553	3598	3882	
13	199	237	654	726	822	1048	2021	2527	2563	2772	2977	3011	3556	3916	3958	3982	
14	56	344	464	950	1409	1817	1841	2126	2293	2312	2609	2893	2949	3313	3790	3986	
15	102	152	325	474	524	536	775	784	1156	1698	2128	2162	2354	2815	3057	3157	
16	45	253	629	968	1075	1417	1464	2247	2292	2767	2808	3777	3894	3954	4211	4249	
17	203	644	667	2050	2198	2300	2673	2864	2970	3116	3426	3602	3843	3876	4046	4119	
18	52	93	542	616	1728	1762	1895	2568	2643	2891	3210	3246	3310	3337	3394	3610	
19	83	291	384	1444	1905	2225	2407	2484	2661	2920	3026	3202	3253	3741	3975	4075	
20	70	194	711	1239	1587	2068	2457	2562	2792	2854	2868	3320	3896	3902	4130	4201	
21	631	924	1103	2073	2090	2394	2642	2663	2823	3059	3389	3855	3887	4055	4162	4298	
22	50	98	604	1680	1692	1822	1954	2082	2311	2426	3159	3284	3744	3946	3979	3998	
23	162	433	745	1459	1496	1867	2234	2260	2507	2824	3108	3242	3300	3538	3633	3728	
24	72	315	381	481	492	1006	1026	1565	1664	2226	2419	2524	2798	2971	3194	3239	
25	206	288	410	792	810	833	1001	1218	1397	1786	2309	3227	3341	3574	3796	3825	
26	36	37	111	157	226	531	741	1087	1388	1827	2113	2843	2882	3249	3425	3446	
27	1497	2650	2683	3185	3364	3478	3726	3823	3905	3992	4008	4028	4141	4203	4234	4254	
28	554	1488	1572	2056	2107	2130	2200	2351	2503	2646	2651	2659	2707	2809	3100	3630	
29	576	1474	1832	2004	2273	2281	2730	3217	3378	3441	3448	3549	4076	4100	4137	4165	
30	71	158	437	753	1055	1347	1368	1424	1752	1843	1986	2251	2289	2522	2653	2743	
31	317	403	697	754	1483	2134	3023	3032	3177	3430	3482	3508	3510	3799	3942	3948	
32	1198	1580	1648	1675	1899	2621	2773	2835	2979	3329	3418	3782	3927	3962	3972	4063	
33	149	196	239	313	387	679	901	1212	1655	1705	2203	2559	3118	3522	3580	3642	
34	99	218	324	475	935	1010	1086	1330	1932	2083	2277	2329	2745	2780	3093	3149	
35	1734	2360	2414	2505	2800	2924	3362	3456	4150	4219	4236	4291	4296	4301	4308	4312	
36	332	544	727	749	806	946	1375	1481	1489	1522	1619	2069	2112	3233	3298	3625	
37	146	274	693	1013	1419	1498	1529	1876	1911	2326	2490	2740	2954	3266	3333	3358	
38	35	499	1131	1214	1229	1349	1547	1622	3836	3990	4124	4132	4176	4316	4318	4319	
39	185	681	881	1205	1313	1374	1499	1526	2475	2570	2622	2624	3024	3366	3488	3509	
40	14	48	117	845	971	1101	1114	1200	1396	1636	2591	2671	2782	3013	3042	3176	
41	65	137	472	814	1120	1534	1570	1934	2180	2944	3683	4096	4145	4160	4178	4207	
42	6	581	857	1421	1567	2223	2363	2551	2689	2858	2986	3561	3611	3966	3995	4149	
43	374	527	826	828	1002	1473	2002	2125	2516	3104	3655	3766	3909	4082	4125	4197	
44	126	613	912	951	1502	2007	2042	2258	2478	2538	2992	3047	3305	3332	3612	3873	
45	319	494	648	956	1578	2476	2544	2599	2630	3567	3900	4006	4189	4275	4311	4320	
46	327	478	742	1457	1515	2047	2532	2645	3173	3375	3449	3690	3965	4238	4269	4274	
47	395	572	862	920	1113	1342	1454	1824	2168	2328	2619	2690	2693	2793	3911	3952	
48	511	904	1130	1216	1420	1654	2148	3439	3453	3459	3534	3560	3742	3752	3762	3898	
49	684	802	967	1141	1378	1507	2150	2433	3156	3212	3401	3693	3715	3844	3913	4092	
50	209	242	353	560	563	618	661	859	1223	1329	2307	2654	2765	3001	3409	3593	
51	268	364	406	551	1305	1964	2055	2638	2655	2724	2840	3077	3178	3317	3734	4193	
52	59	334	580	1273	2171	2272	2294	2323	3044	3153	3223	3229	3308	3365	3565	3774	
53	442	736	989	1844	1968	1997	2000	2172	2219	2355	2428	2631	3433	3712	3775	3806	
54	27	75	582	830	841	902	1168	1253	1617	1671	1673	2736	2965	3976	4056	4109	
55	107	602	988	1105	1400	1443	1751	2022	2283	2405	2844	3121	3171	3645	3866	3892	
56	473	934	1176	1412	1618	1640	1917	2229	2540	2600	3025	3274	3336	3588	3676	3678	
57	669	1292	1343	1690	1799	1998	2217	2471	2541	2711	2783	3061	3248	3353	3552	3895	
58	150	263	701	1360	1416	1508	1598	1708	1770	1926	2017	2444	2647	3208	3345	3713	
59	100	336	718	983	1112	1290	1519	1713	1747	1856	2074	2169	2462	2604	3091	3216	
60	517	570	767	970	1033	1276	1437	1462	2060	2228	2453	2473	3018	3220	3481	3579	
61	310	553	955	1256	1426	1689	1826	2212	2236	2406	3699	3851	3926	3931	4108	4171	
62	250	729	1584	1659	1846	2003	2167	2494	2721	2885	2922	2985	3087	3404	3596	3666	
63	67	112	514	1184	1265	1278	1542	1557	2267	2398	2496	2668	2903	3164	3186	3278	
64	461	663	906	1031	1058	1228	1455	1484	1492	1694	1889	1936	2137	2233	2520	2967	
65	257	347	903	978	1020	1283	1783	2396	2580	2703	2753	2948	3457	3545	3743	3810	
66	5	271	297	331	509	521	530	2356	2465	2759	2764	3399	3432	3436	3495	3503	
67	259	786	1028	1104	1126	1159	1231	1237	1387	1450	2498	2741	4121	4136	4163	4212	
68	420	490	766	1049	1180	2059	2262	2349	2754	2848	2953	3150	3514	3664	3686	4062	
69	195	522	541	627	750	1081	1652	1933	1973	2147	2241	2245	2252	2344	2378	2413	
70	39	425	974	994	1084	1423	1527	2103	2166	2493	2574	3016	3172	3356	3502	3944	
71	124	192	270	409	498	577	686	747	825	836	919	1315	1413	1793	2257	2961	
72	89	358	457	623	692	698	1138	1552	1555	2037	2248	2432	3085	3423	3761	3829	
73	230	1150	1208	1366	1918	1935	2900	3230	3301	3338	3419	3443	3551	3769	4123	4245	
74	151	254	598	632	762	938	1624	1686	2263	2779	3051	3065	3720	4061	4135	4157	
75	153	180	465	671	761	969	998	1346	1389	1445	1740	1906	2695	2902	3270	3316	
76	10	80	211	1197	1354	1709	1875	2093	2104	2215	2383	2596	2894	3040	3155	3492	
77	77	122	269	588	717	824	1221	1674	1696	1928	1952	2114	2216	2987	2990	3002	
78	330	905	1236	1894	2054	2664	3191	3272	3554	3801	3819	3973	4173	4206	4229	4260	
79	321	569	783	809	1066	1355	1975	2016	2343	2430	2720	2723	3142	3429	3528	3955	
80	658	936	1004	1172	1338	1941	2616	3000	3182	3542	3853	3897	4144	4215	4225	4285	
81	1151	1269	2305	2929	2957	3034	3627	3727	3745	3812	4035	4049	4105	4289	4290	4294	
82	78	1043	1060	1365	1466	1921	2573	2966	3103	3383	3517	3891	3904	4045	4058	4113	
83	272	280	477	1157	1344	1807	2163	2202	2613	3165	3252	3798	3884	3938	3999	4026	
84	200	503	880	1118	1324	1585	1695	2120	2410	2451	3106	3354	3474	3483	3511	3716	
85	552	1050	1137	1262	1271	1643	1836	1907	2352	2416	2679	2818	2988	3168	3224	3330	
86	172	308	731	890	960	1244	1379	1591	2194	2298	2676	3606	3617	3755	3767	4007	
87	18	957	963	1098	1173	1558	1644	2143	2253	2255	2632	3020	3232	3263	3591	3739	
88	947	1282	1381	1403	1566	1857	2665	3138	3174	3193	3792	3838	3920	4033	4126	4284	
89	469	619	1042	1203	1491	1639	2359	2535	2702	2712	2937	3127	3583	3616	3820	3970	
90	108	401	408	510	546	854	1068	1277	1966	2041	2165	2439	2487	2666	2811	3021	
91	600	628	995	1311	1439	1627	2469	2499	2525	2938	2947	3175	3477	3967	4208	4235	
92	801	907	949	1119	1234	1730	1850	1961	2065	2185	2315	2327	2763	2886	2989	3235	
93	104	215	483	508	589	899	1096	1478	1635	2422	2441	2590	2999	3250	3256	3498	
94	8	567	787	868	985	997	1431	1631	1717	1896	2291	2832	2905	3340	3507	3746	
95	694	1401	1596	1602	1866	2648	2791	3200	3290	3438	3654	3672	3822	3864	4048	4071	
96	273	1040	2350	2380	3405	3687	3698	3940	4053	4057	4102	4139	4261	4273	4307	4310	
97	227	348	1053	1099	1247	1571	2048	2295	3120	3190	3475	3519	3524	3661	3717	3857	
98	28	164	421	429	1125	1418	1780	1816	1864	1908	2218	2492	2518	2581	2820	2941	
99	516	599	812	1027	1493	1736	2495	2846	2978	3052	3119	3287	3467	3621	3815	3850	
100	9	238	266	621	633	865	1332	1541	1577	1597	1924	2010	2337	2802	2950	3073	
101	515	1199	1435	2081	2460	3102	3472	3589	3751	3816	3907	4093	4202	4220	4222	4256	
102	95	262	441	1147	1357	1828	2032	2118	2871	3071	3228	3283	3632	3702	3929	4087	
103	301	1003	1030	1470	1517	1715	1910	1922	2367	2852	2869	3081	3479	3757	3834	3951	
104	756	870	1102	1186	1248	1293	1782	1882	1909	2417	2838	2887	3291	3513	4032	4138	
105	555	1154	1513	1545	1749	1839	1940	2536	2899	2928	2991	3496	3585	4068	4192	4195	
106	94	491	528	709	815	892	944	993	1007	1684	2121	2296	2515	3036	3677	3960	
107	68	232	961	1070	1152	1195	1575	1642	1829	1978	2558	2786	2863	3146	3458	3535	
108	774	1665	1958	2089	2140	2319	2543	2921	3860	3878	4052	4252	4295	4304	4309	4317	
109	505	743	1328	1595	1626	1703	1795	2088	2187	3420	3421	3644	3731	3780	3786	3928	
110	625	891	921	2175	2873	2881	3396	3516	3997	4104	4156	4159	4177	4227	4263	4272	
111	127	307	573	704	1704	2617	2816	2861	3244	3460	3518	3526	3674	4025	4077	4181	
112	182	221	453	606	1394	1634	1788	1912	1923	2744	3070	3749	4074	4247	4288	4299	
113	116	198	458	612	805	1475	1620	1778	2064	2152	2190	2725	2728	3005	3322	3326	
114	147	224	489	545	849	1211	1456	1568	1775	2024	2036	2639	2803	2814	2856	3008	
115	2	49	229	402	512	547	1573	1720	1772	1777	2179	2220	2556	2931	3445	3486	
116	376	850	1204	1241	1245	1524	1904	1985	2747	2827	2907	3014	3581	3637	3879	3945	
117	513	586	640	751	1384	1576	1593	1668	1842	2133	2261	2677	2874	3346	3400	4067	
118	60	298	318	424	605	763	1139	1532	1574	1739	2197	2276	2951	3027	3386	3402	
119	258	714	856	1018	1872	1995	2123	2201	2274	2509	2550	2914	3379	3407	3837	3842	
120	507	689	1037	1500	1702	1903	2456	2530	2700	2890	3066	3299	3622	3800	3821	4059	
121	724	1019	1097	1123	1258	1972	2034	2282	2615	3307	3385	3578	3779	4210	4221	4282	
122	482	829	1009	1166	1590	1609	1677	1706	1863	2546	2686	2692	2739	3054	3109	3134	
123	53	86	132	415	773	837	898	1351	1849	2043	2376	2588	2672	2837	3195	3201	
124	294	351	363	373	502	659	712	942	1477	1773	2178	2321	2331	2372	2756	2810	
125	121	375	398	485	1078	1294	1382	1948	2045	2173	2222	2470	2480	2628	2697	3131	
126	43	46	235	462	1377	1510	1559	1662	1679	2583	2750	2790	3259	3793	3964	4101	
127	84	85	138	333	476	575	732	1182	1531	2256	2409	2519	2585	3126	3328	3935	
128	383	584	660	664	1548	2006	2908	2956	3045	3318	3442	3521	3590	3685	3848	3872	
129	533	574	652	720	776	1544	1712	1754	1769	3163	3312	3646	3668	3691	3867	4080	
130	123	302	535	710	1289	1641	1984	2370	2915	3494	3544	3575	3984	4230	4242	4266	
131	7	352	556	781	1034	1240	1280	1781	1815	2062	2279	2775	2857	3499	3577	3618	
132	47	189	370	447	656	864	1323	1472	1550	1741	2610	2817	3260	3265	3465	3641	
133	343	391	878	1085	1164	1796	1950	2012	2502	2577	2713	3348	3628	3648	4030	4079	
134	118	216	673	877	1077	1117	1316	1358	1711	2306	2822	2825	2851	2897	2939	2998	
135	454	493	672	939	1261	1430	1726	1731	2094	2379	2488	2716	3031	3245	3530	3656	
136	853	953	1339	1364	1853	2831	2883	3344	3615	3663	3804	3862	4029	4039	4172	4270	
137	245	287	389	470	1162	1516	1615	1767	1890	1931	2412	2552	3086	3350	3620	3947	
138	76	173	771	1005	1062	1333	1399	1504	2049	2096	2132	2415	2923	3748	4143	4196	
139	62	207	267	305	730	1309	1551	1810	2015	2109	2662	2830	2909	3166	3380	3651	
140	293	635	1056	1210	1345	1404	1714	1806	2381	3019	3277	3368	3959	3978	4090	4205	
141	823	1192	1974	2170	2191	2304	2486	2511	3234	3237	3613	3670	3785	3803	3985	4070	
142	246	634	678	734	838	844	1657	1710	2183	2489	3096	3113	3527	3555	4134	4198	
143	314	674	1015	1370	1637	1678	2308	2377	2401	2500	2625	2635	3226	3454	3709	3772	
144	21	51	361	500	821	835	991	1217	1467	1868	1988	2342	2572	2714	3635	4050	
145	265	304	565	740	860	896	1376	1797	2052	2346	2758	3114	3586	3846	3874	4099	
146	444	913	1012	1448	1820	2146	2404	2904	2975	3236	3533	3875	4060	4127	4131	4133	
147	231	306	371	813	840	1321	2285	2286	2554	2696	2749	2860	3422	4027	4246	4250	
148	394	702	1960	2592	2981	3275	3906	3963	4187	4217	4265	4281	4297	4313	4314	4315	
149	16	999	1201	1213	1325	1353	1398	2136	2506	2637	2870	3012	3056	3623	3936	4018	
150	55	459	585	900	1538	1625	1803	2153	2266	2589	2598	2608	2821	2925	2958	3238	
151	33	79	326	593	866	945	1036	1335	1336	1583	1592	1982	1996	2019	2144	2681	
152	281	290	367	832	1190	1581	1987	2232	3094	3393	3718	3910	3919	4019	4170	4199	
153	276	278	452	923	1274	1727	1823	2174	2208	2231	2270	2485	2918	3090	3703	3768	
154	61	219	249	561	1144	1191	1402	1915	2008	2035	2397	3078	3247	3981	3996	4054	
155	13	120	168	251	1082	1110	1111	1830	1970	2529	2940	3124	3187	3382	3485	3624	
156	74	722	765	1348	1395	1588	1606	2575	2587	2934	3130	3135	3706	3903	3939	3988	
157	19	34	448	558	571	699	818	1296	1883	2336	2420	2436	2517	2675	2849	2867	
158	91	233	759	932	1127	1536	1761	1818	2213	2448	2670	2796	3089	3537	3563	3781	
159	526	804	975	1252	1753	2040	2445	2510	2548	2678	2726	3342	3411	3770	4088	4223	
160	328	368	847	943	1235	1295	1520	1701	1724	1813	2029	2160	2246	2528	2789	2917	
161	764	852	965	996	1563	1682	2105	2181	2320	2708	2877	3357	3391	3594	3696	3818	
162	58	174	283	379	467	559	610	1143	1174	1246	1586	2706	2742	2926	2960	3170	
163	130	140	188	407	548	807	1148	1331	1447	1564	1990	2727	2933	3035	3568	3811	
164	176	204	362	831	930	2249	2578	2879	2895	2930	2974	3161	3468	3592	4009	4083	
165	106	144	240	260	451	487	597	713	1093	1757	2391	2595	2962	3261	3890	4023	
166	171	202	208	320	404	798	984	1153	1161	1189	1506	1638	1870	1965	3255	3434	
167	378	611	645	981	1300	1509	1776	1939	1963	2390	2446	2512	3075	3215	3231	3607	
168	438	620	657	1700	2408	2458	2566	3072	3219	3707	3802	4013	4094	4243	4268	4276	
169	418	601	641	874	1076	1209	1257	1861	2145	2240	2421	2452	3083	3241	3724	3778	
170	380	486	691	752	1267	1438	1463	2149	2221	2317	2365	3062	3827	4051	4158	4183	
171	38	299	300	928	1465	1914	2031	2122	2129	2157	2603	3440	3587	3714	3840	3869	
172	44	92	105	282	1023	1425	1479	1533	1632	1683	1729	1838	2275	2353	2994	3105	
173	161	170	721	1067	1579	1653	1742	2875	3010	3095	3139	3830	4014	4036	4040	4114	
174	136	426	480	966	1122	1386	1610	1787	2119	2403	2649	2709	2729	2738	3384	3571	
175	25	73	340	639	665	937	1011	1183	1663	1676	1707	1785	1805	1854	1999	2607	
176	103	141	886	1063	1069	1446	1461	1495	1616	1697	1893	2108	2547	2762	2855	3206	
177	69	115	295	1383	1471	1476	1647	1666	1977	2005	2463	2682	3028	3541	3789	4086	
178	30	414	596	690	931	1453	2106	2290	2455	2687	3504	3584	3658	3787	4022	4148	
179	309	497	677	1436	1760	1814	2101	2224	2278	3039	3128	3569	3597	3669	3684	3795	
180	201	228	284	422	851	885	1193	1901	1916	1976	2553	2627	2629	2737	2794	2912	
181	113	165	311	428	568	1135	1145	1167	1251	1561	2099	2555	2594	2667	3293	3306	
182	20	655	1367	1369	1791	2508	2936	2997	3136	3603	3736	3764	3870	3885	3941	4001	
183	148	386	1546	2156	2333	2768	2807	2932	3129	3140	3243	3262	3288	3373	3463	3543	
184	15	42	236	417	1029	1242	2571	2901	2943	3117	3151	3673	3679	3783	4069	4179	
185	26	129	279	413	926	1937	2482	2561	3041	3092	3450	3647	3657	3773	3814	3871	
186	449	642	695	895	1100	1227	1913	2158	2605	2872	3314	4041	4116	4175	4186	4233	
187	17	169	549	668	687	725	816	1071	1188	1232	1693	1743	1860	2077	2135	2431	
188	119	1090	1181	1225	1411	2095	2110	2464	2752	3207	3490	3708	3886	4129	4166	4168	
189	163	329	855	977	1327	1611	1763	1784	1980	2127	2771	3064	3205	3315	3452	3470	
190	412	543	782	940	1486	1569	1768	1989	2382	2400	2722	3197	3455	3491	3564	3721	
191	243	1310	1902	2124	2402	2479	2959	3098	3167	3280	3506	3525	4200	4209	4224	4248	
192	82	455	594	1219	2067	2303	2310	2685	3038	3480	3639	3729	3831	3868	4037	4164	
193	154	550	827	1317	3115	3169	3688	3695	3763	3839	4031	4103	4120	4190	4292	4302	
194	222	1072	1272	1286	1433	2269	2633	3179	3204	3347	3540	4005	4064	4073	4122	4214	
195	529	680	682	915	1432	1949	1967	2023	2066	2423	2539	2565	2769	3007	3112	3133	
196	133	430	445	592	1222	1414	1681	1858	2046	2715	2812	3049	3147	3462	3950	4002	
197	434	637	1008	1052	1297	2384	2906	3009	3406	3918	4169	4182	4258	4267	4303	4305	
198	392	446	615	733	748	1250	2271	2322	2468	3110	3144	3334	3650	3917	3933	4237	
199	213	723	1658	1661	1808	2345	2438	2533	2859	3058	3076	3101	3257	3398	3957	4110	
200	187	357	1888	1947	2014	2557	2582	2828	2952	3148	3427	3444	3484	3576	3649	3701	
201	579	630	1032	1392	1494	2100	2324	2454	2569	2776	2916	3152	3254	3388	3500	3505	
202	356	848	987	1047	1306	1539	1549	2280	3213	3473	3497	3619	3794	3808	3991	4191	
203	57	63	143	191	400	638	839	922	1046	1301	1356	1434	1834	1979	2009	2092	
204	439	471	488	523	979	1124	2080	2087	2097	2188	2265	2318	2330	2395	2579	2927	
205	4	355	1014	1133	1320	1628	1646	1656	1792	1945	2644	2839	2913	3029	3343	3466	
206	3	234	264	624	1079	1373	1530	1589	2442	3067	3203	3324	3557	3631	3680	3733	
207	160	261	292	609	1255	1341	1716	2176	2193	2335	2434	2731	2826	2946	2993	3600	
208	1	685	757	1582	1630	1951	2466	2611	3033	3279	3289	3349	4043	4111	4117	4161	
209	40	159	440	793	1022	1304	1594	1750	1779	1942	2388	2866	3956	4003	4115	4228	
210	345	427	728	779	791	811	1016	1362	1608	1614	1672	1721	1877	2734	2801	3431	
211	337	746	780	788	1607	1831	2567	2841	3107	3181	3360	3387	3638	3758	3776	4016	
212	139	377	797	973	1543	1891	2025	2340	2593	2777	2876	2896	3240	3609	3697	3807	
213	369	636	869	1038	1136	1185	1774	1790	2078	2325	2623	2766	2968	3080	3122	4255	
214	110	183	769	925	1177	1600	1718	2161	2239	2332	2497	2995	3198	3854	3893	3912	
215	247	289	405	703	875	876	918	972	1065	1482	1556	1599	1687	1735	1800	2028	
216	178	338	785	1319	1458	1505	1535	2437	2597	2804	2847	3225	3251	3281	3675	3747	
217	463	808	863	927	1429	1821	1847	2284	2387	2888	3539	3681	3817	4239	4241	4287	
218	220	223	468	688	914	1670	1748	1759	2053	2684	2942	3311	3608	3694	4151	4155	
219	114	255	416	888	992	1142	1160	1287	1363	1391	1612	1892	2204	2429	2526	2618	
220	349	432	817	958	1073	1207	1746	2139	2640	2781	2945	3132	3271	3294	3629	3692	
221	346	385	484	777	2641	2755	2955	2972	2980	3125	3158	3412	3750	3925	3969	3994	
222	32	142	175	256	312	411	443	675	1045	1171	1268	1929	2196	2459	2797	2806	
223	653	1202	1302	1925	1957	2151	2338	2889	3374	3469	3636	3640	3841	4184	4253	4306	
224	177	737	867	1460	1501	1732	1733	1869	1938	2075	2102	2142	2751	3030	3074	3515	
225	109	296	532	1000	1132	1318	1451	1765	2039	2602	3267	3461	3489	3582	3809	4097	
226	423	590	889	1169	1260	1833	1879	2086	2186	2634	3063	3273	3286	3532	3662	3671	
227	739	980	1054	1080	1243	1390	1511	1540	1887	1897	2316	2375	2799	3037	3209	3390	
228	54	128	135	167	214	557	626	683	755	789	1350	1523	1629	1930	1993	2164	
229	205	911	1308	1722	1953	2481	2833	3264	3447	3487	4072	4244	4251	4257	4264	4278	
230	861	884	1059	1238	2033	2301	2425	3015	3546	3828	3845	4000	4024	4034	4167	4259	
231	134	504	820	1116	1288	2302	2393	2694	2795	3111	3123	3189	3369	3451	3643	3705	
232	29	81	190	396	707	882	894	2027	2063	2805	2850	3143	3339	3529	3547	3626	
233	431	540	564	676	778	842	1121	1428	1521	2369	2483	2973	3006	3082	3359	3501	
234	64	145	872	908	1789	1873	2418	2450	2660	2719	3162	3211	3285	3304	3376	3704	
235	562	1230	1651	1745	1848	1851	1946	1956	2177	2243	2606	2680	2787	3188	3296	3302	
236	31	87	225	1981	2334	2523	2614	2657	2770	2935	3003	3199	3323	3351	3566	3833	
237	23	879	959	976	1109	1266	1415	2268	2341	2542	2704	3043	3760	3880	3961	4011	
238	595	696	917	1106	1254	1281	1528	2159	2368	2586	3813	3977	4174	4231	4283	4300	
239	525	591	622	719	796	1352	1660	1755	1880	1884	2001	2098	2537	2620	3145	3395	
240	88	217	372	436	646	909	1685	2051	2214	2760	3520	3548	3847	3908	3921	4106	
241	539	760	1107	1128	1140	1361	2348	2549	2788	2819	3269	3352	4044	4089	4147	4194	
242	990	1170	2691	2701	2761	2898	3361	3377	3381	3464	3652	3737	3805	3922	4112	4146	
243	450	566	897	1057	1149	2018	2061	2155	2250	3222	3523	3759	3974	4140	4152	4153	
244	125	578	583	1233	1405	1553	1554	1613	1825	1871	2254	2358	2521	2564	2717	2735	
245	587	607	1044	1089	1226	1285	1427	1898	2209	2983	3753	3756	3934	4078	4262	4277	
246	858	1017	1264	1738	2044	2288	2699	2718	3331	3413	3415	3725	3791	3797	4226	4240	
247	11	12	131	834	1859	1971	2070	2079	2264	3258	3968	4098	4271	4279	4286	4293	
248	670	768	1279	1410	1518	1560	1900	1920	2072	2235	2362	2443	2501	2732	2733	2862	
249	22	193	479	770	910	1270	1886	2211	2259	2626	3180	3214	3476	3531	3562	3971	
250	520	537	1024	1326	1340	2013	2230	2472	2674	3601	3634	3826	4042	4047	4081	4218	
251	275	286	350	506	705	1051	1094	1165	1206	1485	1562	1992	2116	2199	2392	2534	
252	181	210	2210	2373	2386	2746	2829	3050	3183	3604	3889	3901	4004	4038	4085	4091	
253	323	354	397	1291	1322	1442	1837	2057	2244	2385	2513	2576	3069	3297	3309	3335	
254	184	382	495	738	1215	1263	1393	1480	1688	1835	1983	2154	2192	2688	2757	3160	
255	758	933	962	1259	1452	1719	1723	1766	2865	2910	3424	3493	3550	3859	3989	4012	
256	952	1303	1691	1801	1865	2076	2784	2976	3319	3370	3417	3471	3572	3659	3771	3899	
257	155	241	366	929	1064	1108	1812	1919	2339	2545	3863	3881	4180	4185	4204	4280	
258	303	744	1039	1083	1298	1469	1512	1811	2189	2287	2785	3371	3667	3784	3852	3877	
259	772	799	800	1025	1088	2205	2853	3154	3221	3410	3428	3835	3856	4010	4066	4142	
260	244	662	1179	1299	1359	2011	2085	2138	2242	2297	2364	2813	2836	3084	3849	3923	
261	166	186	277	285	916	948	1220	1440	2058	2601	2778	3325	3765	3824	3914	3932	
262	651	1146	1158	1819	1845	1955	2117	2195	2834	2845	3303	3414	3660	3858	3943	3980	
263	97	342	715	795	1312	1380	2652	3599	3788	3953	4015	4095	4188	4213	4216	4232	
264	197	435	608	614	794	887	893	1155	1334	1408	1514	1537	1604	1969	2207	2461	
265	647	666	706	716	1041	1061	1092	1129	1178	1449	1487	1962	2141	2531	2698	2710	
266	316	335	341	393	603	982	1601	1650	1943	2584	2963	3218	3700	3711	3740	3832	
267	1035	1196	1621	1798	2237	2748	3196	3292	3559	3605	3754	3883	3937	4084	4118	4154	
268	649	954	1021	1385	1407	1623	1959	2020	2131	2366	2982	3268	3367	3924	3983	4128	
269	365	456	466	534	1095	1337	1802	2227	2347	2491	2911	3004	3068	3614	3732	3865	
270	66	90	339	460	846	1249	1371	1372	1422	1764	1804	2030	2411	2919	3017	3363	

1	0	1	0	1	0	1	0	1	0	1	0	1	0	1	0	1	0	1	0	1	0	1	0	1	0	1	0	1	0	
1	0	0	1	0	1	0	1	0	1	0	1	0	1	0	0	1	1	0	1	0	1	0	1	0	1	0	1	0	1	
1	0	1	0	0	1	0	1	0	1	0	1	0	1	0	0	1	0	1	1	0	1	0	1	0	1	0	1	0	1	
1	0	1	0	1	0	0	1	0	1	0	1	0	1	0	0	1	0	1	0	1	1	0	1	0	1	0	1	0	1	
1	0	1	0	1	0	1	0	0	1	0	1	0	1	0	0	1	0	1	0	1	0	1	1	0	1	0	1	0	1	
1	0	1	0	1	0	1	0	1	0	0	1	0	1	0	0	1	0	1	0	1	0	1	0	1	1	0	1	0	1	
1	0	1	0	1	0	1	0	1	0	1	0	0	1	0	0	1	0	1	0	1	0	1	0	1	0	1	1	0	1	
1	0	1	0	1	0	1	0	1	0	1	0	1	0	0	0	1	0	1	0	1	0	1	0	1	0	1	0	1	1	
0	1	0	1	0	1	0	1	0	1	0	1	0	1	0	1	0	1	0	1	0	1	0	1	0	1	0	1	0	1	
0	1	1	0	1	0	1	0	1	0	1	0	1	0	1	1	0	0	1	0	1	0	1	0	1	0	1	0	1	0	
0	1	0	1	1	0	1	0	1	0	1	0	1	0	1	1	0	1	0	0	1	0	1	0	1	0	1	0	1	0	
0	1	0	1	0	1	1	0	1	0	1	0	1	0	1	1	0	1	0	1	0	0	1	0	1	0	1	0	1	0	
0	1	0	1	0	1	0	1	1	0	1	0	1	0	1	1	0	1	0	1	0	1	0	0	1	0	1	0	1	0	
0	1	0	1	0	1	0	1	0	1	1	0	1	0	1	1	0	1	0	1	0	1	0	1	0	0	1	0	1	0	
0	1	0	1	0	1	0	1	0	1	0	1	1	0	1	1	0	1	0	1	0	1	0	1	0	1	0	0	1	0	
0	1	0	1	0	1	0	1	0	1	0	1	0	1	1	1	0	1	0	1	0	1	0	1	0	1	0	1	0	0	
