1120	70	100	16

11	6	487	731	1116	288	761	520	778	476	141	636	730	
9	4	751	383	311	868	125	318	1020	492	1092	
11	6	895	635	445	924	1000	379	319	1120	524	361	65	
12	6	227	166	345	752	1098	1111	608	614	282	616	1102	624	
10	4	96	999	894	342	725	238	678	7	639	471	
10	6	93	371	470	800	586	522	98	229	244	181	
8	5	1018	596	768	206	585	1065	968	669	
14	9	771	538	889	364	101	842	100	8	428	815	949	64	941	51	
7	3	915	602	746	594	878	799	1077	
16	10	588	42	998	439	108	434	743	680	690	47	914	833	325	931	31	711	
6	4	967	67	621	568	16	54	
6	3	1033	960	1096	992	440	209	
10	7	137	1097	11	304	567	536	287	30	769	161	
9	6	172	880	934	634	764	349	264	249	488	
12	7	246	68	1034	36	485	344	80	1055	1100	823	432	753	
12	8	1107	245	228	237	550	986	702	300	251	117	203	893	
10	6	1051	162	148	1014	682	1073	90	200	707	573	
8	4	1093	1074	273	480	159	811	113	392	
9	2	175	212	747	796	447	873	330	789	1039	
13	7	826	13	386	10	168	295	736	1067	267	726	77	943	561	
12	7	601	562	858	158	782	43	190	723	1029	463	891	78	
7	3	610	839	467	207	275	171	15	
13	4	418	560	465	420	909	1089	416	580	883	1028	947	226	411	
13	4	547	302	253	864	343	945	337	435	138	27	1021	763	384	
8	4	691	313	732	955	533	414	1025	94	
7	3	657	1023	120	310	123	360	518	
9	3	214	294	293	1048	233	958	741	534	497	
14	8	391	985	854	323	231	140	153	184	514	1115	103	1	1026	394	
15	6	759	157	749	527	21	102	75	744	837	472	589	336	672	152	189	
12	6	676	1084	770	48	182	632	147	739	430	491	1079	204	
15	9	370	350	146	953	280	896	262	230	173	225	1057	742	234	724	668	
5	4	1099	605	423	63	717	
11	4	201	121	604	976	975	556	177	785	1075	838	1076	
12	7	937	965	322	346	660	633	46	755	144	283	399	694	
8	5	860	197	45	1062	380	528	296	1004	
9	4	570	886	962	263	910	1104	918	576	566	
13	8	951	675	135	666	716	993	444	901	1003	130	750	565	1101	
9	3	667	286	272	1059	903	35	29	305	577	
12	5	494	398	217	552	721	887	499	783	382	756	793	1024	
9	5	139	278	1015	664	334	422	957	712	107	
13	8	1091	247	699	3	504	991	6	974	832	818	208	994	143	
10	3	767	340	352	76	906	921	681	710	1038	335	
15	8	1042	539	224	689	265	347	1066	459	461	210	1001	219	301	591	129	
14	6	1052	131	828	1045	299	795	737	1002	482	289	852	338	613	33	
13	7	1050	429	260	659	362	954	772	1083	786	321	373	501	582	
11	3	1119	124	195	368	255	696	654	409	718	623	540	
11	3	745	306	1030	735	578	1046	390	297	548	115	356	
11	6	134	801	590	572	584	1108	679	1013	695	385	513	
11	4	816	25	122	156	876	374	400	133	464	493	644	
18	10	867	437	597	544	683	312	856	192	649	1094	193	845	936	243	220	285	199	661	
15	9	317	281	438	160	196	899	473	923	119	961	38	790	469	329	973	
14	7	1006	132	1017	729	104	722	284	905	938	1110	942	697	1068	268	
15	8	19	1007	821	235	928	530	916	205	855	935	881	1109	12	817	74	
15	7	376	431	563	254	483	515	1041	191	441	904	17	727	5	412	989	
15	9	564	600	1069	558	34	69	55	930	50	569	686	1117	861	575	526	
12	4	628	395	849	919	714	419	641	503	460	81	183	827	
11	4	502	844	574	404	637	377	155	52	450	692	60	
13	6	327	14	512	18	1063	375	145	802	519	114	257	239	276	
13	7	1112	822	28	603	784	39	1072	595	1044	871	549	529	365	
8	3	698	776	127	110	853	9	37	662	
10	7	477	372	88	579	451	542	112	932	496	874	
14	7	56	618	834	202	408	517	1106	452	44	939	971	598	83	997	
13	6	87	581	798	996	82	980	888	448	988	128	1095	685	843	
15	6	126	625	454	762	862	857	324	218	987	508	922	333	507	551	606	
12	4	647	85	824	176	1071	897	359	1105	2	1010	348	403	
11	6	24	820	885	831	557	236	1009	545	733	252	651	
10	5	446	748	706	531	316	677	240	627	898	700	
15	7	970	258	425	859	840	830	498	587	656	779	704	1088	866	646	638	
14	7	658	261	555	232	256	332	643	1031	369	1061	926	758	792	351	
11	5	436	571	652	728	781	73	457	307	453	259	421	
16	8	198	417	806	592	959	933	872	500	583	912	188	835	1035	847	1085	1056	
6	3	407	1008	964	805	693	642	
7	1	61	396	164	1022	455	292	72	
13	4	84	925	543	1078	366	279	1058	777	136	222	151	95	402	
16	7	804	314	850	788	389	309	892	653	378	812	670	626	995	298	629	1011	
8	6	165	553	509	907	803	984	720	22	
10	6	754	170	609	1037	703	663	479	387	215	979	
14	9	1040	320	167	940	523	911	645	780	26	1086	1064	23	848	920	
10	4	760	1012	424	944	223	900	674	521	978	1080	
11	5	734	426	462	388	266	593	541	719	443	381	505	
16	10	271	242	367	516	612	250	1019	99	154	174	620	180	559	846	1081	963	
6	1	79	841	1118	615	773	169	
8	2	20	819	775	511	142	1070	836	32	
9	2	1005	105	705	433	1103	787	475	241	40	
11	6	829	713	495	41	665	1036	290	877	163	969	1016	
14	9	929	865	4	863	59	341	406	57	339	358	357	684	427	328	
14	5	808	490	617	655	62	468	315	186	478	554	178	956	917	611	
8	3	738	86	248	882	221	982	687	458	
14	5	537	640	948	671	525	630	813	194	619	990	851	415	291	1053	
9	5	825	481	269	449	109	363	708	673	774	
11	4	118	879	1090	870	149	631	757	474	875	927	791	
11	4	902	946	274	535	701	106	794	331	97	92	650	
9	4	797	71	599	89	766	972	977	510	952	
11	5	765	216	397	622	270	966	401	489	810	70	546	
13	8	442	1027	185	740	506	484	688	648	1049	807	809	908	213	
8	5	354	709	981	116	607	413	532	410	
7	5	1032	913	950	466	1047	890	211	
10	3	355	1113	277	58	49	393	111	884	187	814	
9	6	1082	53	308	715	1054	1043	150	91	303	
12	7	1087	66	486	456	405	983	869	1114	1060	326	179	353	

1	214	271	418	487	494	647	676	771	797	860	867	970	1033	1040	1093	1099	
2	84	139	165	242	246	376	442	446	537	547	564	588	731	734	808	825	
3	19	56	197	426	437	600	698	745	754	760	765	816	829	929	1006	1027	
4	24	68	71	85	132	201	306	317	355	367	502	597	657	658	767	776	
5	25	137	281	294	320	431	477	490	544	804	902	960	1012	1050	1052	1084	
6	372	424	429	570	738	770	826	937	1017	1023	1042	1069	1091	1097	1107	1116	
7	121	122	126	127	167	175	185	260	261	340	370	436	438	481	667	691	
8	118	216	278	314	462	516	625	729	740	925	951	1018	1034	1112	1113	1119	
9	11	45	48	198	227	247	277	286	288	313	391	543	571	601	640	659	
10	42	88	96	104	131	166	172	182	304	354	388	538	563	599	610	761	
11	36	87	352	398	417	539	560	579	612	632	732	748	822	828	944	948	
12	13	28	93	110	124	134	250	327	345	562	581	604	617	713	880	946	
13	76	147	160	212	485	520	699	759	806	824	858	865	915	1007	1078	1087	
14	3	4	157	266	274	293	362	366	628	675	801	853	879	967	985	1005	
15	170	176	223	386	558	567	655	820	821	863	934	954	976	998	999	1048	
16	120	156	233	254	465	553	592	618	722	739	889	895	1032	1045	1071	1074	
17	58	59	224	284	344	451	535	555	752	844	894	913	965	975	1015	1019	
18	67	105	135	196	217	232	258	269	302	671	683	709	772	778	850	854	
19	14	62	66	89	299	310	323	397	425	525	705	749	876	899	900	959	
20	10	395	420	439	449	454	468	483	495	506	527	536	542	590	674	795	
21	20	34	41	61	80	123	256	342	350	364	433	486	512	605	635	652	
22	69	101	315	445	456	473	484	630	747	839	905	940	1051	1082	1090	1098	
23	86	99	168	231	235	245	279	322	332	374	552	574	701	788	834	955	
24	108	195	202	287	312	396	400	423	504	596	643	666	751	796	870	886	
25	63	164	404	408	434	476	603	689	716	725	768	885	897	928	933	950	
26	146	154	228	359	389	407	515	602	634	728	737	762	831	842	909	962	
27	21	49	149	186	238	341	371	383	467	509	557	593	664	906	923	991	
28	478	517	533	621	631	665	764	781	849	862	953	993	1002	1031	1062	1089	
29	79	102	158	206	309	414	706	813	819	856	921	1008	1030	1041	1083	1106	
30	6	133	192	207	263	346	416	452	531	556	609	622	721	743	784	798	
31	18	53	73	100	119	162	191	237	523	530	572	735	757	782	981	996	
32	9	273	295	308	349	368	405	430	444	470	578	660	688	859	872	892	
33	82	148	311	334	480	482	550	580	775	841	887	916	919	1103	1105	1111	
34	8	43	106	112	141	194	255	265	270	280	369	441	491	499	649	653	
35	44	55	205	236	253	275	393	466	521	608	633	678	766	786	904	986	
36	111	116	378	428	636	681	714	855	901	980	983	1009	1014	1047	1094	1096	
37	17	109	159	380	406	457	511	619	680	794	812	857	911	939	1061	1063	
38	2	30	37	142	248	316	324	347	474	637	682	715	884	935	972	990	
39	57	75	218	264	331	447	554	584	585	645	648	783	875	926	1055	1058	
40	46	289	307	321	500	528	727	873	881	930	938	958	971	974	977	987	
41	140	177	190	375	382	583	702	736	744	800	840	864	868	888	890	1003	
42	39	130	153	174	178	300	330	419	541	614	677	690	741	837	907	910	
43	125	184	448	598	641	670	723	777	785	932	1036	1037	1054	1070	1072	1110	
44	47	50	240	251	290	377	464	508	815	869	896	924	927	961	988	1022	
45	155	193	262	282	339	422	496	568	620	703	922	942	966	1000	1046	1066	
46	7	128	136	145	343	363	453	545	586	780	912	957	992	1029	1043	1108	
47	150	171	230	259	379	493	522	626	627	719	803	845	945	949	978	1067	
48	15	52	98	117	222	272	358	401	569	697	802	830	882	898	936	964	
49	173	243	318	333	498	791	805	851	852	883	914	956	1059	1100	1104	1114	
50	180	188	229	357	472	503	587	644	679	686	696	746	789	823	874	877	
51	26	203	221	225	296	337	373	415	459	489	589	656	693	710	755	903	
52	35	91	319	338	443	507	514	559	663	717	733	984	1049	1079	1080	1086	
53	38	97	151	336	463	501	654	807	833	918	982	1010	1057	1117	1118	1120	
54	64	163	220	524	607	720	742	750	756	758	811	832	1028	1038	1060	1095	
55	244	249	285	435	450	455	461	479	700	779	846	969	1004	1075	1109	1115	
56	29	113	138	325	335	360	460	519	551	595	639	642	672	790	838	861	
57	12	27	83	103	144	210	432	582	684	687	810	1013	1039	1064	1065	1081	
58	81	92	152	267	348	390	576	695	730	809	817	835	917	947	997	1001	
59	1	114	187	252	292	381	385	392	409	471	510	534	662	692	704	769	
60	5	16	161	226	297	413	427	615	718	792	793	836	891	908	1021	1073	
61	90	183	219	411	440	488	623	931	968	995	1020	1024	1026	1035	1076	1088	
62	23	60	70	234	283	298	328	387	497	505	518	532	575	611	708	726	
63	31	200	204	209	257	399	540	594	673	866	941	963	1016	1025	1044	1068	
64	181	189	199	213	361	469	492	526	548	566	646	651	712	848	871	878	
65	72	77	95	215	291	301	303	326	329	394	403	549	650	787	799	814	
66	65	115	179	305	351	458	565	606	613	616	629	638	707	774	818	943	
67	54	74	78	94	208	211	412	475	529	546	577	591	685	763	773	847	
68	107	129	239	268	353	402	724	893	920	979	1011	1053	1077	1092	1101	1102	
69	32	51	241	513	561	573	669	694	711	753	827	843	952	989	994	1085	
70	22	33	40	143	169	276	356	365	384	410	421	624	661	668	973	1056	

1	0	1	0	1	0	1	0	1	0	1	0	1	0	1	0	1	0	1	0	1	0	1	0	1	0	1	0	1	0	
1	0	0	1	0	1	0	1	0	1	0	1	0	1	0	0	1	1	0	1	0	1	0	1	0	1	0	1	0	1	
1	0	1	0	0	1	0	1	0	1	0	1	0	1	0	0	1	0	1	1	0	1	0	1	0	1	0	1	0	1	
1	0	1	0	1	0	0	1	0	1	0	1	0	1	0	0	1	0	1	0	1	1	0	1	0	1	0	1	0	1	
1	0	1	0	1	0	1	0	0	1	0	1	0	1	0	0	1	0	1	0	1	0	1	1	0	1	0	1	0	1	
1	0	1	0	1	0	1	0	1	0	0	1	0	1	0	0	1	0	1	0	1	0	1	0	1	1	0	1	0	1	
1	0	1	0	1	0	1	0	1	0	1	0	0	1	0	0	1	0	1	0	1	0	1	0	1	0	1	1	0	1	
1	0	1	0	1	0	1	0	1	0	1	0	1	0	0	0	1	0	1	0	1	0	1	0	1	0	1	0	1	1	
0	1	0	1	0	1	0	1	0	1	0	1	0	1	0	1	0	1	0	1	0	1	0	1	0	1	0	1	0	1	
0	1	1	0	1	0	1	0	1	0	1	0	1	0	1	1	0	0	1	0	1	0	1	0	1	0	1	0	1	0	
0	1	0	1	1	0	1	0	1	0	1	0	1	0	1	1	0	1	0	0	1	0	1	0	1	0	1	0	1	0	
0	1	0	1	0	1	1	0	1	0	1	0	1	0	1	1	0	1	0	1	0	0	1	0	1	0	1	0	1	0	
0	1	0	1	0	1	0	1	1	0	1	0	1	0	1	1	0	1	0	1	0	1	0	0	1	0	1	0	1	0	
0	1	0	1	0	1	0	1	0	1	1	0	1	0	1	1	0	1	0	1	0	1	0	1	0	0	1	0	1	0	
0	1	0	1	0	1	0	1	0	1	0	1	1	0	1	1	0	1	0	1	0	1	0	1	0	1	0	0	1	0	
0	1	0	1	0	1	0	1	0	1	0	1	0	1	1	1	0	1	0	1	0	1	0	1	0	1	0	1	0	0	
