1120	70	100	16

6	4	592	217	509	433	33	630	
14	9	1077	184	702	106	1096	242	450	102	868	559	36	54	124	647	
11	6	454	725	906	1104	189	37	778	139	531	455	328	
8	2	613	415	914	1084	235	467	436	945	
10	3	615	710	1013	610	804	609	737	220	829	792	
9	6	538	110	354	1046	642	35	1068	825	84	
9	3	14	1072	895	1070	696	1045	902	321	1014	
12	8	1088	1060	1091	95	743	652	478	307	654	984	662	520	
14	8	628	179	679	143	90	1052	1039	671	31	457	355	587	244	562	
13	4	988	834	93	1032	118	1056	932	1115	894	313	296	387	928	
12	8	43	453	227	745	385	501	965	556	554	552	563	867	
6	1	759	518	824	1009	525	271	
12	6	672	820	597	1004	959	1005	827	771	174	712	486	757	
9	2	782	21	419	1062	992	786	399	850	987	
12	5	751	335	1034	250	243	706	1100	392	503	176	448	535	
13	8	746	77	1087	567	253	971	864	996	1090	862	817	191	251	
9	5	46	1053	13	1044	49	837	157	530	141	
15	6	960	584	941	71	955	1036	598	762	650	734	462	524	255	479	821	
12	5	229	659	594	818	420	905	15	269	765	952	773	888	
8	4	451	1101	336	542	18	97	280	921	
8	3	196	1114	907	795	919	402	931	1050	
13	7	938	857	381	340	286	394	247	400	297	366	760	218	675	
9	6	1007	729	819	739	752	264	267	474	718	
10	7	886	1107	930	205	750	566	240	545	697	976	
10	5	944	656	87	8	135	645	425	361	466	332	
8	4	390	114	1109	491	775	534	506	475	
13	7	1094	713	30	111	1012	969	836	540	690	667	614	1059	560	
10	3	301	548	316	707	441	1075	589	121	62	282	
15	6	510	294	612	1119	777	573	167	370	505	38	437	521	326	254	289	
11	7	1002	295	305	953	847	445	60	1064	764	287	839	
11	7	648	44	109	416	94	722	166	769	933	815	670	
15	8	291	63	178	403	1049	288	611	193	430	898	570	463	543	797	245	
7	3	576	147	1116	801	805	581	1006	
6	5	601	843	101	105	477	259	
12	6	359	260	427	299	404	1010	136	686	164	149	539	125	
16	6	181	588	39	950	168	899	204	492	357	75	352	915	680	845	7	458	
12	6	577	523	961	779	1058	221	692	700	351	103	382	583	
12	5	1080	541	816	339	665	913	580	1040	472	489	537	29	
12	4	631	668	55	411	636	23	211	206	544	162	34	481	
5	1	1113	954	1074	1048	689	
11	6	409	754	17	983	972	315	26	721	978	320	852	
5	2	874	727	350	115	317	
12	4	459	24	68	646	532	322	279	348	210	434	623	272	
17	9	138	910	443	1022	626	199	974	112	165	840	835	918	528	889	655	499	70	
11	6	571	663	512	290	711	1051	848	306	574	373	73	
11	3	117	736	502	265	386	446	263	875	497	209	768	
10	4	956	122	633	380	1041	732	133	239	808	833	
11	3	1099	661	856	664	558	883	146	372	639	353	3	
10	6	480	863	1098	266	150	171	1117	180	980	484	
17	8	438	643	511	495	1019	32	41	346	634	418	107	766	682	951	896	966	676	
8	3	990	924	507	991	666	183	223	343	
8	2	309	926	65	20	1028	756	311	158	
16	6	129	417	529	83	830	222	303	488	946	841	274	698	225	999	877	410	
10	4	755	10	774	241	82	230	1047	120	767	66	
9	5	324	546	151	194	153	314	423	148	903	
11	6	1108	215	396	163	858	252	142	635	810	169	911	
9	3	412	360	140	80	1089	957	761	891	522	
12	5	5	364	393	104	318	799	785	1110	929	1063	300	119	
14	7	832	943	922	753	1033	345	998	116	476	333	789	802	565	310	
10	5	776	1017	173	374	585	22	298	1105	461	549	
11	4	1038	872	1095	578	337	154	823	358	940	1065	187	
8	3	72	127	807	923	979	323	123	86	
11	7	970	246	981	657	92	356	1015	362	406	514	208	
9	5	1120	471	758	1086	936	349	262	59	108	
8	5	1023	363	379	268	855	890	593	376	
12	7	838	806	519	79	561	1054	128	50	608	814	812	788	
17	9	637	1031	422	849	879	435	456	798	342	278	256	1112	1081	685	1042	1079	341	
14	5	156	490	228	1020	483	214	846	48	1057	701	442	186	177	172	
13	4	638	369	695	925	579	47	1092	113	527	683	28	424	644	
13	6	413	131	161	624	330	213	293	440	89	1030	281	917	763	
17	6	469	1061	207	197	935	1021	569	432	375	627	694	770	709	284	195	783	747	
14	5	325	975	234	202	1008	91	233	653	1082	329	312	516	866	64	
10	7	564	724	526	1026	175	674	401	367	395	96	
8	2	137	1055	4	192	596	854	76	273	
16	9	500	198	27	1018	740	231	100	276	741	12	504	586	1078	716	460	772	
11	6	515	678	56	405	327	508	1067	99	216	873	851	
12	7	1027	717	861	1000	16	997	939	699	397	52	200	742	
21	11	144	844	421	67	677	859	347	909	536	1118	1011	152	275	182	53	1071	334	884	408	212	57	
11	5	98	1035	238	1093	155	498	261	496	892	800	865	
14	7	130	1003	781	74	595	853	1076	452	916	622	185	625	485	1066	
9	5	201	826	188	618	784	1016	285	705	572	
14	5	809	616	985	660	934	831	45	1097	407	414	439	1001	704	58	
16	6	726	1037	270	876	517	78	513	684	649	720	473	550	977	482	878	813	
15	8	444	982	533	958	885	203	551	688	1106	989	557	465	658	602	693	
7	5	728	870	604	25	1025	949	219	
15	9	995	319	9	749	292	338	640	621	398	937	389	842	1085	134	893	
6	3	226	429	494	882	948	947	
15	9	69	973	1083	388	42	887	942	493	378	1	1024	236	920	803	248	
11	3	880	787	651	377	962	304	620	308	170	723	731	
9	3	606	344	590	257	687	553	600	629	232	
11	7	860	384	927	85	748	224	258	591	715	383	599	
7	2	605	733	735	582	632	968	673	
13	7	901	822	368	249	6	912	900	1102	986	1029	691	470	51	
16	6	447	159	708	160	719	641	331	61	371	811	669	391	994	449	302	464	
7	4	11	967	2	617	904	993	365	
13	4	793	145	555	1069	964	828	790	871	730	744	426	428	738	
8	3	431	794	575	607	881	1043	714	603	
9	2	1111	796	869	88	780	468	791	277	190	
11	5	681	126	81	568	1103	132	1073	908	963	897	619	
7	4	283	237	703	547	487	19	40	

1	98	129	130	229	309	412	577	628	672	776	838	901	938	970	990	1002	
2	138	181	291	431	438	469	538	605	613	681	832	956	1023	1027	1038	1080	
3	14	122	126	363	409	454	500	510	541	571	606	659	746	793	809	860	
4	43	72	77	117	137	156	198	325	390	413	417	447	515	616	874	886	
5	5	46	144	196	444	490	576	594	638	717	733	820	943	985	1017	1055	
6	63	131	201	360	364	379	415	633	736	822	960	975	995	1077	1107	1114	
7	246	294	295	344	380	480	597	615	648	727	826	872	910	914	922	1003	
8	4	159	179	268	588	601	637	643	726	755	857	924	944	982	1061	1087	
9	44	110	228	324	381	567	660	678	708	794	981	1031	1035	1037	1053	1072	
10	13	39	109	173	238	305	368	369	511	612	663	753	759	781	782	844	
11	81	178	207	234	253	270	319	374	459	1004	1007	1044	1099	1111	1119	1120	
12	27	114	145	202	340	354	403	421	529	584	679	735	777	796	816	880	
13	56	74	83	147	184	249	286	416	555	575	695	855	876	971	1018	1020	
14	9	69	143	160	226	405	453	495	523	533	657	895	934	953	1046	1088	
15	11	21	49	67	90	161	197	301	359	451	507	564	590	631	806	818	
16	10	94	283	419	607	661	677	749	830	837	843	930	967	1019	1093	1095	
17	140	257	483	517	519	548	568	702	719	724	728	847	925	941	973	988	
18	6	71	79	155	227	260	292	445	526	579	725	751	863	1062	1070	1109	
19	47	101	127	350	393	710	831	861	869	912	1049	1052	1069	1101	1108	1113	
20	2	88	316	338	443	512	642	950	961	964	1026	1060	1083	1092	1094	1116	
21	45	106	205	339	420	422	498	578	624	722	828	834	859	958	991	1033	
22	24	214	222	388	394	546	707	870	885	955	992	1000	1091	1096	1097	1103	
23	68	113	132	192	290	335	407	592	595	640	641	666	668	780	849	900	
24	32	55	95	168	175	247	288	427	468	491	518	646	665	713	740	754	
25	80	104	347	411	414	441	621	801	879	905	935	1013	1022	1039	1073	1084	
26	41	330	331	502	532	582	617	636	696	729	786	824	846	856	899	906	
27	30	35	93	217	231	235	261	435	471	561	604	626	664	750	779	790	
28	23	78	100	151	188	204	337	384	399	711	758	775	819	853	871	881	
29	48	111	154	203	346	398	534	730	774	864	913	1021	1034	1051	1054	1058	
30	25	128	213	276	322	336	345	558	573	739	907	909	1012	1089	1098	1104	
31	17	157	194	250	266	299	327	400	569	671	743	807	937	954	996	1076	
32	31	42	166	183	189	237	297	303	318	404	429	452	492	509	530	752	
33	61	92	221	433	456	611	634	674	823	927	959	998	1032	1041	1045	1086	
34	50	116	118	211	223	358	371	401	418	527	551	566	580	585	798	908	
35	16	22	60	85	141	150	167	215	243	293	356	467	488	506	688	692	
36	107	199	279	432	436	513	610	632	683	963	969	1005	1008	1015	1036	1068	
37	37	91	105	241	348	370	684	748	787	799	916	923	957	983	1010	1090	
38	171	193	505	596	618	687	741	745	804	887	936	946	972	1009	1056	1075	
39	82	210	224	233	240	357	375	385	430	508	598	622	649	651	652	656	
40	242	264	362	377	396	439	589	653	706	762	766	791	836	898	968	1057	
41	163	185	315	536	609	682	700	720	795	848	883	932	940	942	962	997	
42	265	342	343	450	553	608	627	701	737	744	784	811	854	858	919	974	
43	75	87	136	153	278	402	440	493	761	814	841	1040	1067	1100	1102	1106	
44	8	12	89	112	314	367	378	386	434	442	476	478	902	926	1016	1025	
45	1	15	33	102	135	165	230	258	542	625	703	890	951	1043	1082	1118	
46	146	274	349	473	494	669	694	732	778	862	897	939	986	989	1011	1030	
47	38	99	139	220	252	262	269	281	304	307	329	352	423	446	501	545	
48	26	65	148	267	298	306	437	457	472	485	504	557	650	698	785	868	
49	152	206	216	256	351	372	540	570	630	673	699	714	904	915	917	931	
50	20	103	186	321	366	474	496	531	547	550	654	686	697	721	827	840	
51	142	164	333	355	397	465	559	771	835	976	1029	1105	1110	1112	1115	1117	
52	36	133	149	391	426	521	544	600	817	882	918	965	977	978	1024	1047	
53	76	236	463	482	528	556	593	734	770	892	894	903	1001	1065	1074	1081	
54	18	54	115	180	225	275	389	525	554	639	690	789	889	920	929	949	
55	120	174	285	455	489	574	586	587	591	619	635	709	979	993	1014	1064	
56	59	121	162	182	191	239	273	326	353	462	655	658	680	705	802	805	
57	28	52	97	251	284	320	477	712	715	718	760	767	810	829	842	845	
58	254	263	277	280	312	313	392	424	428	524	537	623	629	645	685	825	
59	3	62	296	487	602	620	980	984	994	999	1028	1042	1063	1066	1078	1085	
60	34	53	108	124	190	232	244	300	387	395	425	499	662	667	763	765	
61	19	177	289	406	449	475	543	614	738	756	764	769	850	873	875	1048	
62	66	119	195	302	308	311	361	497	552	581	691	797	808	851	891	896	
63	170	218	382	514	563	603	689	716	803	877	948	952	1006	1059	1071	1079	
64	7	40	169	271	334	341	373	410	466	470	481	503	516	539	565	583	
65	176	219	255	259	287	310	323	460	675	800	866	884	911	966	987	1050	
66	51	64	125	187	200	209	365	383	461	464	479	647	852	865	928	933	
67	70	123	245	332	408	458	486	560	644	676	704	723	773	783	839	921	
68	96	134	172	208	272	282	328	448	484	520	747	792	812	821	867	888	
69	29	58	86	212	535	549	599	693	731	757	772	788	815	878	893	945	
70	57	73	84	158	248	317	376	522	562	572	670	742	768	813	833	947	

1	0	1	0	1	0	1	0	1	0	1	0	1	0	1	0	1	0	1	0	1	0	1	0	1	0	1	0	1	0	
1	0	0	1	0	1	0	1	0	1	0	1	0	1	0	0	1	1	0	1	0	1	0	1	0	1	0	1	0	1	
1	0	1	0	0	1	0	1	0	1	0	1	0	1	0	0	1	0	1	1	0	1	0	1	0	1	0	1	0	1	
1	0	1	0	1	0	0	1	0	1	0	1	0	1	0	0	1	0	1	0	1	1	0	1	0	1	0	1	0	1	
1	0	1	0	1	0	1	0	0	1	0	1	0	1	0	0	1	0	1	0	1	0	1	1	0	1	0	1	0	1	
1	0	1	0	1	0	1	0	1	0	0	1	0	1	0	0	1	0	1	0	1	0	1	0	1	1	0	1	0	1	
1	0	1	0	1	0	1	0	1	0	1	0	0	1	0	0	1	0	1	0	1	0	1	0	1	0	1	1	0	1	
1	0	1	0	1	0	1	0	1	0	1	0	1	0	0	0	1	0	1	0	1	0	1	0	1	0	1	0	1	1	
0	1	0	1	0	1	0	1	0	1	0	1	0	1	0	1	0	1	0	1	0	1	0	1	0	1	0	1	0	1	
0	1	1	0	1	0	1	0	1	0	1	0	1	0	1	1	0	0	1	0	1	0	1	0	1	0	1	0	1	0	
0	1	0	1	1	0	1	0	1	0	1	0	1	0	1	1	0	1	0	0	1	0	1	0	1	0	1	0	1	0	
0	1	0	1	0	1	1	0	1	0	1	0	1	0	1	1	0	1	0	1	0	0	1	0	1	0	1	0	1	0	
0	1	0	1	0	1	0	1	1	0	1	0	1	0	1	1	0	1	0	1	0	1	0	0	1	0	1	0	1	0	
0	1	0	1	0	1	0	1	0	1	1	0	1	0	1	1	0	1	0	1	0	1	0	1	0	0	1	0	1	0	
0	1	0	1	0	1	0	1	0	1	0	1	1	0	1	1	0	1	0	1	0	1	0	1	0	1	0	0	1	0	
0	1	0	1	0	1	0	1	0	1	0	1	0	1	1	1	0	1	0	1	0	1	0	1	0	1	0	1	0	0	
