1120	70	100	16

11	4	702	252	488	374	685	1034	1092	524	128	971	714	
10	3	859	312	378	144	535	989	38	799	1036	412	
12	5	469	1085	696	586	743	1032	1021	52	968	210	39	829	
8	3	741	816	700	1019	880	598	80	1023	
11	6	681	249	882	250	207	966	258	154	583	261	141	
9	6	735	570	60	414	1100	241	291	357	330	
11	4	348	712	313	645	501	854	772	336	94	449	364	
14	8	1035	329	636	62	49	21	497	961	218	353	295	757	237	811	
20	12	640	786	617	908	297	1078	962	26	533	960	391	1091	176	934	545	103	704	536	470	510	
14	7	881	587	505	1030	227	57	917	395	561	527	975	725	1014	646	
10	7	88	140	626	832	592	713	428	1076	181	466	
10	4	416	557	584	22	318	426	383	148	158	462	
14	9	25	1087	159	482	610	660	471	494	783	104	766	957	431	734	
10	6	1104	705	969	730	635	454	622	560	477	512	
12	6	206	296	216	390	111	28	609	67	856	605	12	1112	
14	6	781	455	259	91	450	1051	905	1054	365	339	871	48	673	719	
10	7	991	717	350	189	692	614	289	976	913	896	
8	5	192	138	621	697	1008	439	928	822	
9	2	541	290	427	1119	672	463	644	753	278	
9	4	796	247	37	484	6	399	637	1081	305	
8	4	708	371	947	921	507	627	1028	582	
10	4	827	967	940	200	153	203	997	229	703	964	
16	7	1072	810	1069	146	155	170	221	903	65	244	722	85	1106	1080	873	809	
11	4	228	901	225	230	1109	770	876	531	866	747	209	
12	8	699	1039	472	215	576	15	326	58	198	82	869	857	
8	4	124	96	555	526	716	601	380	257	
12	8	986	1026	292	846	236	157	517	301	650	334	907	489	
7	2	664	41	384	20	788	898	851	
10	3	758	534	643	502	925	667	778	1059	55	1115	
16	10	655	931	918	954	340	212	387	349	491	220	836	939	474	283	746	272	
7	3	872	121	275	368	619	994	281	
9	2	604	263	59	447	1074	1117	149	342	269	
15	7	205	899	253	9	892	66	978	408	492	669	840	579	441	922	1095	
18	7	938	649	287	963	529	54	282	979	1013	715	1110	34	429	558	970	742	468	845	
17	8	1093	877	679	179	381	119	452	369	1073	659	134	935	988	199	906	638	167	
12	6	933	1016	202	496	392	522	893	35	424	996	577	1038	
10	7	145	1062	924	319	923	804	790	224	242	376	
14	5	1071	151	787	97	75	343	623	397	16	152	322	785	239	409	
11	3	1057	794	335	84	834	817	690	273	1111	738	668	
15	9	756	2	448	213	1046	745	544	98	944	46	276	828	147	308	78	
10	7	1033	823	47	721	171	11	288	50	850	1006	
11	6	985	13	478	303	695	602	889	1082	878	61	538	
6	1	1049	890	618	887	352	691	
12	4	411	14	1079	310	945	739	657	388	419	980	628	849	
11	4	693	974	688	910	740	1053	498	532	460	937	955	
9	2	180	324	169	345	1070	240	358	608	1098	
10	5	320	445	5	1094	476	196	639	338	589	982	
10	4	630	442	264	1002	895	825	941	540	1056	115	
17	8	1075	1090	299	1018	952	508	578	137	565	698	389	755	500	362	183	1003	1009	
9	2	191	444	891	599	987	593	418	953	204	
5	4	519	803	843	981	1099	
12	6	571	473	400	438	868	457	274	186	1108	671	479	797	
11	6	789	43	437	325	270	1029	824	562	421	175	226	
11	5	69	595	415	71	839	520	398	168	581	277	184	
9	5	1005	737	670	606	1083	396	732	611	481	
13	5	689	165	958	768	315	464	977	835	585	166	727	328	566	
9	6	81	792	751	100	485	867	294	304	819	
6	3	764	410	575	30	72	965	
13	4	641	750	382	475	1011	648	486	122	1025	1	4	774	90	
11	4	909	504	434	10	615	676	108	718	76	590	762	
14	7	32	995	331	136	736	729	509	93	3	1044	865	763	360	1101	
7	3	433	677	73	130	946	440	951	
13	4	932	674	354	731	490	523	7	406	379	767	404	117	686	
8	6	694	525	518	547	401	875	830	459	
13	4	503	1015	853	647	546	568	131	613	870	596	950	620	1061	
14	6	888	1027	316	106	837	190	943	413	1055	992	1060	959	156	74	
6	1	126	847	885	40	1118	174	
7	1	234	780	403	36	95	1047	1031	
11	5	1068	422	267	654	680	193	682	359	1065	495	332	
8	3	710	1116	862	761	456	554	271	841	
16	7	499	813	1066	142	260	235	760	113	341	1097	999	311	600	285	709	858	
8	2	591	86	70	430	652	795	1052	904	
14	6	219	793	724	749	707	483	833	911	902	548	572	771	1024	990	
9	2	68	363	314	222	344	286	631	423	99	
8	2	195	629	567	886	45	948	1012	245	
9	4	759	102	333	556	801	317	1041	1037	798	
11	7	42	248	733	663	984	233	135	118	24	625	17	
13	5	1105	791	160	852	752	251	187	588	653	120	386	436	642	
10	4	44	765	633	983	701	323	425	302	161	1001	
16	8	105	231	293	377	182	603	487	177	1040	208	467	89	178	912	597	1007	
10	7	863	87	1064	720	465	769	197	31	573	973	
9	3	346	844	435	550	775	337	1043	262	150	
10	6	754	446	143	564	744	539	838	1120	777	861	
9	5	164	549	821	18	255	683	370	27	506	
10	6	53	405	594	493	173	919	723	537	451	1020	
12	4	443	551	914	634	480	1000	569	201	321	511	616	942	
12	4	563	864	779	367	64	279	356	632	782	8	998	1067	
10	5	109	63	662	926	894	687	83	1050	915	172	
16	8	800	307	417	1102	309	916	29	678	580	461	1010	420	110	855	956	254	
15	9	1048	1045	79	624	658	684	574	553	748	327	372	726	133	826	361	
15	6	1086	92	284	879	666	107	306	972	929	706	385	728	116	453	1017	
12	5	812	848	808	266	806	223	815	1114	112	56	552	773	
11	4	394	515	528	139	366	675	949	1022	776	23	543	
7	1	163	300	514	820	375	883	101	
8	2	802	612	243	162	280	530	936	651	
11	5	129	185	1089	246	214	1084	1004	238	127	661	1096	
16	9	19	993	884	217	516	1088	1063	521	268	860	1103	818	351	188	407	665	
10	6	784	51	897	347	874	542	900	393	814	1077	
16	7	1113	656	607	458	513	211	123	1107	355	256	194	927	33	77	402	114	
17	7	559	1058	920	432	298	125	373	842	807	711	232	1042	805	132	831	930	265	

1	164	348	394	469	503	541	630	641	764	784	888	932	1072	1075	1093	1105	
2	25	195	290	499	640	689	693	754	800	802	985	1049	1068	1085	1090	1104	
3	19	129	219	446	563	655	710	759	810	813	881	933	1027	1035	1048	1071	
4	145	205	307	346	549	571	587	750	756	812	991	1016	1069	1087	1113	1116	
5	32	42	44	81	126	159	202	206	382	559	674	694	758	877	931	938	
6	53	151	604	702	708	786	792	796	821	863	899	918	995	1045	1058	1066	
7	2	51	68	109	296	320	354	416	417	422	473	696	781	909	993	1057	
8	63	105	185	247	267	433	448	482	591	664	741	884	890	920	1033	1102	
9	124	191	228	263	400	443	475	505	612	617	649	654	681	699	717	848	
10	88	142	180	216	299	363	410	411	496	551	731	793	794	847	864	908	
11	13	79	140	213	217	243	252	329	331	455	629	662	791	808	872	986	
12	14	192	253	297	432	438	442	636	705	827	1011	1026	1030	1039	1086	1089	
13	92	138	160	227	266	335	390	488	490	516	779	816	954	1005	1018	1079	
14	84	87	143	284	292	309	316	340	367	374	626	724	735	737	787	852	
15	57	62	165	248	324	445	586	749	752	844	846	859	916	952	969	1015	
16	29	111	146	259	260	444	557	656	707	834	914	974	1046	1064	1078	1088	
17	136	231	236	249	298	478	534	607	648	679	720	832	853	879	897	967	
18	18	49	97	155	162	234	251	264	458	515	523	525	567	575	621	634	
19	106	121	157	179	255	347	472	564	592	610	647	677	806	958	1002	1062	
20	9	75	125	280	293	303	381	486	519	570	624	670	685	730	733	780	
21	169	215	235	287	343	508	513	546	584	713	789	862	868	874	882	886	
22	37	102	163	371	373	483	504	663	666	743	744	745	760	768	895	963	
23	41	43	64	86	96	212	275	518	623	635	765	924	962	1032	1034	1063	
24	26	119	211	315	387	392	405	427	434	528	530	658	678	683	712	837	
25	7	10	22	70	73	122	139	190	279	314	384	533	544	578	940	984	
26	98	113	246	300	312	313	318	349	377	437	580	643	697	751	817	917	
27	5	28	69	200	222	325	457	464	491	514	517	633	684	688	833	943	
28	45	60	170	182	223	310	319	344	356	413	522	539	547	574	615	660	
29	21	59	107	341	368	395	397	414	435	529	542	553	736	893	910	926	
30	16	137	187	221	274	306	447	480	484	550	555	561	576	603	645	740	
31	54	123	286	350	370	403	426	452	471	501	594	595	618	700	775	823	
32	100	189	282	301	333	369	383	494	803	854	887	972	1025	1097	1100	1107	
33	15	47	91	521	692	772	825	891	901	923	944	947	979	999	1000	1019	
34	46	152	214	345	406	415	497	565	568	606	632	676	783	885	903	911	
35	1	40	65	153	220	225	233	268	270	276	556	588	614	748	842	892	
36	104	244	327	337	366	379	485	695	729	807	838	1008	1055	1070	1083	1094	
37	108	203	241	250	355	450	680	711	721	801	828	860	945	1043	1053	1073	
38	4	6	36	131	147	256	401	454	465	487	675	739	782	902	941	960	
39	66	232	396	439	502	509	609	690	722	769	836	867	936	977	992	1051	
40	135	177	326	378	391	399	548	599	613	631	659	774	815	835	880	983	
41	93	130	144	461	493	526	527	767	870	921	929	978	987	1013	1091	1103	
42	58	71	85	118	134	289	294	428	637	650	820	875	900	905	925	1040	
43	171	173	176	193	194	404	408	498	507	535	572	585	657	698	701	715	
44	117	208	230	291	375	430	598	619	894	934	989	997	1010	1054	1060	1110	
45	11	311	317	365	389	492	532	602	653	687	818	883	1074	1106	1109	1119	
46	20	34	67	148	393	420	460	622	669	682	755	843	1021	1042	1080	1081	
47	3	27	52	90	95	101	197	207	273	288	652	706	804	814	889	1029	
48	38	80	120	166	322	351	359	372	423	467	627	770	805	927	935	949	
49	31	186	262	334	386	429	540	600	761	946	959	975	1044	1092	1114	1120	
50	24	89	198	229	285	323	558	560	569	667	672	716	726	839	856	873	
51	133	178	304	388	476	919	961	970	1028	1065	1082	1084	1108	1111	1117	1118	
52	30	50	82	188	196	218	240	419	520	727	732	777	799	907	939	1022	
53	35	110	149	328	339	353	425	573	593	596	840	850	876	966	968	1004	
54	83	112	156	258	336	342	352	463	477	524	545	718	723	771	776	795	
55	308	358	385	398	489	742	778	788	865	871	950	988	1050	1052	1076	1077	
56	94	132	199	305	407	500	601	644	651	671	709	725	785	819	824	878	
57	181	238	295	436	440	625	686	703	728	738	861	898	906	994	1036	1059	
58	33	168	174	302	412	474	562	566	579	611	639	763	912	928	948	1041	
59	48	56	77	103	154	281	360	362	380	421	424	449	456	537	605	753	
60	72	76	128	161	175	278	283	338	357	418	441	583	757	766	790	826	
61	23	61	116	127	226	552	597	642	809	830	855	951	976	996	1023	1047	
62	8	201	210	224	237	239	453	543	620	746	851	869	953	981	1006	1014	
63	39	78	158	321	466	481	581	673	956	957	964	998	1017	1024	1037	1056	
64	55	99	183	204	242	254	272	277	361	409	431	468	577	590	608	638	
65	115	184	376	402	495	531	554	704	719	773	831	858	971	980	1003	1031	
66	12	257	261	479	536	589	628	646	661	734	829	915	930	937	973	1012	
67	74	114	141	271	330	364	459	470	511	538	798	849	857	904	1009	1067	
68	17	150	167	245	332	451	462	582	616	691	811	822	866	913	922	990	
69	714	747	845	896	942	955	965	1007	1038	1061	1096	1098	1099	1101	1112	1115	
70	172	209	265	269	506	510	512	665	668	762	797	841	982	1001	1020	1095	

1	0	1	0	1	0	1	0	1	0	1	0	1	0	1	0	1	0	1	0	1	0	1	0	1	0	1	0	1	0	
1	0	0	1	0	1	0	1	0	1	0	1	0	1	0	0	1	1	0	1	0	1	0	1	0	1	0	1	0	1	
1	0	1	0	0	1	0	1	0	1	0	1	0	1	0	0	1	0	1	1	0	1	0	1	0	1	0	1	0	1	
1	0	1	0	1	0	0	1	0	1	0	1	0	1	0	0	1	0	1	0	1	1	0	1	0	1	0	1	0	1	
1	0	1	0	1	0	1	0	0	1	0	1	0	1	0	0	1	0	1	0	1	0	1	1	0	1	0	1	0	1	
1	0	1	0	1	0	1	0	1	0	0	1	0	1	0	0	1	0	1	0	1	0	1	0	1	1	0	1	0	1	
1	0	1	0	1	0	1	0	1	0	1	0	0	1	0	0	1	0	1	0	1	0	1	0	1	0	1	1	0	1	
1	0	1	0	1	0	1	0	1	0	1	0	1	0	0	0	1	0	1	0	1	0	1	0	1	0	1	0	1	1	
0	1	0	1	0	1	0	1	0	1	0	1	0	1	0	1	0	1	0	1	0	1	0	1	0	1	0	1	0	1	
0	1	1	0	1	0	1	0	1	0	1	0	1	0	1	1	0	0	1	0	1	0	1	0	1	0	1	0	1	0	
0	1	0	1	1	0	1	0	1	0	1	0	1	0	1	1	0	1	0	0	1	0	1	0	1	0	1	0	1	0	
0	1	0	1	0	1	1	0	1	0	1	0	1	0	1	1	0	1	0	1	0	0	1	0	1	0	1	0	1	0	
0	1	0	1	0	1	0	1	1	0	1	0	1	0	1	1	0	1	0	1	0	1	0	0	1	0	1	0	1	0	
0	1	0	1	0	1	0	1	0	1	1	0	1	0	1	1	0	1	0	1	0	1	0	1	0	0	1	0	1	0	
0	1	0	1	0	1	0	1	0	1	0	1	1	0	1	1	0	1	0	1	0	1	0	1	0	1	0	0	1	0	
0	1	0	1	0	1	0	1	0	1	0	1	0	1	1	1	0	1	0	1	0	1	0	1	0	1	0	1	0	0	
