1120	70	100	16

14	7	1007	586	55	816	969	915	208	569	428	1037	50	938	202	787	
10	4	328	283	346	187	728	686	199	135	881	634	
10	3	269	665	350	591	19	1084	1018	813	799	1	
17	7	861	430	673	332	1025	946	584	796	818	892	596	574	437	92	918	994	900	
6	5	378	475	165	195	293	504	
6	2	403	719	144	324	420	786	
10	6	629	452	38	549	71	974	618	125	704	1069	
13	4	511	1046	41	868	842	952	1010	288	336	364	1079	287	515	
7	4	575	303	1107	458	1026	237	469	
11	5	316	525	646	613	396	542	714	635	683	471	409	
11	4	776	25	281	130	137	329	597	75	514	86	267	
14	5	182	369	830	523	467	1088	414	321	65	138	224	255	481	79	
12	4	353	740	972	107	459	858	12	462	1008	1029	424	929	
13	4	461	839	943	739	1086	197	334	736	512	1105	466	153	500	
9	2	880	834	289	175	810	636	112	361	849	
12	4	565	1093	9	580	1043	999	819	592	168	829	922	139	
11	5	863	520	838	196	921	563	325	1003	362	35	674	
9	2	1001	679	51	340	338	850	547	953	246	
13	8	480	602	1074	805	148	1015	532	59	1117	276	161	101	1101	
14	8	627	936	535	213	214	258	555	661	844	371	178	608	431	534	
16	8	476	893	490	835	85	218	184	1017	136	1047	21	453	905	721	228	1061	
15	5	145	775	1068	20	589	317	444	186	341	643	422	902	576	81	803	
14	6	464	808	1082	179	696	873	779	63	146	544	80	102	191	245	
7	1	669	791	560	389	8	690	831	
12	4	971	77	772	727	978	219	360	579	551	377	752	326	
10	3	781	949	212	70	344	1090	833	126	956	455	
12	5	60	370	932	906	681	811	765	774	564	435	864	301	
18	8	761	826	538	675	280	379	478	725	895	240	385	6	116	505	242	449	192	642	
8	6	270	318	663	235	398	330	95	1064	
13	6	454	349	18	601	190	253	174	1099	76	985	90	36	73	
8	5	598	552	1103	744	1098	417	724	27	
14	6	804	821	263	640	964	131	194	104	638	311	4	657	590	959	
12	5	557	973	735	124	840	166	815	823	468	141	715	707	
13	5	1048	879	68	528	457	769	935	16	147	268	755	1071	493	
13	7	495	460	412	1076	747	617	654	87	203	416	910	795	583	
14	9	359	832	391	117	1019	1014	105	963	1109	61	621	227	524	748	
13	6	463	99	1112	1062	368	222	1004	239	13	216	578	934	375	
11	7	1097	279	975	875	824	784	650	445	164	418	644	
13	4	767	1059	572	917	497	950	113	802	366	886	688	709	730	
10	6	867	680	236	108	109	989	595	1039	372	394	
6	1	951	465	1095	793	1033	677	
13	8	128	1115	93	1113	1027	74	797	91	622	313	309	812	176	
9	3	508	530	809	1060	909	682	277	265	987	
9	2	871	323	960	828	31	856	600	15	243	
9	2	408	801	26	841	866	1081	205	1114	977	
10	4	588	526	319	676	536	42	845	773	382	485	
7	3	127	98	479	390	162	710	3	
14	5	291	48	1108	156	671	712	221	49	559	1104	252	440	874	756	
11	3	703	380	653	764	684	510	1106	58	604	406	1072	
11	5	5	996	248	539	660	434	855	339	251	594	1016	
13	4	891	896	143	151	792	738	82	760	256	427	1050	611	619	
16	6	189	290	587	506	962	405	670	982	666	225	923	348	894	433	777	554	
12	4	882	381	134	1067	768	421	486	407	887	890	904	825	
9	6	984	615	17	885	655	483	912	1091	862	
10	4	401	447	140	285	180	411	272	656	585	884	
17	6	1118	954	870	614	516	163	271	37	247	729	980	397	854	456	410	519	1100	
11	7	1111	931	1053	914	672	992	876	717	789	226	32	
11	5	477	806	158	853	1020	955	967	741	685	393	64	
11	7	988	720	926	426	67	1005	647	609	502	142	484	
9	2	1044	66	1009	11	731	498	322	392	402	
14	5	668	556	52	1092	150	606	737	503	1057	1021	129	53	157	888	
9	4	513	605	302	620	997	998	1030	540	693	
11	4	259	88	723	995	305	238	40	522	441	836	215	
10	7	722	415	1089	1070	948	908	771	1049	1078	29	
10	3	758	916	550	181	229	897	209	1087	149	612	
17	6	577	234	1024	1034	1058	860	310	312	193	865	1040	365	757	482	966	754	351	
10	6	734	689	726	300	928	188	692	843	899	941	
7	1	573	257	384	706	96	320	171	
9	2	198	115	889	473	376	404	43	699	387	
17	9	705	1080	314	925	357	837	1094	356	220	1002	1055	652	472	1051	295	976	373	
11	5	607	783	965	718	254	1110	713	47	1056	488	794	
12	6	294	878	264	753	250	30	1063	822	62	790	292	1023	
9	3	623	432	230	399	494	260	649	442	172	
10	5	333	558	249	545	491	1085	817	1006	628	496	
18	11	958	1120	22	7	537	919	927	911	1022	299	1116	869	120	945	282	34	708	507	
14	7	749	697	266	940	1096	702	155	46	521	343	425	788	664	367	
10	5	133	983	306	527	383	204	24	847	100	546	
10	7	610	1077	1052	509	223	132	355	14	651	352	
13	5	446	56	231	1045	716	603	582	177	1000	541	217	762	827	
13	7	388	273	1035	278	241	678	780	474	121	694	1083	78	97	
7	2	337	814	711	766	742	443	1065	
14	9	335	593	543	901	732	207	852	626	69	785	763	630	700	342	
5	4	778	759	159	548	28	
6	2	857	33	492	662	942	200	
11	4	599	750	169	114	1012	1042	1032	413	419	233	395	
14	5	363	206	1013	698	939	183	94	296	10	1054	84	991	438	981	
12	5	44	1031	244	304	1119	307	284	947	533	1066	743	937	
11	6	658	553	570	970	345	423	487	374	745	89	23	
11	3	851	633	436	400	846	807	907	568	308	859	45	
11	7	990	637	872	347	770	632	993	1102	571	232	39	
12	7	54	820	298	451	979	561	701	358	110	695	1073	746	
5	2	631	1036	123	185	986	
11	4	83	798	448	687	616	961	119	439	173	470	274	
10	4	529	567	170	103	106	624	1028	2	639	118	
10	7	903	331	648	800	562	625	297	261	920	957	
12	5	160	691	531	518	924	201	944	1075	262	517	898	581	
8	6	883	566	782	751	327	733	315	275	
10	6	930	877	499	111	641	210	659	386	154	913	
10	7	645	1011	933	211	167	152	354	501	72	286	
10	3	450	57	122	429	1038	1041	848	489	968	667	

1	60	259	291	446	573	577	607	645	705	722	761	776	804	851	861	880	
2	44	88	182	189	294	337	508	668	749	767	826	834	871	891	903	930	
3	5	25	56	145	257	289	335	378	461	464	480	565	598	599	629	658	
4	83	359	463	511	513	552	588	623	734	783	839	882	951	1001	1007	1031	
5	99	128	290	369	526	586	602	627	697	775	832	857	878	883	896	965	
6	55	363	408	432	450	538	605	679	758	808	821	830	863	867	958	988	
7	270	328	353	381	391	430	476	520	557	703	943	971	1046	1068	1080	1115	
8	54	234	283	314	316	465	556	566	675	798	893	996	1111	1112	1118	1120	
9	57	77	160	248	266	280	281	333	384	403	452	477	495	610	680	720	
10	48	230	263	264	302	331	460	558	593	689	781	820	925	990	1074	1082	
11	33	41	93	122	134	143	179	206	231	236	298	323	529	575	706	719	
12	52	151	244	269	415	490	523	525	669	696	718	723	740	750	926	936	
13	22	108	130	254	401	426	467	543	640	782	791	792	816	838	873	931	
14	7	38	51	109	370	388	412	447	553	631	916	995	1045	1077	1089	1095	
15	20	140	249	273	318	340	492	537	633	814	932	940	949	972	1108	1113	
16	305	380	451	665	673	711	716	805	919	973	1011	1013	1070	1092	1093	1110	
17	175	212	454	535	779	868	954	984	1027	1035	1044	1053	1059	1067	1076	1097	
18	107	117	539	620	637	648	653	698	772	842	870	906	969	1024	1036	1052	
19	63	127	133	350	379	459	567	572	587	589	835	915	964	1019	1034	1062	
20	9	137	170	332	357	448	530	545	713	735	747	753	917	948	952	997	
21	67	70	85	123	156	213	475	497	550	603	617	764	768	778	793	901	
22	144	169	218	338	344	349	368	506	570	614	646	800	801	939	960	1025	
23	146	150	208	214	278	285	329	562	582	660	806	858	872	998	1096	1103	
24	158	184	319	399	478	516	544	569	591	671	828	837	877	946	979	1088	
25	66	148	163	196	250	279	494	561	726	850	927	933	962	983	989	1017	
26	98	271	429	676	681	687	712	751	759	766	853	908	911	921	1010	1015	
27	37	114	131	165	198	258	421	434	536	547	549	584	738	1020	1048	1058	
28	30	247	288	414	491	509	615	654	684	691	702	732	739	809	860	914	
29	17	181	183	194	221	223	428	555	563	580	725	729	796	970	1060	1063	
30	49	71	104	115	136	229	436	531	625	672	701	879	909	975	980	1014	
31	94	105	400	510	532	559	727	897	1005	1022	1030	1037	1043	1086	1090	1094	
32	19	82	87	197	209	238	299	324	356	518	613	742	818	833	885	950	
33	26	180	195	203	211	220	241	310	325	336	606	647	771	875	889	924	
34	103	124	185	303	317	396	405	443	479	499	661	662	841	855	892	895	
35	18	74	113	306	327	334	347	358	390	560	810	840	846	978	1002	1038	
36	68	80	155	166	167	304	312	339	345	364	416	420	444	527	542	663	
37	31	50	207	321	411	616	678	744	770	942	963	992	1047	1055	1079	1085	
38	110	126	132	177	201	219	240	251	300	383	389	473	486	760	797	876	
39	47	59	260	296	346	360	407	528	655	737	844	852	1003	1098	1106	1109	
40	111	293	362	385	397	579	632	802	807	955	961	1104	1107	1116	1117	1119	
41	6	10	91	162	186	193	222	256	376	597	717	866	993	999	1000	1049	
42	21	341	366	540	601	609	626	638	736	780	819	865	928	974	1012	1041	
43	42	61	106	204	457	503	636	670	811	822	856	869	886	907	910	953	
44	40	58	65	75	120	188	190	307	427	512	551	568	596	618	643	682	
45	46	62	69	112	423	453	483	595	600	786	845	1033	1042	1056	1078	1081	
46	15	35	138	252	253	404	594	641	652	769	815	824	944	1004	1032	1057	
47	119	152	205	210	276	277	413	417	458	502	521	604	622	624	695	733	
48	272	297	308	315	574	784	785	789	795	823	1039	1040	1075	1087	1105	1114	
49	12	116	187	235	313	488	522	650	659	674	790	905	935	945	977	982	
50	16	102	262	311	398	440	441	487	505	592	666	763	848	854	859	1021	
51	125	149	159	472	474	517	630	649	721	728	794	836	938	967	1009	1028	
52	168	174	224	225	242	282	406	437	445	466	686	700	765	817	887	956	
53	45	142	261	284	287	309	330	377	514	692	1006	1054	1073	1084	1099	1102	
54	2	4	76	129	147	191	355	456	489	583	874	947	1018	1050	1051	1072	
55	84	121	164	202	295	343	365	371	410	419	541	611	656	752	812	912	
56	11	92	354	374	442	449	462	515	533	621	639	657	774	890	920	923	
57	8	53	192	199	227	292	348	422	501	694	741	757	843	968	985	1066	
58	14	43	72	90	118	135	157	217	386	418	468	524	612	688	704	773	
59	24	34	96	200	255	439	482	519	585	731	918	957	1008	1016	1026	1083	
60	161	226	239	268	372	382	425	484	498	548	651	699	847	881	976	1029	
61	78	101	265	275	320	424	504	571	590	690	710	724	755	787	829	894	
62	153	154	172	232	245	326	373	685	693	714	743	756	762	813	831	899	
63	13	86	233	322	352	393	485	564	745	799	904	941	966	986	991	994	
64	36	95	97	141	178	216	228	342	361	433	481	634	635	642	667	788	
65	27	29	32	39	89	173	394	578	628	664	683	715	888	900	1023	1069	
66	3	100	171	237	435	438	471	496	608	644	754	777	825	902	922	929	
67	64	79	395	431	455	470	546	576	708	898	959	981	987	1091	1100	1101	
68	81	215	286	351	367	392	500	619	864	884	934	937	1061	1064	1065	1071	
69	23	28	73	176	246	274	375	387	409	469	554	709	803	849	862	913	
70	1	139	243	267	301	402	493	507	534	581	677	707	730	746	748	827	

1	0	1	0	1	0	1	0	1	0	1	0	1	0	1	0	1	0	1	0	1	0	1	0	1	0	1	0	1	0	
1	0	0	1	0	1	0	1	0	1	0	1	0	1	0	0	1	1	0	1	0	1	0	1	0	1	0	1	0	1	
1	0	1	0	0	1	0	1	0	1	0	1	0	1	0	0	1	0	1	1	0	1	0	1	0	1	0	1	0	1	
1	0	1	0	1	0	0	1	0	1	0	1	0	1	0	0	1	0	1	0	1	1	0	1	0	1	0	1	0	1	
1	0	1	0	1	0	1	0	0	1	0	1	0	1	0	0	1	0	1	0	1	0	1	1	0	1	0	1	0	1	
1	0	1	0	1	0	1	0	1	0	0	1	0	1	0	0	1	0	1	0	1	0	1	0	1	1	0	1	0	1	
1	0	1	0	1	0	1	0	1	0	1	0	0	1	0	0	1	0	1	0	1	0	1	0	1	0	1	1	0	1	
1	0	1	0	1	0	1	0	1	0	1	0	1	0	0	0	1	0	1	0	1	0	1	0	1	0	1	0	1	1	
0	1	0	1	0	1	0	1	0	1	0	1	0	1	0	1	0	1	0	1	0	1	0	1	0	1	0	1	0	1	
0	1	1	0	1	0	1	0	1	0	1	0	1	0	1	1	0	0	1	0	1	0	1	0	1	0	1	0	1	0	
0	1	0	1	1	0	1	0	1	0	1	0	1	0	1	1	0	1	0	0	1	0	1	0	1	0	1	0	1	0	
0	1	0	1	0	1	1	0	1	0	1	0	1	0	1	1	0	1	0	1	0	0	1	0	1	0	1	0	1	0	
0	1	0	1	0	1	0	1	1	0	1	0	1	0	1	1	0	1	0	1	0	1	0	0	1	0	1	0	1	0	
0	1	0	1	0	1	0	1	0	1	1	0	1	0	1	1	0	1	0	1	0	1	0	1	0	0	1	0	1	0	
0	1	0	1	0	1	0	1	0	1	0	1	1	0	1	1	0	1	0	1	0	1	0	1	0	1	0	0	1	0	
0	1	0	1	0	1	0	1	0	1	0	1	0	1	1	1	0	1	0	1	0	1	0	1	0	1	0	1	0	0	
