1120	70	100	16

11	3	554	290	139	432	429	687	1070	214	519	6	185	
9	5	541	206	918	182	37	689	1045	416	1083	
12	6	955	651	349	757	49	564	317	140	524	1003	220	57	
15	6	1110	366	1047	834	816	542	489	663	352	977	907	991	163	679	495	
11	7	890	1073	847	464	476	747	846	523	3	1048	389	
7	4	973	11	85	280	536	951	1054	
8	5	614	965	1118	1089	1043	1075	751	187	
11	4	675	919	915	820	1044	998	980	1037	829	249	1000	
15	8	852	241	167	948	387	277	759	407	218	698	962	86	303	927	211	
13	8	860	184	634	1	785	136	610	419	540	364	841	801	272	
9	6	733	596	254	531	83	812	802	232	667	
12	8	826	440	719	251	436	910	818	781	1012	81	34	584	
12	4	811	102	92	691	1030	484	639	51	386	278	717	319	
10	6	1017	619	1106	648	43	573	168	369	797	252	
14	6	821	260	231	934	591	363	189	981	936	195	174	792	770	24	
10	4	615	1034	566	507	1099	760	970	963	32	287	
10	5	395	329	442	690	806	1098	643	401	765	420	
15	7	355	35	281	275	1080	630	510	105	780	194	124	659	412	100	565	
14	9	286	1097	198	207	891	638	676	91	233	47	338	625	1063	180	
8	6	323	854	950	426	468	529	672	283	
10	3	1031	938	309	921	665	217	430	1072	600	1079	
9	2	945	555	517	1069	270	982	78	452	262	
13	5	778	433	831	1021	69	1027	726	230	96	552	736	761	590	
15	6	775	664	1095	146	274	191	276	570	103	172	63	668	711	493	794	
10	5	886	993	173	117	479	649	134	415	65	578	
7	4	70	969	142	483	548	29	54	
12	5	551	279	485	118	928	588	650	545	301	813	93	161	
12	5	311	729	227	300	1096	1020	156	943	121	798	1062	137	
11	7	822	492	112	28	1058	739	575	487	803	975	1052	
10	6	505	730	27	41	658	1082	370	95	216	62	
9	6	64	1035	839	119	709	525	961	695	1006	
9	6	832	313	528	788	26	4	577	52	263	
11	4	209	872	1112	727	259	400	960	514	782	558	406	
15	7	396	480	941	120	878	827	337	268	488	903	986	297	153	265	562	
7	1	674	497	437	1004	56	25	439	
13	4	670	703	532	830	128	243	862	1040	1084	939	979	631	205	
9	2	98	859	417	1032	210	669	581	68	897	
16	8	660	342	576	704	864	435	718	409	48	714	294	44	267	996	472	881	
11	6	58	917	179	391	106	883	314	135	39	671	1107	
8	2	731	73	447	328	868	21	744	132	
8	6	817	18	256	589	456	1094	501	445	
10	7	952	482	721	728	1065	431	585	932	805	463	
14	8	553	346	30	632	544	66	190	916	849	680	224	593	753	89	
7	2	511	154	696	374	707	861	208	
8	4	602	789	1007	149	339	856	1028	843	
8	2	293	380	310	466	618	113	800	282	
7	4	202	985	833	1015	143	335	702	
7	1	876	458	750	475	1092	745	568	
13	6	942	332	613	692	987	448	959	365	640	533	502	599	1057	
8	2	1060	151	111	1087	774	160	123	681	
13	8	902	905	1061	712	974	678	255	604	994	538	188	491	1016	
16	9	771	373	33	978	478	764	261	306	289	410	115	126	784	1009	656	720	
17	10	236	450	411	756	257	221	357	196	512	222	264	356	72	414	547	390	238	
11	3	895	1019	772	1113	535	957	563	874	900	109	55	
9	2	244	393	87	848	506	791	75	622	623	
13	4	840	724	242	1116	677	296	53	594	922	844	2	1086	405	
7	3	424	13	1051	46	164	1050	894	
13	8	1120	810	1101	912	882	474	983	749	1103	795	341	228	697	
9	3	330	325	247	644	127	1022	947	428	865	
12	5	516	755	343	766	892	929	539	1064	1011	362	326	500	
9	2	543	455	304	920	402	877	383	561	899	
15	7	1093	995	1046	315	716	457	316	1005	438	397	706	1076	348	705	284	
6	3	673	1002	567	621	743	321	
18	11	937	773	906	50	90	481	394	647	340	984	758	595	777	219	880	76	508	1117	
11	5	351	42	776	253	367	923	318	944	453	654	36	
14	6	793	971	701	835	408	732	546	693	477	790	1067	1053	371	592	
6	4	291	700	857	662	108	968	
17	6	16	924	258	376	129	345	1042	240	580	269	110	537	855	530	503	235	653	
8	4	77	742	972	1033	646	358	559	288	
13	6	193	446	460	1036	914	302	305	509	14	837	324	819	1078	
12	5	12	327	606	1026	607	155	61	624	1085	60	461	769	
11	7	873	157	1108	114	741	141	583	526	823	579	375	
9	5	1081	201	935	469	40	836	1024	1114	67	
14	7	851	612	159	1104	799	1066	884	470	597	901	88	642	1119	838	
18	11	10	889	144	1056	748	381	473	333	641	611	655	1091	964	616	1077	786	1041	229	
10	4	617	896	1010	1102	379	628	459	150	815	498	
6	1	192	15	723	223	954	885	
12	5	1001	441	204	866	661	572	147	200	347	331	322	713	
15	9	465	582	804	496	467	888	74	779	271	1090	521	84	609	879	992	
21	8	377	226	1074	686	652	372	378	312	354	768	130	104	307	186	737	266	893	699	80	1109	225	
7	5	388	308	427	683	444	382	148	
8	2	762	605	181	557	752	22	601	518	
7	5	988	8	814	175	298	97	571	
15	7	863	722	1111	197	399	620	133	359	556	94	7	215	486	549	633	
6	4	958	101	735	177	418	953	
14	6	990	913	845	763	858	398	694	738	911	808	708	1029	471	513	
14	9	212	122	550	1025	940	1100	871	1071	162	966	199	166	499	682	
12	5	82	522	273	828	949	125	248	725	169	403	807	909	
6	3	685	353	1068	688	31	825	
11	7	138	404	107	71	462	451	38	344	20	79	1018	
8	5	930	292	629	361	1014	295	59	494	
14	9	824	626	504	116	1038	176	637	933	587	853	754	171	423	875	
7	2	926	1023	250	574	635	1059	392	
17	9	527	285	520	246	842	809	245	734	608	490	1115	425	710	586	385	976	666	
14	8	715	9	887	1049	234	603	17	569	368	1088	454	413	336	5	
12	7	867	99	598	534	213	796	684	434	967	946	145	45	
15	6	787	898	1055	203	1008	627	23	421	904	131	645	1105	384	767	350	
10	4	178	152	19	1013	449	956	299	908	443	869	
11	4	925	237	870	320	560	334	636	989	239	746	740	
14	8	170	850	997	1039	999	783	360	931	657	158	515	165	183	422	

1	212	236	377	395	465	516	551	614	715	771	775	793	811	840	852	863	
2	58	82	291	311	323	351	450	554	675	824	886	890	926	930	942	955	
3	9	10	98	286	329	330	388	541	626	722	724	822	826	854	860	867	
4	12	16	122	332	355	396	442	505	522	615	729	778	919	945	973	990	
5	42	178	227	290	373	424	550	582	664	670	674	731	887	889	965	1001	
6	11	35	244	325	660	703	804	851	915	917	937	950	952	1025	1031	1049	
7	33	64	70	77	226	242	279	342	393	426	527	553	612	673	733	876	
8	85	281	308	346	504	690	730	873	993	1017	1023	1060	1074	1081	1110	1111	
9	170	250	485	511	576	619	742	895	958	971	1034	1093	1095	1097	1118	1120	
10	27	159	173	241	285	327	366	441	555	566	602	686	925	969	972	988	
11	13	87	118	139	144	146	151	179	206	300	411	427	458	497	685	704	
12	102	116	138	142	198	273	292	293	433	651	701	913	928	1019	1047	1056	
13	41	73	99	117	167	202	204	480	483	517	617	756	773	850	859	902	
14	30	154	184	274	404	447	496	507	606	613	652	762	776	821	828	834	
15	101	107	201	234	237	247	479	520	605	629	658	700	748	845	864	924	
16	92	152	192	197	275	435	603	789	810	848	906	940	941	949	995	997	
17	50	207	257	417	440	467	492	691	692	696	905	1039	1073	1089	1106	1116	
18	8	90	157	246	260	328	353	381	399	632	831	896	1080	1099	1100	1101	
19	349	380	548	648	677	683	719	735	816	820	870	871	888	912	1007	1046	
20	74	221	231	372	391	473	543	598	718	842	891	978	1021	1033	1043	1044	
21	17	120	149	193	310	478	574	779	832	847	934	938	998	1032	1051	1061	
22	271	446	588	596	620	630	763	787	835	948	987	999	1026	1038	1096	1104	
23	125	177	210	251	253	254	313	333	387	448	455	466	481	591	607	644	
24	209	258	277	361	367	394	408	409	460	482	712	757	764	878	980	1002	
25	69	191	296	531	532	721	772	799	806	1014	1020	1036	1071	1082	1090	1108	
26	48	49	71	106	133	261	437	750	858	872	914	918	974	985	1027	1030	
27	46	83	114	162	304	376	378	432	646	649	759	814	827	866	898	1010	
28	19	53	112	276	302	312	315	337	370	407	534	542	726	732	882	920	
29	28	43	129	354	398	564	569	618	641	755	923	1055	1069	1098	1112	1113	
30	15	305	402	418	475	489	510	544	570	611	638	678	714	768	817	883	
31	29	66	130	164	268	320	357	358	468	521	528	546	567	573	594	650	
32	105	127	155	196	317	363	462	545	647	663	723	728	809	812	830	833	
33	113	168	182	189	218	280	306	340	359	474	716	727	788	857	922	935	
34	18	26	37	103	111	156	190	289	368	429	488	512	655	661	662	676	
35	91	172	222	255	352	457	509	560	572	621	634	643	693	694	844	984	
36	1	128	140	181	213	245	248	301	374	436	451	556	698	758	780	783	
37	63	203	259	295	316	318	334	343	345	669	734	813	962	977	981	1013	
38	104	134	176	314	449	464	738	741	743	760	868	936	943	1005	1068	1091	
39	95	121	243	264	360	400	401	438	910	1015	1035	1037	1066	1087	1092	1102	
40	61	84	309	379	595	635	637	689	766	839	862	877	911	956	970	1008	
41	4	94	143	223	294	307	410	484	506	581	608	628	636	687	964	1040	
42	147	194	230	616	668	725	777	785	808	903	931	966	1042	1045	1058	1070	
43	7	21	68	186	233	240	356	397	415	490	535	604	798	907	921	933	
44	44	299	321	559	577	627	706	708	897	916	983	989	994	1004	1022	1077	
45	23	56	96	216	239	267	469	477	624	639	774	957	959	986	1029	1075	
46	59	141	270	335	529	587	665	745	796	802	884	991	1062	1065	1084	1088	
47	38	40	47	93	115	119	200	421	470	737	739	746	749	791	892	960	
48	75	126	169	214	215	339	476	536	538	597	790	939	947	1085	1103	1115	
49	2	160	163	256	297	383	425	431	454	583	709	795	853	904	929	944	
50	14	51	54	131	344	403	524	525	539	552	580	585	609	710	818	856	
51	72	137	188	219	338	622	645	684	711	747	800	837	954	982	1059	1064	
52	60	78	124	135	195	365	575	672	781	846	901	932	951	953	961	963	
53	20	25	52	324	341	386	414	471	519	657	695	736	805	880	908	979	
54	6	108	136	153	174	175	228	413	461	523	547	557	625	786	829	849	
55	39	65	76	79	199	266	278	347	369	463	493	514	707	761	784	792	
56	88	249	269	434	452	459	526	563	586	688	836	893	1003	1009	1067	1076	
57	348	385	428	487	589	610	640	770	823	967	996	1011	1012	1041	1053	1063	
58	3	180	232	282	362	419	533	561	631	656	659	699	754	782	807	861	
59	32	81	158	166	220	390	456	502	671	717	803	819	865	879	946	1024	
60	24	80	86	298	319	439	443	486	491	623	1028	1048	1078	1094	1107	1114	
61	123	150	171	371	453	472	540	680	752	794	968	976	1050	1086	1105	1109	
62	22	161	217	224	263	303	331	336	384	416	508	513	515	590	681	697	
63	57	97	110	262	326	568	593	705	744	797	815	881	899	927	1000	1016	
64	34	165	185	288	364	405	423	430	500	537	578	601	654	666	667	702	
65	145	205	225	287	501	579	642	679	767	843	855	874	909	975	1054	1072	
66	183	283	389	412	444	495	530	765	841	869	900	992	1018	1052	1117	1119	
67	45	109	208	322	350	375	420	499	503	571	584	753	875	885	894	1083	
68	31	55	67	89	100	211	229	235	265	284	382	392	422	445	549	558	
69	36	62	238	252	498	518	565	599	600	633	653	682	713	751	769	801	
70	5	132	148	187	272	406	494	562	592	720	740	825	838	1006	1057	1079	

1	0	1	0	1	0	1	0	1	0	1	0	1	0	1	0	1	0	1	0	1	0	1	0	1	0	1	0	1	0	
1	0	0	1	0	1	0	1	0	1	0	1	0	1	0	0	1	1	0	1	0	1	0	1	0	1	0	1	0	1	
1	0	1	0	0	1	0	1	0	1	0	1	0	1	0	0	1	0	1	1	0	1	0	1	0	1	0	1	0	1	
1	0	1	0	1	0	0	1	0	1	0	1	0	1	0	0	1	0	1	0	1	1	0	1	0	1	0	1	0	1	
1	0	1	0	1	0	1	0	0	1	0	1	0	1	0	0	1	0	1	0	1	0	1	1	0	1	0	1	0	1	
1	0	1	0	1	0	1	0	1	0	0	1	0	1	0	0	1	0	1	0	1	0	1	0	1	1	0	1	0	1	
1	0	1	0	1	0	1	0	1	0	1	0	0	1	0	0	1	0	1	0	1	0	1	0	1	0	1	1	0	1	
1	0	1	0	1	0	1	0	1	0	1	0	1	0	0	0	1	0	1	0	1	0	1	0	1	0	1	0	1	1	
0	1	0	1	0	1	0	1	0	1	0	1	0	1	0	1	0	1	0	1	0	1	0	1	0	1	0	1	0	1	
0	1	1	0	1	0	1	0	1	0	1	0	1	0	1	1	0	0	1	0	1	0	1	0	1	0	1	0	1	0	
0	1	0	1	1	0	1	0	1	0	1	0	1	0	1	1	0	1	0	0	1	0	1	0	1	0	1	0	1	0	
0	1	0	1	0	1	1	0	1	0	1	0	1	0	1	1	0	1	0	1	0	0	1	0	1	0	1	0	1	0	
0	1	0	1	0	1	0	1	1	0	1	0	1	0	1	1	0	1	0	1	0	1	0	0	1	0	1	0	1	0	
0	1	0	1	0	1	0	1	0	1	1	0	1	0	1	1	0	1	0	1	0	1	0	1	0	0	1	0	1	0	
0	1	0	1	0	1	0	1	0	1	0	1	1	0	1	1	0	1	0	1	0	1	0	1	0	1	0	0	1	0	
0	1	0	1	0	1	0	1	0	1	0	1	0	1	1	1	0	1	0	1	0	1	0	1	0	1	0	1	0	0	
