128	8	25	16

5	1	66	86	19	61	51	
3	2	7	42	82	
4	2	50	112	30	126	
5	4	47	24	27	92	122	
6	5	107	9	88	65	105	96	
6	1	125	72	31	54	44	49	
7	2	46	123	13	22	69	67	17	
5	2	23	4	34	76	58	
6	5	110	128	10	116	119	36	
6	1	73	114	71	68	33	37	
6	2	41	77	6	40	60	48	
6	2	52	29	57	79	97	101	
5	4	117	5	26	103	74	
6	1	85	62	78	106	1	25	
2	1	95	90	
5	4	99	45	81	113	87	
5	1	104	15	100	70	98	
7	3	102	115	109	75	93	59	89	
4	2	2	83	16	91	
6	2	38	18	14	39	124	118	
5	2	12	120	55	56	121	
3	1	35	20	3	
5	3	94	63	21	43	111	
4	3	127	64	32	108	
6	1	28	53	84	11	8	80	

1	7	23	35	38	47	50	52	66	73	94	99	102	104	107	125	127	
2	4	9	12	18	28	29	41	45	46	63	72	85	95	110	115	117	
3	5	14	15	42	53	62	64	77	86	90	109	112	114	120	123	128	
4	2	6	13	21	30	31	32	34	55	57	71	78	81	82	84	88	
5	10	11	19	20	22	24	26	40	43	54	65	75	76	79	100	113	
6	27	39	56	58	60	61	68	69	83	93	97	105	106	108	111	116	
7	1	8	16	33	44	48	59	67	70	92	96	101	103	119	124	126	
8	3	17	25	36	37	49	51	74	80	87	89	91	98	118	121	122	

1	0	1	0	1	0	1	0	1	0	1	0	1	0	1	0	1	0	1	0	1	0	1	0	1	0	1	0	1	0	
1	0	0	1	0	1	0	1	0	1	0	1	0	1	0	0	1	1	0	1	0	1	0	1	0	1	0	1	0	1	
1	0	1	0	0	1	0	1	0	1	0	1	0	1	0	0	1	0	1	1	0	1	0	1	0	1	0	1	0	1	
1	0	1	0	1	0	0	1	0	1	0	1	0	1	0	0	1	0	1	0	1	1	0	1	0	1	0	1	0	1	
1	0	1	0	1	0	1	0	0	1	0	1	0	1	0	0	1	0	1	0	1	0	1	1	0	1	0	1	0	1	
1	0	1	0	1	0	1	0	1	0	0	1	0	1	0	0	1	0	1	0	1	0	1	0	1	1	0	1	0	1	
1	0	1	0	1	0	1	0	1	0	1	0	0	1	0	0	1	0	1	0	1	0	1	0	1	0	1	1	0	1	
1	0	1	0	1	0	1	0	1	0	1	0	1	0	0	0	1	0	1	0	1	0	1	0	1	0	1	0	1	1	
0	1	0	1	0	1	0	1	0	1	0	1	0	1	0	1	0	1	0	1	0	1	0	1	0	1	0	1	0	1	
0	1	1	0	1	0	1	0	1	0	1	0	1	0	1	1	0	0	1	0	1	0	1	0	1	0	1	0	1	0	
0	1	0	1	1	0	1	0	1	0	1	0	1	0	1	1	0	1	0	0	1	0	1	0	1	0	1	0	1	0	
0	1	0	1	0	1	1	0	1	0	1	0	1	0	1	1	0	1	0	1	0	0	1	0	1	0	1	0	1	0	
0	1	0	1	0	1	0	1	1	0	1	0	1	0	1	1	0	1	0	1	0	1	0	0	1	0	1	0	1	0	
0	1	0	1	0	1	0	1	0	1	1	0	1	0	1	1	0	1	0	1	0	1	0	1	0	0	1	0	1	0	
0	1	0	1	0	1	0	1	0	1	0	1	1	0	1	1	0	1	0	1	0	1	0	1	0	1	0	0	1	0	
0	1	0	1	0	1	0	1	0	1	0	1	0	1	1	1	0	1	0	1	0	1	0	1	0	1	0	1	0	0	
