128	8	25	16

6	1	21	51	55	79	108	120	
6	5	19	39	62	115	3	127	
3	1	57	80	29	
8	2	37	40	96	121	95	93	101	118	
5	3	111	10	72	38	16	
6	5	116	52	49	104	4	44	
4	4	17	71	5	8	
6	1	128	84	58	41	85	53	
4	3	119	24	34	110	
6	2	105	30	42	90	63	125	
6	1	54	82	14	102	70	2	
3	2	83	65	46	
6	1	28	100	117	6	7	22	
3	1	124	18	1	
5	1	48	11	32	68	89	
4	3	112	31	25	107	
4	3	9	66	15	91	
5	1	27	126	77	88	26	
5	4	81	60	23	78	43	
5	4	56	114	86	67	98	
7	1	64	12	109	47	50	94	13	
6	4	103	20	99	69	45	113	
5	4	61	36	35	92	97	
6	1	73	59	76	87	33	123	
4	2	75	122	106	74	

1	9	19	21	27	37	48	56	61	64	75	81	103	105	111	112	116	
2	10	11	12	20	28	30	31	36	39	40	51	52	54	57	60	73	
3	25	35	49	55	59	62	80	82	96	99	100	109	119	122	126	128	
4	14	17	23	32	42	66	72	76	77	83	84	92	115	117	121	124	
5	3	6	15	24	47	58	68	69	71	87	90	95	104	106	107	114	
6	4	5	7	18	34	38	41	45	50	65	78	79	86	88	93	102	
7	8	22	29	33	46	63	67	70	74	85	89	94	97	101	108	110	
8	1	2	13	16	26	43	44	53	91	98	113	118	120	123	125	127	

1	0	1	0	1	0	1	0	1	0	1	0	1	0	1	0	1	0	1	0	1	0	1	0	1	0	1	0	1	0	
1	0	0	1	0	1	0	1	0	1	0	1	0	1	0	0	1	1	0	1	0	1	0	1	0	1	0	1	0	1	
1	0	1	0	0	1	0	1	0	1	0	1	0	1	0	0	1	0	1	1	0	1	0	1	0	1	0	1	0	1	
1	0	1	0	1	0	0	1	0	1	0	1	0	1	0	0	1	0	1	0	1	1	0	1	0	1	0	1	0	1	
1	0	1	0	1	0	1	0	0	1	0	1	0	1	0	0	1	0	1	0	1	0	1	1	0	1	0	1	0	1	
1	0	1	0	1	0	1	0	1	0	0	1	0	1	0	0	1	0	1	0	1	0	1	0	1	1	0	1	0	1	
1	0	1	0	1	0	1	0	1	0	1	0	0	1	0	0	1	0	1	0	1	0	1	0	1	0	1	1	0	1	
1	0	1	0	1	0	1	0	1	0	1	0	1	0	0	0	1	0	1	0	1	0	1	0	1	0	1	0	1	1	
0	1	0	1	0	1	0	1	0	1	0	1	0	1	0	1	0	1	0	1	0	1	0	1	0	1	0	1	0	1	
0	1	1	0	1	0	1	0	1	0	1	0	1	0	1	1	0	0	1	0	1	0	1	0	1	0	1	0	1	0	
0	1	0	1	1	0	1	0	1	0	1	0	1	0	1	1	0	1	0	0	1	0	1	0	1	0	1	0	1	0	
0	1	0	1	0	1	1	0	1	0	1	0	1	0	1	1	0	1	0	1	0	0	1	0	1	0	1	0	1	0	
0	1	0	1	0	1	0	1	1	0	1	0	1	0	1	1	0	1	0	1	0	1	0	0	1	0	1	0	1	0	
0	1	0	1	0	1	0	1	0	1	1	0	1	0	1	1	0	1	0	1	0	1	0	1	0	0	1	0	1	0	
0	1	0	1	0	1	0	1	0	1	0	1	1	0	1	1	0	1	0	1	0	1	0	1	0	1	0	0	1	0	
0	1	0	1	0	1	0	1	0	1	0	1	0	1	1	1	0	1	0	1	0	1	0	1	0	1	0	1	0	0	
