128	8	25	16

4	1	86	53	78	106	
6	4	2	88	55	118	6	97	
7	1	109	26	41	80	102	124	11	
5	1	108	93	116	73	7	
5	4	117	119	15	57	48	
5	4	27	37	66	123	60	
5	4	8	122	114	22	10	
6	5	127	54	89	75	13	3	
5	4	21	34	1	83	28	
6	5	128	105	50	74	104	12	
7	1	126	24	91	17	44	94	68	
4	1	16	110	47	33	
4	3	38	101	111	64	
3	3	70	62	121	
5	3	67	79	30	71	92	
4	3	87	19	42	69	
6	5	125	32	81	77	14	112	
6	4	5	18	49	61	51	113	
6	1	90	107	4	29	72	103	
3	3	43	120	98	
7	5	9	58	115	52	39	99	100	
5	4	82	36	63	46	76	
4	2	96	65	31	59	
4	2	56	20	23	84	
6	5	35	85	40	25	45	95	

1	2	5	9	16	21	56	70	90	96	108	109	117	125	126	127	128	
2	8	18	20	24	26	32	35	38	58	62	67	86	87	88	93	110	
3	23	27	34	41	53	54	55	65	81	82	85	91	105	107	115	122	
4	4	17	37	43	47	49	50	77	79	80	84	89	116	118	119	121	
5	1	14	15	29	30	33	36	40	52	61	66	73	75	101	102	114	
6	6	13	19	22	25	31	39	44	51	57	63	71	72	74	78	83	
7	3	7	42	45	46	94	97	99	104	106	111	112	113	120	123	124	
8	10	11	12	28	48	59	60	64	68	69	76	92	95	98	100	103	

1	0	1	0	1	0	1	0	1	0	1	0	1	0	1	0	1	0	1	0	1	0	1	0	1	0	1	0	1	0	
1	0	0	1	0	1	0	1	0	1	0	1	0	1	0	0	1	1	0	1	0	1	0	1	0	1	0	1	0	1	
1	0	1	0	0	1	0	1	0	1	0	1	0	1	0	0	1	0	1	1	0	1	0	1	0	1	0	1	0	1	
1	0	1	0	1	0	0	1	0	1	0	1	0	1	0	0	1	0	1	0	1	1	0	1	0	1	0	1	0	1	
1	0	1	0	1	0	1	0	0	1	0	1	0	1	0	0	1	0	1	0	1	0	1	1	0	1	0	1	0	1	
1	0	1	0	1	0	1	0	1	0	0	1	0	1	0	0	1	0	1	0	1	0	1	0	1	1	0	1	0	1	
1	0	1	0	1	0	1	0	1	0	1	0	0	1	0	0	1	0	1	0	1	0	1	0	1	0	1	1	0	1	
1	0	1	0	1	0	1	0	1	0	1	0	1	0	0	0	1	0	1	0	1	0	1	0	1	0	1	0	1	1	
0	1	0	1	0	1	0	1	0	1	0	1	0	1	0	1	0	1	0	1	0	1	0	1	0	1	0	1	0	1	
0	1	1	0	1	0	1	0	1	0	1	0	1	0	1	1	0	0	1	0	1	0	1	0	1	0	1	0	1	0	
0	1	0	1	1	0	1	0	1	0	1	0	1	0	1	1	0	1	0	0	1	0	1	0	1	0	1	0	1	0	
0	1	0	1	0	1	1	0	1	0	1	0	1	0	1	1	0	1	0	1	0	0	1	0	1	0	1	0	1	0	
0	1	0	1	0	1	0	1	1	0	1	0	1	0	1	1	0	1	0	1	0	1	0	0	1	0	1	0	1	0	
0	1	0	1	0	1	0	1	0	1	1	0	1	0	1	1	0	1	0	1	0	1	0	1	0	0	1	0	1	0	
0	1	0	1	0	1	0	1	0	1	0	1	1	0	1	1	0	1	0	1	0	1	0	1	0	1	0	0	1	0	
0	1	0	1	0	1	0	1	0	1	0	1	0	1	1	1	0	1	0	1	0	1	0	1	0	1	0	1	0	0	
