128	8	25	16

5	3	64	63	62	88	7	
5	1	102	115	84	33	80	
5	1	105	70	123	41	1	
7	2	57	55	30	82	78	97	101	
6	2	22	91	128	15	46	48	
1	1	12	
2	2	107	40	
8	2	43	94	99	75	53	86	31	110	
6	3	104	121	21	19	37	32	
4	3	74	28	6	122	
6	1	11	2	51	87	25	89	
5	1	83	108	125	13	27	
6	1	52	10	113	60	38	72	
4	3	8	98	9	71	
5	2	36	66	18	5	69	
6	3	3	111	42	116	58	77	
7	4	68	4	117	17	118	35	106	
6	2	103	45	90	20	67	81	
7	1	39	61	100	120	65	47	79	
3	1	34	127	109	
3	2	124	49	24	
5	2	56	119	92	85	96	
4	2	54	44	29	23	
6	2	16	114	126	93	50	26	
6	3	73	95	76	14	59	112	

1	3	11	16	36	39	43	52	54	57	64	68	73	83	102	104	105	
2	2	4	8	22	55	56	61	74	94	95	103	107	108	111	114	124	
3	10	30	34	42	45	51	63	70	76	91	98	99	100	115	117	121	
4	12	14	17	21	44	75	84	87	90	113	119	123	125	126	127	128	
5	13	15	19	20	29	49	53	60	62	66	82	92	93	116	118	120	
6	9	18	24	28	33	35	37	38	41	46	58	59	65	78	85	86	
7	5	6	25	27	31	40	47	50	67	71	80	88	96	97	106	109	
8	1	7	23	26	32	48	69	72	77	79	81	89	101	110	112	122	

1	0	1	0	1	0	1	0	1	0	1	0	1	0	1	0	1	0	1	0	1	0	1	0	1	0	1	0	1	0	
1	0	0	1	0	1	0	1	0	1	0	1	0	1	0	0	1	1	0	1	0	1	0	1	0	1	0	1	0	1	
1	0	1	0	0	1	0	1	0	1	0	1	0	1	0	0	1	0	1	1	0	1	0	1	0	1	0	1	0	1	
1	0	1	0	1	0	0	1	0	1	0	1	0	1	0	0	1	0	1	0	1	1	0	1	0	1	0	1	0	1	
1	0	1	0	1	0	1	0	0	1	0	1	0	1	0	0	1	0	1	0	1	0	1	1	0	1	0	1	0	1	
1	0	1	0	1	0	1	0	1	0	0	1	0	1	0	0	1	0	1	0	1	0	1	0	1	1	0	1	0	1	
1	0	1	0	1	0	1	0	1	0	1	0	0	1	0	0	1	0	1	0	1	0	1	0	1	0	1	1	0	1	
1	0	1	0	1	0	1	0	1	0	1	0	1	0	0	0	1	0	1	0	1	0	1	0	1	0	1	0	1	1	
0	1	0	1	0	1	0	1	0	1	0	1	0	1	0	1	0	1	0	1	0	1	0	1	0	1	0	1	0	1	
0	1	1	0	1	0	1	0	1	0	1	0	1	0	1	1	0	0	1	0	1	0	1	0	1	0	1	0	1	0	
0	1	0	1	1	0	1	0	1	0	1	0	1	0	1	1	0	1	0	0	1	0	1	0	1	0	1	0	1	0	
0	1	0	1	0	1	1	0	1	0	1	0	1	0	1	1	0	1	0	1	0	0	1	0	1	0	1	0	1	0	
0	1	0	1	0	1	0	1	1	0	1	0	1	0	1	1	0	1	0	1	0	1	0	0	1	0	1	0	1	0	
0	1	0	1	0	1	0	1	0	1	1	0	1	0	1	1	0	1	0	1	0	1	0	1	0	0	1	0	1	0	
0	1	0	1	0	1	0	1	0	1	0	1	1	0	1	1	0	1	0	1	0	1	0	1	0	1	0	0	1	0	
0	1	0	1	0	1	0	1	0	1	0	1	0	1	1	1	0	1	0	1	0	1	0	1	0	1	0	1	0	0	
