128	8	25	16

4	2	78	102	90	73	
6	5	22	48	70	80	32	104	
5	1	105	63	95	58	14	
7	4	47	124	34	65	97	107	121	
4	1	44	116	42	46	
6	1	11	91	115	30	54	109	
7	3	19	75	40	84	57	27	79	
5	1	20	39	92	62	3	
5	3	55	16	89	76	128	
5	1	17	111	50	82	108	
4	3	7	15	28	85	
6	5	41	103	4	66	36	93	
6	2	13	123	74	77	8	37	
7	4	67	18	87	61	72	119	120	
3	1	23	100	125	
5	2	118	21	33	51	127	
5	2	56	96	101	59	38	
5	1	71	60	35	64	49	
4	4	9	45	52	112	
5	4	53	122	43	5	2	
3	1	94	25	88	
4	1	126	117	26	31	
4	1	69	12	99	106	
5	4	68	110	10	98	1	
8	5	86	113	6	81	83	24	114	29	

1	11	13	17	19	22	23	41	44	47	53	55	56	67	68	78	86	
2	9	18	20	71	75	91	96	100	103	105	113	116	122	123	124	126	
3	6	7	34	39	40	42	48	60	63	87	101	110	111	115	117	118	
4	4	10	21	43	46	50	61	65	69	70	74	81	84	94	95	102	
5	15	16	25	30	33	35	45	57	59	66	72	77	80	82	83	90	
6	5	12	24	26	28	32	36	52	54	58	64	73	89	92	97	98	
7	1	8	27	38	49	51	62	76	88	99	104	107	108	109	114	119	
8	2	3	14	29	31	37	79	85	93	106	112	120	121	125	127	128	

1	0	1	0	1	0	1	0	1	0	1	0	1	0	1	0	1	0	1	0	1	0	1	0	1	0	1	0	1	0	
1	0	0	1	0	1	0	1	0	1	0	1	0	1	0	0	1	1	0	1	0	1	0	1	0	1	0	1	0	1	
1	0	1	0	0	1	0	1	0	1	0	1	0	1	0	0	1	0	1	1	0	1	0	1	0	1	0	1	0	1	
1	0	1	0	1	0	0	1	0	1	0	1	0	1	0	0	1	0	1	0	1	1	0	1	0	1	0	1	0	1	
1	0	1	0	1	0	1	0	0	1	0	1	0	1	0	0	1	0	1	0	1	0	1	1	0	1	0	1	0	1	
1	0	1	0	1	0	1	0	1	0	0	1	0	1	0	0	1	0	1	0	1	0	1	0	1	1	0	1	0	1	
1	0	1	0	1	0	1	0	1	0	1	0	0	1	0	0	1	0	1	0	1	0	1	0	1	0	1	1	0	1	
1	0	1	0	1	0	1	0	1	0	1	0	1	0	0	0	1	0	1	0	1	0	1	0	1	0	1	0	1	1	
0	1	0	1	0	1	0	1	0	1	0	1	0	1	0	1	0	1	0	1	0	1	0	1	0	1	0	1	0	1	
0	1	1	0	1	0	1	0	1	0	1	0	1	0	1	1	0	0	1	0	1	0	1	0	1	0	1	0	1	0	
0	1	0	1	1	0	1	0	1	0	1	0	1	0	1	1	0	1	0	0	1	0	1	0	1	0	1	0	1	0	
0	1	0	1	0	1	1	0	1	0	1	0	1	0	1	1	0	1	0	1	0	0	1	0	1	0	1	0	1	0	
0	1	0	1	0	1	0	1	1	0	1	0	1	0	1	1	0	1	0	1	0	1	0	0	1	0	1	0	1	0	
0	1	0	1	0	1	0	1	0	1	1	0	1	0	1	1	0	1	0	1	0	1	0	1	0	0	1	0	1	0	
0	1	0	1	0	1	0	1	0	1	0	1	1	0	1	1	0	1	0	1	0	1	0	1	0	1	0	0	1	0	
0	1	0	1	0	1	0	1	0	1	0	1	0	1	1	1	0	1	0	1	0	1	0	1	0	1	0	1	0	0	
