400	100	50	4

8	3	139	89	323	336	13	334	60	389	
5	2	296	91	195	58	288	
4	4	27	169	278	104	
4	4	114	383	312	121	
12	6	365	398	258	86	1	259	158	384	316	53	57	342	
4	3	122	343	290	388	
10	3	276	373	67	346	254	161	71	318	116	292	
10	4	367	239	391	45	376	355	366	270	274	190	
6	2	375	314	197	300	275	15	
16	7	229	348	250	285	221	179	173	17	132	204	75	392	153	233	62	80	
8	2	344	85	84	395	47	256	117	43	
10	7	385	2	205	25	379	134	54	50	109	286	
7	5	70	260	151	199	118	35	20	
4	2	372	159	240	119	
4	4	11	272	66	242	
7	1	369	291	223	142	281	282	16	
7	4	234	220	61	82	236	98	32	
15	7	188	113	120	377	302	266	102	211	354	172	209	97	359	74	394	
9	5	186	269	363	147	353	261	320	349	253	
9	4	133	396	83	81	262	155	252	338	69	
8	3	141	7	370	18	156	304	374	106	
5	1	56	14	152	108	88	
7	1	73	124	246	371	351	207	289	
5	4	126	93	295	49	137	
9	3	42	297	99	358	360	146	307	303	347	
6	4	163	399	305	326	95	40	
7	2	171	212	129	34	345	243	72	
13	6	279	103	125	378	298	393	78	33	112	244	215	241	362	
9	4	368	340	235	128	203	227	59	327	226	
3	2	185	100	257	
4	1	77	184	176	167	
7	3	400	192	24	277	162	177	41	
13	4	271	322	149	341	4	5	216	299	51	294	311	21	22	
14	8	191	224	180	331	397	339	194	12	29	268	111	44	182	164	
10	5	225	352	6	387	65	189	264	68	219	10	
11	7	157	39	222	238	313	337	94	328	36	48	101	
11	5	231	183	356	148	255	26	329	210	123	273	198	
8	2	105	8	263	213	37	232	92	136	
6	2	178	127	361	130	76	193	
9	5	170	87	249	248	63	202	201	321	310	
9	5	31	317	166	160	143	315	382	187	52	
8	2	217	265	283	380	200	168	46	206	
7	2	28	267	230	332	237	38	144	
5	2	110	181	23	175	350	
6	3	107	251	333	309	390	214	
12	4	174	287	154	319	19	293	30	228	247	140	357	308	
7	2	218	196	145	96	301	79	381	
8	2	280	64	135	3	150	364	335	386	
8	3	208	306	131	284	325	115	165	330	
6	1	9	324	55	138	245	90	

1	42	344	368	372	
2	157	225	279	385	
3	85	133	188	231	
4	110	183	208	280	
5	73	103	163	296	
6	2	28	70	229	
7	11	174	205	271	
8	31	77	217	276	
9	113	124	348	356	
10	186	352	365	367	
11	56	64	120	125	
12	250	317	399	400	
13	122	340	373	377	
14	192	297	302	306	
15	135	178	239	267	
16	39	148	166	285	
17	6	221	246	287	
18	84	105	387	391	
19	170	322	395	398	
20	149	154	234	265	
21	235	258	266	341	
22	4	67	139	191	
23	141	179	269	378	
24	45	127	160	218	
25	107	173	222	343	
26	251	272	298	363	
27	3	91	224	260	
28	25	87	196	283	
29	17	102	143	147	
30	5	24	180	184	
31	9	176	331	379	
32	27	86	99	131	
33	169	171	249	319	
34	145	284	371	375	
35	89	181	353	396	
36	83	220	248	305	
37	7	8	151	211	
38	199	212	393	397	
39	129	263	325	354	
40	63	81	261	314	
41	19	96	159	216	
42	293	299	323	346	
43	23	34	150	277	
44	51	78	238	290	
45	1	65	172	240	
46	195	197	315	369	
47	189	326	339	380	
48	58	114	134	185	
49	30	254	259	336	
50	100	118	126	158	
51	128	278	313	384	
52	95	115	262	264	
53	93	132	194	203	
54	54	200	294	361	
55	130	301	370	376	
56	33	230	358	364	
57	12	112	228	255	
58	13	61	161	247	
59	204	244	316	332	
60	155	175	324	355	
61	202	227	291	337	
62	76	201	213	300	
63	140	295	345	366	
64	18	49	68	71	
65	26	53	215	237	
66	318	320	329	335	
67	37	209	219	350	
68	38	55	75	210	
69	47	57	168	270	
70	40	59	288	333	
71	357	382	388	392	
72	349	360	383	386	
73	223	232	257	274	
74	14	116	153	243	
75	94	312	327	334	
76	50	256	321	328	
77	92	123	138	152	
78	60	82	109	156	
79	29	46	108	121	
80	117	236	241	311	
81	142	167	268	275	
82	36	136	146	252	
83	193	307	308	338	
84	10	119	206	304	
85	233	303	310	351	
86	15	79	98	111	
87	35	72	165	187	
88	162	207	273	281	
89	226	342	362	381	
90	66	245	253	282	
91	21	44	88	330	
92	52	190	242	347	
93	48	69	97	289	
94	20	137	144	309	
95	43	104	359	390	
96	22	74	182	286	
97	16	164	292	374	
98	32	62	106	214	
99	177	198	389	394	
100	41	80	90	101	

1	1	0	0	1	0	
0	1	0	1	1	0	
0	0	1	1	0	1	
1	0	1	0	0	1	
