150	25	30	6

9	3	14	66	30	102	79	72	11	51	31	
7	5	144	10	92	40	29	84	13	
6	2	43	90	150	24	133	5	
5	1	76	128	44	103	137	
6	4	12	108	54	73	120	98	
4	4	141	35	91	49	
4	3	39	28	9	7	
5	4	74	26	138	147	19	
2	1	45	100	
3	2	104	118	2	
3	3	36	18	124	
7	4	143	60	87	63	8	25	113	
10	3	93	82	21	22	61	116	37	139	122	62	
8	4	112	50	23	75	88	85	148	130	
7	4	126	69	67	59	48	140	94	
5	2	56	80	3	123	101	
1	1	34	
7	3	27	129	106	78	77	135	17	
5	4	134	55	1	115	131	
6	1	41	96	127	68	53	146	
4	2	42	70	121	97	
2	1	33	145	
2	2	65	136	
3	2	15	117	114	
4	2	64	110	111	109	
3	3	6	125	105	
5	4	20	47	57	86	71	
3	1	142	95	52	
5	2	32	81	16	149	99	
9	6	38	4	107	58	46	119	89	83	132	

1	32	41	112	126	143	144	
2	33	34	43	45	56	64	
3	14	36	50	74	93	110	
4	15	23	38	66	76	90	
5	20	42	60	75	82	111	
6	27	109	128	134	141	142	
7	4	21	30	44	47	69	
8	12	26	67	87	88	100	
9	6	59	80	81	103	107	
10	22	39	55	85	137	150	
11	35	58	61	96	104	125	
12	3	10	70	102	108	117	
13	28	46	57	92	127	129	
14	79	86	106	114	119	121	
15	40	48	54	63	68	89	
16	72	78	83	95	118	138	
17	1	11	29	53	77	116	
18	8	18	24	37	51	73	
19	16	31	91	123	132	139	
20	9	115	120	122	146	147	
21	2	84	133	135	145	148	
22	19	25	71	130	140	149	
23	17	52	65	97	101	105	
24	5	7	13	62	98	113	
25	49	94	99	124	131	136	

0	1	0	1	0	1	0	1	0	1	
0	1	1	0	1	1	0	0	1	0	
1	0	0	1	0	0	1	1	0	1	
0	1	0	1	1	1	0	1	0	0	
1	0	1	0	0	0	1	0	1	1	
1	0	1	0	1	0	1	0	1	0	
