150	25	30	6

3	3	24	66	129	
1	1	3	
6	2	101	131	70	84	43	59	
4	1	82	51	105	90	
7	4	107	145	57	48	15	79	4	
4	1	132	91	122	19	
8	5	139	140	69	56	80	126	22	16	
5	3	12	96	87	99	144	
5	3	95	14	6	41	50	
4	1	97	20	44	2	
8	3	120	9	110	103	100	25	124	42	
2	2	142	86	
6	4	135	133	78	118	39	53	
3	3	113	123	29	
5	3	130	121	18	52	85	
3	3	33	92	64	
8	4	149	102	128	106	27	148	55	63	
4	3	62	11	65	45	
4	1	76	134	108	23	
4	1	73	83	5	81	
5	3	138	112	125	94	93	
7	1	34	47	77	46	143	68	74	
4	3	58	141	150	67	
6	3	146	26	60	40	61	8	
10	6	111	71	32	7	54	31	49	127	114	98	
3	3	119	89	72	
5	2	37	21	30	116	136	
7	1	117	147	17	75	10	137	1	
4	3	35	104	115	28	
5	4	13	109	88	38	36	

1	35	37	58	97	101	111	
2	62	71	120	130	131	139	
3	13	32	73	76	95	117	
4	7	11	12	21	82	135	
5	9	51	54	107	109	140	
6	34	121	133	134	138	145	
7	14	24	132	146	147	149	
8	6	18	20	26	30	31	
9	17	44	47	102	110	113	
10	2	57	69	70	77	88	
11	41	48	60	75	103	104	
12	46	52	56	83	91	100	
13	15	65	66	84	112	122	
14	40	105	108	115	116	119	
15	43	96	128	129	142	143	
16	49	59	78	79	80	106	
17	10	33	86	118	125	127	
18	4	19	28	38	87	89	
19	23	90	123	136	137	141	
20	25	27	50	94	99	114	
21	92	98	126	144	148	150	
22	22	39	61	67	68	85	
23	1	3	64	72	74	124	
24	5	29	36	45	53	55	
25	8	16	42	63	81	93	

0	1	0	1	0	1	0	1	0	1	
0	1	1	0	1	1	0	0	1	0	
1	0	0	1	0	0	1	1	0	1	
0	1	0	1	1	1	0	1	0	0	
1	0	1	0	0	0	1	0	1	1	
1	0	1	0	1	0	1	0	1	0	
