150	25	30	6

8	5	114	93	58	108	2	33	111	36	
2	2	124	48	
5	2	140	54	89	29	113	
5	4	5	8	150	41	4	
4	4	55	59	20	30	
6	2	64	120	139	126	43	45	
8	6	12	103	85	25	51	49	81	148	
3	3	27	75	138	
5	4	96	22	91	6	72	
5	2	39	133	86	19	17	
6	1	24	57	134	37	130	79	
6	5	128	135	104	34	69	35	
6	2	74	110	119	23	14	46	
4	4	10	31	101	11	
1	1	13	
6	5	76	144	105	146	90	67	
5	2	100	61	102	32	112	
4	1	40	115	18	88	
9	6	99	122	50	80	56	42	52	117	71	
7	3	63	106	97	38	7	68	82	
4	1	107	109	83	143	
2	2	142	3	
5	3	132	87	94	127	53	
5	2	26	78	92	62	47	
4	3	1	77	65	145	
7	5	28	66	116	121	123	15	98	
6	2	137	44	16	9	21	84	
2	1	141	60	
4	1	118	95	131	149	
6	3	129	73	136	125	147	70	

1	10	28	76	96	114	118	
2	12	26	100	129	132	141	
3	27	63	74	78	95	107	
4	1	55	87	99	110	128	
5	40	73	94	103	106	122	
6	24	50	64	77	85	115	
7	31	57	109	120	142	144	
8	3	22	93	97	134	136	
9	25	58	61	92	139	140	
10	5	13	51	60	66	91	
11	54	65	101	126	135	137	
12	38	49	83	105	108	116	
13	44	102	104	119	125	131	
14	7	16	23	43	59	75	
15	20	39	121	127	146	147	
16	2	14	53	62	80	90	
17	18	32	34	37	46	56	
18	8	9	33	89	124	130	
19	11	42	88	111	123	143	
20	69	81	112	133	149	150	
21	21	29	41	52	68	86	
22	35	45	82	113	117	145	
23	4	6	47	48	67	79	
24	15	19	70	84	138	148	
25	17	30	36	71	72	98	

0	1	0	1	0	1	0	1	0	1	
0	1	1	0	1	1	0	0	1	0	
1	0	0	1	0	0	1	1	0	1	
0	1	0	1	1	1	0	1	0	0	
1	0	1	0	0	0	1	0	1	1	
1	0	1	0	1	0	1	0	1	0	
