150	25	30	6

5	1	84	69	46	122	55	
4	2	74	15	112	29	
3	2	125	24	52	
3	2	144	13	51	
3	1	68	28	21	
5	4	147	56	115	87	101	
5	4	109	105	27	12	60	
8	4	53	124	89	81	54	5	92	82	
5	4	148	80	8	31	100	
5	3	85	20	66	139	39	
4	2	108	40	4	120	
6	5	127	6	136	9	104	78	
7	3	106	59	113	135	98	150	116	
8	4	97	131	110	3	138	57	26	58	
4	2	130	32	141	1	
8	5	70	18	41	117	44	77	37	47	
2	2	34	118	
4	4	140	86	10	103	
5	1	93	137	132	23	22	
11	6	102	11	134	33	65	72	67	121	17	71	88	
7	5	49	73	14	63	61	2	146	
3	1	142	133	99	
2	2	107	35	
4	3	91	38	128	119	
3	1	123	96	7	
4	4	19	94	95	30	
7	4	25	45	83	111	43	143	79	
3	2	75	16	145	
3	1	48	114	42	
9	3	64	62	126	36	50	149	76	129	90	

1	49	64	97	106	140	147	
2	84	91	93	102	127	144	
3	6	11	69	70	75	137	
4	125	130	131	132	134	148	
5	13	18	73	74	80	85	
6	8	19	23	59	62	109	
7	24	53	56	86	105	108	
8	20	27	38	107	113	142	
9	14	15	16	33	41	48	
10	10	22	110	117	126	128	
11	32	34	65	112	123	135	
12	51	68	96	103	124	136	
13	3	12	25	36	89	98	
14	28	44	46	50	72	81	
15	45	63	77	118	133	149	
16	21	37	66	83	94	99	
17	95	111	114	139	141	145	
18	9	31	47	54	61	67	
19	43	76	104	122	138	150	
20	5	55	57	100	115	143	
21	35	40	78	79	121	129	
22	2	4	7	17	29	87	
23	26	60	92	116	119	120	
24	1	30	42	71	101	146	
25	39	52	58	82	88	90	

0	1	0	1	0	1	0	1	0	1	
0	1	1	0	1	1	0	0	1	0	
1	0	0	1	0	0	1	1	0	1	
0	1	0	1	1	1	0	1	0	0	
1	0	1	0	0	0	1	0	1	1	
1	0	1	0	1	0	1	0	1	0	
