150	25	30	6

5	1	74	130	34	104	20	
5	3	111	136	127	73	48	
4	4	64	75	140	117	
4	1	110	46	12	19	
6	2	47	45	76	56	26	95	
5	4	119	134	54	29	84	
4	1	58	60	83	85	
5	3	147	41	28	11	137	
6	4	96	87	121	36	39	69	
5	4	49	148	59	80	135	
3	1	2	37	4	
5	4	6	70	113	91	138	
3	2	68	50	143	
5	3	108	1	52	145	18	
6	4	77	3	131	99	97	42	
9	6	21	123	10	149	122	63	114	8	14	
4	1	67	103	142	124	
4	2	125	129	55	146	
4	3	16	9	35	33	
9	3	31	24	93	44	15	118	27	71	65	
6	2	112	105	62	43	92	90	
6	5	86	30	7	57	23	66	
6	2	120	133	102	32	72	107	
4	2	5	98	53	126	
3	3	38	22	94	
3	2	128	79	25	
5	4	40	141	89	106	78	
5	1	17	116	139	81	132	
6	2	150	100	61	115	101	144	
5	1	13	82	109	51	88	

1	21	49	77	96	110	120	
2	6	31	47	74	87	125	
3	45	64	70	86	108	123	
4	2	10	13	30	38	46	
5	24	37	58	113	121	130	
6	119	129	147	148	149	150	
7	1	12	17	34	40	100	
8	19	59	75	91	104	141	
9	36	67	76	82	93	134	
10	3	22	44	54	55	112	
11	7	15	39	41	52	61	
12	28	56	105	118	122	146	
13	57	60	62	80	103	111	
14	5	16	23	26	43	63	
15	83	89	95	128	135	136	
16	106	116	127	131	142	145	
17	29	85	99	114	133	140	
18	4	8	9	20	102	109	
19	27	69	94	98	115	117	
20	14	32	68	78	92	97	
21	35	50	66	71	79	84	
22	11	33	51	72	73	101	
23	18	88	107	124	137	139	
24	25	42	48	53	65	81	
25	90	126	132	138	143	144	

0	1	0	1	0	1	0	1	0	1	
0	1	1	0	1	1	0	0	1	0	
1	0	0	1	0	0	1	1	0	1	
0	1	0	1	1	1	0	1	0	0	
1	0	1	0	0	0	1	0	1	1	
1	0	1	0	1	0	1	0	1	0	
