400	50	40	8

15	5	146	211	269	304	287	361	312	32	40	73	375	106	114	175	3	
10	7	77	331	93	12	301	139	309	368	322	376	
14	5	316	360	156	84	257	386	329	334	164	209	398	215	188	82	
13	5	293	306	16	23	101	187	20	338	177	344	218	49	99	
7	2	189	167	310	35	328	22	194	
6	2	271	205	371	300	142	219	
14	6	318	120	400	38	19	256	8	389	115	392	395	91	315	263	
12	5	50	337	28	113	320	129	83	343	158	332	291	341	
10	5	308	210	67	227	342	327	274	135	94	239	
10	6	244	292	126	282	220	75	374	160	172	281	
10	7	88	387	14	296	144	124	365	355	314	166	
11	6	11	248	353	182	154	346	288	24	176	61	366	
13	6	109	196	107	134	58	339	137	240	147	335	321	186	71	
6	3	121	226	130	43	116	1	
13	5	228	393	350	89	234	95	277	29	378	217	86	237	185	
10	7	55	222	247	54	2	112	382	81	202	74	
5	1	52	214	119	193	169	
7	2	148	245	232	275	372	212	18	
9	4	284	184	197	195	13	46	87	159	369	
10	3	136	223	34	207	347	39	231	191	298	155	
15	8	132	76	128	259	133	62	390	278	326	396	190	302	279	168	122	
13	4	125	7	123	30	379	242	131	363	323	258	399	295	377	
6	1	236	97	397	243	92	31	
16	8	349	103	140	216	192	233	33	170	165	348	252	261	47	117	174	221	
9	5	5	72	311	370	105	149	102	44	254	
12	7	152	179	251	358	51	181	235	394	138	357	17	208	
8	6	27	104	384	180	161	15	313	60	
4	1	265	276	255	354	
8	3	266	351	42	330	200	325	36	108	
10	7	70	9	340	110	201	157	299	336	367	356	
7	4	262	268	173	127	198	118	246	
9	5	100	373	25	163	381	162	286	183	171	
9	5	230	250	324	37	305	111	80	303	203	
12	8	68	21	241	59	270	206	364	224	204	238	143	333	
9	3	96	53	10	6	153	78	56	150	229	
10	7	345	383	260	283	64	272	267	41	285	90	
12	7	57	63	249	253	98	273	290	280	151	297	307	178	
7	2	391	45	294	264	199	289	145	
8	6	213	4	48	385	141	388	362	66	
11	5	225	69	85	26	352	319	79	317	380	65	359	

1	5	70	121	132	136	225	230	262	
2	50	57	100	109	146	152	228	250	
3	27	68	96	148	223	271	293	337	
4	9	11	76	77	88	196	266	324	
5	28	104	179	244	268	316	331	349	
6	52	55	125	251	292	306	308	360	
7	103	128	210	211	222	248	284	318	
8	53	72	173	351	373	384	391	393	
9	42	93	126	226	245	259	269	345	
10	7	12	67	107	120	180	282	304	
11	21	189	220	232	340	350	353	358	
12	34	63	110	113	123	133	134	156	
13	89	140	201	275	287	330	383	387	
14	69	161	207	216	234	247	249	301	
15	62	84	213	227	236	241	265	320	
16	30	59	129	130	192	253	257	260	
17	97	98	127	182	233	347	379	386	
18	33	154	167	283	372	390	397	400	
19	10	14	16	25	38	75	85	170	
20	26	37	39	43	95	273	310	346	
21	4	19	23	51	54	83	163	165	
22	45	205	256	288	290	296	348	361	
23	24	58	157	231	242	278	312	329	
24	6	8	277	280	326	343	352	371	
25	29	48	144	243	276	319	334	339	
26	131	137	184	252	374	381	389	396	
27	2	15	32	35	64	101	176	197	
28	40	139	198	200	240	305	363	378	
29	79	111	160	164	181	214	270	311	
30	61	151	153	162	187	190	309	342	
31	73	119	158	272	294	299	300	370	
32	20	78	112	172	206	286	302	323	
33	115	116	195	235	261	281	368	375	
34	13	80	105	147	193	209	325	336	
35	36	258	297	317	327	332	338	364	
36	255	328	367	385	392	394	398	399	
37	183	191	215	267	307	313	382	395	
38	41	118	138	141	177	264	274	303	
39	56	91	106	124	217	285	344	388	
40	114	212	224	279	322	362	365	380	
41	1	22	149	204	291	298	315	357	
42	18	46	86	169	178	188	218	335	
43	17	66	92	135	175	194	321	355	
44	47	82	87	94	186	199	208	356	
45	142	150	159	237	239	289	314	366	
46	49	81	117	145	185	238	246	263	
47	65	90	174	202	203	295	341	354	
48	71	99	102	108	143	168	171	221	
49	31	44	229	333	359	369	376	377	
50	3	60	74	122	155	166	219	254	

1	0	1	0	1	0	1	0	1	0	1	0	1	0	
1	0	0	1	0	1	0	0	1	1	0	1	0	1	
1	0	1	0	0	1	0	0	1	0	1	1	0	1	
1	0	1	0	1	0	0	0	1	0	1	0	1	1	
0	1	0	1	0	1	0	1	0	1	0	1	0	1	
0	1	1	0	1	0	1	1	0	0	1	0	1	0	
0	1	0	1	1	0	1	1	0	1	0	0	1	0	
0	1	0	1	0	1	1	1	0	1	0	1	0	0	
