400	50	40	8

12	8	317	295	26	398	348	62	324	256	78	120	301	222	
10	3	206	111	91	318	358	58	328	186	63	105	
8	2	234	189	250	277	331	106	374	35	
11	4	101	360	169	185	376	20	200	239	308	269	380	
7	1	388	1	335	159	244	167	389	
8	6	204	112	151	345	310	212	271	192	
14	8	225	254	329	236	313	16	133	195	263	367	210	235	24	29	
17	9	60	69	194	141	384	341	337	379	352	9	278	262	149	135	248	218	381	
11	5	383	362	188	132	322	191	71	126	285	208	41	
8	2	365	214	334	37	81	162	156	130	
11	5	283	233	161	265	176	394	247	284	266	45	145	
10	3	53	49	246	213	163	143	3	28	354	184	
15	6	261	386	142	291	23	144	171	241	77	370	307	123	251	211	80	
14	8	243	113	319	85	129	170	17	88	342	377	59	385	154	393	
7	2	116	67	18	7	118	326	275	
7	1	4	201	146	373	174	124	10	
13	4	96	396	95	375	13	42	327	346	305	180	128	228	229	
13	5	22	371	292	173	349	347	177	242	238	224	52	289	33	
8	6	221	14	303	148	107	280	139	51	
15	9	302	47	268	65	359	270	157	372	150	340	109	300	378	230	119	
13	4	399	338	276	50	202	131	274	39	253	46	332	304	175	
6	3	281	219	209	97	350	181	
7	3	115	108	166	223	38	66	182	
11	3	240	134	136	297	15	36	216	366	82	226	193	
8	3	125	11	316	232	294	165	339	252	
11	3	155	12	84	315	361	364	117	287	103	99	153	
12	6	178	264	55	138	2	87	110	387	90	369	114	98	
7	4	92	8	76	382	220	237	160	
12	6	227	64	94	272	293	104	197	288	25	183	89	61	
3	2	258	336	164	
10	3	86	306	314	187	320	205	392	368	168	137	
13	4	259	249	100	217	190	140	351	179	68	203	172	44	43	
7	1	273	121	48	325	34	391	282	
15	5	231	356	75	198	207	279	5	21	158	196	321	296	311	32	102	
8	5	400	353	290	127	79	215	357	83	
9	2	122	27	257	40	19	72	395	152	260	
6	3	245	73	363	309	333	147	
7	4	70	267	390	57	330	54	298	
5	4	31	286	323	30	312	
11	3	355	74	397	93	199	255	299	343	344	6	56	

1	60	116	234	243	258	261	281	355	
2	69	221	225	231	240	273	302	317	
3	74	92	121	134	178	204	254	295	
4	22	26	53	70	96	101	206	259	
5	112	249	329	383	386	388	398	399	
6	189	227	264	365	371	396	397	400	
7	14	49	55	67	95	111	113	122	
8	4	64	91	142	292	319	338	360	
9	1	219	276	283	291	348	353	356	
10	8	31	85	94	100	155	173	194	
11	47	75	76	86	115	129	141	169	
12	93	138	151	209	236	250	268	306	
13	65	125	214	286	290	314	335	345	
14	50	170	246	313	359	375	382	384	
15	2	12	13	23	185	213	310	341	
16	84	202	220	233	270	323	337	349	
17	11	17	62	127	136	144	199	245	
18	27	42	198	297	303	336	376	379	
19	87	161	257	267	316	347	352	362	
20	18	110	163	212	232	255	315	324	
21	9	15	79	108	148	157	207	237	
22	16	20	36	48	131	188	217	387	
23	90	132	159	166	190	256	272	372	
24	133	140	143	200	201	223	277	299	
25	38	177	215	279	318	327	351	361	
26	3	5	7	40	73	164	265	271	
27	30	88	97	107	171	195	239	242	
28	19	244	322	325	331	343	346	358	
29	179	216	238	241	293	334	342	369	
30	21	72	104	118	192	278	357	377	
31	68	146	187	197	274	280	305	308	
32	66	78	160	176	224	262	269	288	
33	28	167	326	344	363	364	390	394	
34	6	37	77	149	150	158	180	203	
35	39	52	120	263	320	366	370	373	
36	58	82	135	275	294	307	309	312	
37	59	106	253	328	340	354	380	395	
38	25	117	123	165	172	186	191	196	
39	57	63	71	128	184	226	247	321	
40	44	139	287	330	350	367	385	389	
41	34	46	51	54	83	126	174	205	
42	81	109	183	296	298	374	391	392	
43	105	124	152	248	289	332	333	368	
44	10	33	35	210	218	260	304	339	
45	103	147	154	182	228	235	300	301	
46	24	114	162	222	252	282	284	285	
47	99	193	251	266	311	378	381	393	
48	32	153	156	168	208	211	229	230	
49	45	56	80	89	102	119	130	137	
50	29	41	43	61	98	145	175	181	

1	0	1	0	1	0	1	0	1	0	1	0	1	0	
1	0	0	1	0	1	0	0	1	1	0	1	0	1	
1	0	1	0	0	1	0	0	1	0	1	1	0	1	
1	0	1	0	1	0	0	0	1	0	1	0	1	1	
0	1	0	1	0	1	0	1	0	1	0	1	0	1	
0	1	1	0	1	0	1	1	0	0	1	0	1	0	
0	1	0	1	1	0	1	1	0	1	0	0	1	0	
0	1	0	1	0	1	1	1	0	1	0	1	0	0	
