400	50	40	8

12	4	114	176	117	308	340	10	65	196	252	208	360	201	
13	7	189	291	187	211	57	126	78	37	358	220	69	74	229	
10	6	95	215	128	67	300	254	76	342	41	141	
12	5	39	274	198	188	108	354	55	160	257	282	106	372	
9	3	230	315	394	306	213	212	23	345	371	
9	6	12	290	14	158	314	52	209	272	97	
9	3	191	60	1	265	336	223	185	174	66	
10	4	363	373	262	256	313	285	301	214	167	298	
7	1	388	391	169	349	34	375	21	
11	6	393	88	19	9	203	303	396	161	5	26	150	
15	6	56	366	228	253	152	59	164	130	225	80	197	153	93	71	383	
6	3	374	297	132	183	137	247	
14	9	271	140	204	192	165	85	381	329	38	77	28	11	293	326	
12	7	260	338	210	277	237	20	53	7	399	123	116	82	
11	5	397	24	163	316	177	145	36	299	86	135	387	
13	8	390	255	16	83	379	222	179	296	107	324	289	367	263	
6	3	121	350	47	238	236	147	
7	1	127	341	370	281	98	61	3	
10	4	22	122	68	100	287	309	250	218	119	395	
10	4	269	266	216	30	353	99	242	275	186	273	
12	7	143	330	288	400	120	317	193	125	124	243	104	156	
12	6	376	346	368	50	139	351	270	323	168	27	206	362	
13	4	217	385	334	142	96	51	377	103	227	226	184	337	64	
9	5	40	327	84	202	248	172	81	49	118	
11	6	384	312	357	361	239	58	73	199	286	35	276	
8	2	219	72	241	144	18	283	8	178	
7	4	91	231	171	264	331	92	280	
8	6	305	320	180	279	234	113	101	181	
12	6	159	62	355	170	310	224	115	235	148	356	70	398	
7	1	302	311	166	110	25	267	4	
12	8	102	318	294	136	389	105	307	15	75	149	322	94	
9	3	46	190	245	251	42	378	54	244	304	
9	4	319	292	205	63	344	157	343	259	90	
15	7	380	261	29	133	339	43	333	2	364	155	278	321	382	154	328	
5	4	332	232	325	44	175	
10	7	207	347	233	249	195	221	365	129	6	268	
10	7	13	33	295	131	386	284	173	31	79	392	
12	4	200	87	359	48	246	352	182	258	348	138	111	335	
4	2	109	45	240	32	
9	2	134	369	151	89	17	162	146	112	194	

1	46	200	207	230	302	363	376	388	
2	22	95	114	143	189	190	191	217	
3	13	56	260	319	332	380	391	393	
4	39	87	88	127	269	291	330	346	
5	33	102	176	187	347	384	390	397	
6	24	40	60	215	266	271	305	341	
7	140	232	311	338	368	370	373	385	
8	12	117	134	159	211	255	274	320	
9	1	16	50	62	166	292	312	318	
10	83	128	205	219	281	315	366	369	
11	122	210	233	261	288	308	359	379	
12	29	48	57	67	216	265	340	357	
13	222	249	327	334	336	361	394	400	
14	10	169	195	277	290	294	355	374	
15	14	19	30	170	228	239	246	306	
16	84	109	120	142	163	198	295	300	
17	45	65	179	237	253	254	317	352	
18	72	131	136	139	223	240	296	310	
19	32	91	126	133	188	193	204	241	
20	98	144	152	316	325	339	386	389	
21	63	68	105	108	192	196	202	213	
22	78	107	151	165	245	252	284	349	
23	20	96	182	224	262	324	351	353	
24	9	34	43	85	125	177	256	258	
25	51	53	121	158	208	251	297	313	
26	248	270	285	333	344	354	377	381	
27	37	58	59	115	172	185	203	307	
28	2	76	124	145	157	164	180	221	
29	15	100	130	235	289	323	348	350	
30	18	36	42	55	75	81	132	138	
31	47	89	99	111	287	301	329	364	
32	61	103	148	173	238	242	335	365	
33	7	155	212	279	283	356	360	367	
34	49	70	183	214	225	227	243	303	
35	110	160	278	309	314	378	396	399	
36	38	54	73	80	104	118	231	275	
37	17	52	77	161	167	168	174	197	
38	23	28	149	186	209	250	257	343	
39	25	123	162	236	259	321	322	358	
40	44	146	171	220	234	272	298	299	
41	8	11	27	66	69	153	226	264	
42	5	86	113	129	244	273	293	342	
43	31	41	74	116	184	267	282	331	
44	4	26	90	93	97	112	199	229	
45	6	101	175	194	206	218	286	337	
46	35	71	79	92	106	119	147	178	
47	3	64	135	137	345	372	375	382	
48	94	141	154	181	201	387	392	398	
49	21	82	156	326	362	371	383	395	
50	150	247	263	268	276	280	304	328	

1	0	1	0	1	0	1	0	1	0	1	0	1	0	
1	0	0	1	0	1	0	0	1	1	0	1	0	1	
1	0	1	0	0	1	0	0	1	0	1	1	0	1	
1	0	1	0	1	0	0	0	1	0	1	0	1	1	
0	1	0	1	0	1	0	1	0	1	0	1	0	1	
0	1	1	0	1	0	1	1	0	0	1	0	1	0	
0	1	0	1	1	0	1	1	0	1	0	0	1	0	
0	1	0	1	0	1	1	1	0	1	0	1	0	0	
