400	50	40	8

11	7	40	34	324	95	251	120	273	220	346	309	323	
12	4	90	290	210	303	175	35	286	102	72	353	355	125	
14	8	159	57	155	216	14	382	244	81	164	322	82	305	272	19	
10	7	28	94	393	236	137	79	221	107	268	143	
10	4	313	87	92	287	46	237	388	158	299	177	
9	6	157	42	212	106	56	73	269	166	31	
15	8	150	27	168	372	41	30	61	48	8	113	176	43	252	349	348	
10	7	121	114	378	225	289	280	128	152	111	241	
6	2	202	45	284	20	184	362	
6	5	49	194	22	302	163	63	
6	5	189	276	89	110	357	12	
5	1	211	10	374	226	373	
16	9	44	36	50	361	62	370	172	112	124	2	260	296	209	360	256	385	
5	1	365	135	297	173	171	
20	9	325	350	314	203	342	198	288	23	129	170	55	204	64	337	306	174	327	377	277	186	
9	3	132	381	258	60	149	18	86	254	301	
12	4	354	15	133	99	182	345	398	109	368	178	91	201	
15	7	316	191	352	245	391	240	231	199	222	351	122	134	98	9	214	
14	7	274	387	307	399	180	205	29	253	206	16	267	250	247	243	
13	8	311	279	248	334	5	218	219	32	262	239	136	74	146	
7	3	69	379	265	321	234	233	341	
6	5	208	25	108	116	338	261	
16	8	312	271	343	65	148	165	238	396	142	249	383	304	162	264	384	67	
8	2	319	58	59	308	217	140	37	285	
7	5	386	356	344	329	317	183	181	
12	6	389	139	215	145	282	154	13	392	39	230	54	7	
9	2	347	270	207	52	78	147	4	190	291	
5	4	88	293	105	83	100	
10	3	278	156	275	292	340	138	151	51	375	283	
7	2	68	224	359	3	11	103	24	
9	6	358	71	315	326	119	395	6	196	281	
4	2	144	310	153	235	
16	7	300	130	77	227	104	117	335	80	263	397	255	179	123	101	259	160	
10	3	369	390	38	336	188	131	400	185	21	367	
9	2	33	84	161	223	228	364	70	229	294	
9	2	127	169	66	17	97	333	328	330	366	
8	4	76	257	246	332	320	141	376	195	
12	8	26	115	192	75	298	96	93	118	85	187	193	213	
10	4	200	53	339	167	371	232	318	242	380	363	
8	5	331	47	266	1	126	197	394	295	

1	28	40	44	90	300	312	354	369	
2	150	159	313	316	325	331	347	389	
3	87	121	211	271	311	350	358	365	
4	15	47	127	157	191	278	290	343	
5	26	27	36	49	135	139	156	266	
6	33	65	71	92	115	130	132	189	
7	76	77	200	215	270	274	314	319	
8	57	114	133	145	168	202	203	227	
9	10	50	94	99	155	192	275	282	
10	1	75	84	210	216	257	279	292	
11	68	69	182	352	374	378	387	393	
12	34	104	148	245	248	315	361	390	
13	38	225	226	324	326	334	381	391	
14	58	117	126	144	194	258	276	307	
15	208	240	298	303	335	340	342	345	
16	5	59	62	80	138	161	169	175	
17	236	336	370	372	379	386	398	399	
18	53	88	89	109	180	198	224	287	
19	45	119	197	205	207	218	288	293	
20	151	165	188	231	284	289	308	310	
21	52	60	66	154	199	219	238	297	
22	32	41	42	95	137	172	222	263	
23	13	17	46	79	105	112	131	153	
24	23	212	262	265	394	395	396	400	
25	20	96	106	124	129	142	149	173	
26	14	18	22	170	251	321	339	359	
27	25	51	78	237	239	246	351	368	
28	2	30	55	97	136	167	185	249	
29	56	61	171	260	356	382	383	392	
30	93	147	217	304	332	371	388	397	
31	3	21	39	48	74	108	118	120	
32	8	35	86	122	140	146	204	280	
33	11	29	37	64	110	113	134	244	
34	4	85	176	253	255	273	286	296	
35	6	43	73	158	179	187	223	230	
36	123	128	162	178	232	234	235	269	
37	101	206	228	252	318	333	337	375	
38	54	81	152	184	220	221	254	320	
39	7	16	98	116	141	306	344	373	
40	102	164	174	190	259	267	329	357	
41	12	72	107	166	196	209	242	302	
42	31	250	317	353	360	364	367	380	
43	83	163	247	281	322	328	338	363	
44	70	193	261	301	327	346	355	362	
45	82	111	213	229	256	264	268	291	
46	9	143	305	349	376	377	384	385	
47	63	91	183	233	294	295	299	309	
48	103	160	181	195	243	272	277	330	
49	19	24	67	100	125	177	201	283	
50	186	214	241	285	323	341	348	366	

1	0	1	0	1	0	1	0	1	0	1	0	1	0	
1	0	0	1	0	1	0	0	1	1	0	1	0	1	
1	0	1	0	0	1	0	0	1	0	1	1	0	1	
1	0	1	0	1	0	0	0	1	0	1	0	1	1	
0	1	0	1	0	1	0	1	0	1	0	1	0	1	
0	1	1	0	1	0	1	1	0	0	1	0	1	0	
0	1	0	1	1	0	1	1	0	1	0	0	1	0	
0	1	0	1	0	1	1	1	0	1	0	1	0	0	
