400	50	40	8

9	5	348	336	273	238	30	192	319	194	320	
14	5	40	308	69	290	168	267	38	312	19	53	380	123	146	113	
10	6	321	289	218	24	148	157	229	75	234	91	
14	9	241	17	172	219	195	67	251	373	248	325	232	106	99	245	
8	2	1	247	31	149	368	272	322	72	
7	3	101	139	231	391	342	61	46	
14	5	362	384	304	33	306	389	179	170	212	105	138	82	189	137	
8	4	381	158	360	36	347	382	228	277	
13	4	269	50	388	227	246	341	300	45	111	141	18	4	260	
11	7	115	98	200	390	150	44	217	142	199	297	205	
9	3	393	294	249	280	143	164	10	210	358	
9	5	370	13	16	3	209	133	26	25	156	
9	5	330	70	177	263	261	213	265	271	52	
5	1	332	366	107	125	5	
10	4	191	354	317	278	356	378	130	165	180	89	
9	5	252	397	132	295	100	62	324	118	215	
11	6	221	309	116	392	353	193	81	159	303	190	147	
9	5	145	6	14	299	181	11	291	119	48	
9	4	301	117	127	55	160	244	87	122	349	
9	6	399	279	166	225	103	328	337	311	369	
15	8	76	66	367	84	236	257	254	34	307	161	7	152	28	334	359	
5	4	292	12	60	372	184	
10	4	95	214	49	153	259	174	47	264	15	43	
11	4	335	202	243	275	186	59	92	203	114	230	276	
7	5	37	377	379	131	129	283	183	
11	3	85	94	97	197	21	96	88	346	83	338	340	
11	5	222	357	128	51	176	385	253	8	242	134	64	
8	3	93	20	296	74	361	352	282	274	
5	1	207	206	120	182	22	
9	3	65	112	302	126	56	110	102	262	326	
12	7	201	298	284	255	108	313	329	136	220	86	41	237	
13	6	343	288	171	167	314	323	104	151	310	351	178	90	185	
10	3	154	400	316	383	144	109	374	239	140	305	
14	9	39	77	268	198	285	2	376	57	256	387	339	315	188	281	
12	6	173	169	363	398	68	211	163	240	42	396	258	286	
5	3	250	187	79	54	121	
10	6	333	394	35	355	23	216	29	175	364	344	
8	6	58	78	71	73	32	223	204	162	
15	9	226	196	350	293	135	395	371	331	80	235	9	27	224	375	63	
12	6	345	365	327	124	266	386	287	155	233	270	208	318	

1	85	101	154	201	207	222	226	269	
2	40	94	115	139	145	196	221	250	
3	76	191	206	298	308	370	399	400	
4	39	69	93	173	241	316	321	343	
5	13	65	290	292	332	345	348	362	
6	6	66	279	284	333	354	365	381	
7	1	16	17	77	288	289	301	330	
8	12	117	168	247	255	309	317	336	
9	3	50	70	108	116	169	231	252	
10	14	268	335	363	383	384	392	393	
11	37	97	304	327	367	388	397	398	
12	33	68	95	172	198	218	294	299	
13	171	177	187	273	313	350	391	394	
14	31	60	84	120	227	263	293	342	
15	58	112	132	181	211	246	261	278	
16	20	35	124	158	302	306	341	353	
17	166	167	193	202	236	267	295	300	
18	61	98	219	238	249	266	285	314	
19	2	38	126	135	243	355	356	377	
20	24	30	200	296	357	379	386	395	
21	131	163	192	197	257	287	329	366	
22	21	46	100	128	195	275	378	389	
23	45	56	186	214	312	323	371	372	
24	19	51	67	104	127	149	155	331	
25	11	49	78	81	151	176	209	233	
26	59	129	153	182	240	251	280	291	
27	74	96	130	136	225	254	360	376	
28	36	42	53	57	62	80	111	144	
29	23	55	109	141	148	165	390	396	
30	92	159	220	235	270	319	373	374	
31	34	79	143	203	239	248	256	259	
32	9	18	133	140	157	160	164	179	
33	27	213	216	303	305	324	385	387	
34	71	119	190	253	283	307	325	347	
35	48	73	161	208	265	361	368	382	
36	7	29	32	86	103	118	150	224	
37	26	44	114	175	228	229	271	272	
38	10	180	183	244	310	318	339	375	
39	8	41	54	107	170	215	217	277	
40	22	25	52	87	174	223	242	351	
41	75	142	232	237	258	328	352	380	
42	47	89	110	125	134	152	178	194	
43	5	28	102	121	122	147	199	234	
44	91	123	184	264	282	315	320	322	
45	15	88	106	188	212	230	262	297	
46	4	64	90	105	204	274	286	337	
47	138	146	156	162	205	311	334	346	
48	43	72	82	83	99	210	260	281	
49	189	276	326	338	349	359	364	369	
50	63	113	137	185	245	340	344	358	

1	0	1	0	1	0	1	0	1	0	1	0	1	0	
1	0	0	1	0	1	0	0	1	1	0	1	0	1	
1	0	1	0	0	1	0	0	1	0	1	1	0	1	
1	0	1	0	1	0	0	0	1	0	1	0	1	1	
0	1	0	1	0	1	0	1	0	1	0	1	0	1	
0	1	1	0	1	0	1	1	0	0	1	0	1	0	
0	1	0	1	1	0	1	1	0	1	0	0	1	0	
0	1	0	1	0	1	1	1	0	1	0	1	0	0	
