600	75	80	8

10	3	3	314	16	484	595	328	542	27	597	558	
7	4	566	356	246	572	7	55	269	
4	1	585	461	215	132	
8	3	301	9	217	155	420	354	311	177	
10	6	83	528	555	497	534	136	277	66	78	135	
11	7	463	236	39	243	229	387	99	89	502	230	250	
7	2	482	412	599	25	260	149	218	
6	5	459	86	337	17	179	522	
6	5	273	11	176	161	283	454	
11	5	162	240	120	29	95	512	319	591	271	583	23	
6	1	588	80	511	357	556	490	
8	5	408	267	232	379	152	257	429	280	
8	6	266	377	378	252	527	188	422	540	
4	1	105	70	38	355	
11	3	362	253	478	415	401	168	206	579	419	194	264	
4	3	324	331	402	115	
6	2	413	560	59	184	433	248	
5	2	386	21	90	544	332	
7	2	570	370	451	339	600	411	165	
5	4	256	593	431	51	60	
5	2	287	444	568	222	42	
4	2	394	133	498	525	
6	1	503	338	416	456	245	169	
7	3	388	329	158	296	13	118	281	
5	3	167	472	138	428	62	
10	4	353	335	313	20	317	163	477	375	278	530	
6	5	364	109	58	275	4	14	
5	1	437	462	327	343	457	
9	3	170	226	24	523	323	549	108	330	192	
6	2	112	507	45	407	373	470	
4	4	390	315	213	22	
5	1	35	598	71	204	157	
7	3	18	31	320	234	123	244	189	
5	2	291	228	403	533	119	
6	3	369	309	50	590	406	238	
8	5	187	310	580	196	518	146	589	405	
10	5	82	87	93	467	154	435	288	239	426	166	
13	7	185	44	453	396	130	432	268	531	1	210	235	504	347	
11	7	290	376	216	293	352	57	409	203	205	100	358	
7	1	274	493	561	141	279	143	521	
15	5	258	452	563	342	545	515	251	519	103	557	584	489	233	438	193	
9	5	284	6	299	223	186	134	144	368	305	
5	4	255	587	505	117	450	
5	4	261	487	183	285	209	
12	8	475	581	345	148	547	520	282	297	181	111	410	380	
7	1	348	221	211	336	8	479	47	
12	5	68	539	65	334	259	214	326	41	421	74	225	114	
4	2	393	575	54	289	
6	5	434	294	423	447	52	486	
6	5	164	564	488	247	446	473	
12	8	199	231	276	592	197	506	304	153	195	140	127	361	
8	2	202	333	360	417	125	367	404	400	
11	3	46	398	227	567	430	371	485	30	476	101	254	
7	3	538	554	455	237	272	286	124	
6	4	318	150	76	340	173	363	
9	2	468	84	40	359	532	573	344	156	382	
4	4	160	303	441	142	
2	2	442	381	
8	2	300	366	97	541	126	448	480	414	
10	7	397	147	465	496	81	262	576	2	219	582	
8	3	500	139	491	5	471	110	321	191	
3	1	98	265	53	
10	5	85	466	552	481	94	385	341	553	151	106	
10	4	308	113	107	384	298	121	263	483	178	439	
9	5	440	37	551	43	449	128	526	322	492	
7	4	175	104	425	75	501	536	571	
4	2	79	77	395	96	
6	1	190	350	594	241	517	34	
6	2	365	559	565	224	389	464	
9	3	513	509	36	200	349	64	270	529	32	
7	4	550	427	443	535	171	10	543	
10	4	391	537	418	302	102	312	392	295	474	546	
8	5	242	510	508	145	374	180	383	208	
13	4	306	88	19	346	574	201	578	159	516	514	12	494	372	
10	7	325	129	424	562	137	445	316	174	122	69	
9	2	499	586	436	495	116	569	172	26	220	
11	7	131	577	63	49	33	92	72	73	91	351	48	
6	5	460	61	182	67	15	249	
8	5	28	548	524	198	307	469	212	399	
5	2	292	56	458	596	207	

1	82	105	266	306	393	475	513	550	
2	68	83	131	175	199	256	292	308	
3	164	187	242	258	325	348	364	388	
4	85	104	162	190	261	386	452	460	
5	255	362	468	487	577	581	588	593	
6	21	46	183	231	353	408	413	431	
7	28	90	112	240	285	300	365	391	
8	3	88	113	129	167	284	290	301	
9	9	19	35	70	310	500	548	563	
10	107	217	273	314	318	335	377	398	
11	63	185	221	276	329	342	437	463	
12	84	87	227	434	462	499	575	587	
13	56	155	267	369	376	503	509	567	
14	18	427	430	442	524	528	537	539	
15	202	236	309	345	346	384	424	459	
16	79	232	366	559	564	566	570	580	
17	61	80	148	170	291	294	327	394	
18	16	93	139	182	216	226	298	545	
19	6	40	65	160	253	397	467	515	
20	120	158	378	379	425	472	484	491	
21	44	50	75	356	440	458	555	574	
22	49	150	154	293	466	507	511	547	
23	67	147	334	478	488	586	590	592	
24	109	121	196	299	333	423	453	465	
25	24	33	223	287	338	350	359	418	
26	98	138	313	370	436	532	560	565	
27	197	352	360	415	505	510	595	598	
28	5	37	57	77	209	228	265	371	
29	36	201	274	343	396	406	443	444	
30	97	198	259	493	497	523	552	573	
31	45	130	224	328	471	551	562	578	
32	11	20	43	211	357	407	501	534	
33	15	432	435	449	538	542	585	594	
34	137	159	214	307	324	428	535	554	
35	51	136	268	390	416	451	508	541	
36	186	251	296	302	336	417	481	516	
37	117	277	456	506	536	556	568	596	
38	92	200	288	323	326	420	445	447	
39	31	39	58	76	128	304	409	514	
40	133	145	203	207	275	320	401	519	
41	86	94	103	168	263	455	520	544	
42	13	110	152	243	252	316	317	354	
43	59	72	102	222	229	349	374	403	
44	8	29	41	64	125	237	303	332	
45	95	134	246	282	469	482	495	496	
46	54	66	144	321	337	483	518	549	
47	17	27	60	163	245	270	479	527	
48	71	73	108	118	126	180	238	385	
49	52	169	171	178	184	421	512	531	
50	81	116	212	249	257	331	367	412	
51	204	241	262	272	344	457	490	529	
52	12	176	188	206	339	368	373	557	
53	4	174	247	319	448	450	477	486	
54	161	205	330	584	591	597	599	600	
55	42	47	78	91	411	480	489	526	
56	32	191	271	311	461	485	576	579	
57	192	234	340	381	399	439	498	517	
58	1	38	74	233	297	375	441	525	
59	135	225	389	494	533	558	561	569	
60	14	123	341	387	395	402	422	433	
61	141	146	153	181	283	286	312	372	
62	30	99	156	239	355	429	438	446	
63	111	172	179	195	315	464	571	572	
64	26	210	213	244	279	351	392	414	
65	7	53	62	89	122	220	295	322	
66	25	100	140	142	473	474	553	583	
67	22	23	55	235	305	404	470	589	
68	114	124	260	281	382	405	419	426	
69	10	157	248	383	410	476	502	504	
70	101	115	149	151	193	269	280	289	
71	2	69	96	119	127	173	194	278	
72	48	143	166	177	189	215	254	380	
73	106	218	219	230	347	358	361	363	
74	165	208	454	492	522	543	546	582	
75	34	132	250	264	400	521	530	540	

1	0	1	0	1	0	1	0	1	0	1	0	1	0	
1	0	0	1	0	1	0	0	1	1	0	1	0	1	
1	0	1	0	0	1	0	0	1	0	1	1	0	1	
1	0	1	0	1	0	0	0	1	0	1	0	1	1	
0	1	0	1	0	1	0	1	0	1	0	1	0	1	
0	1	1	0	1	0	1	1	0	0	1	0	1	0	
0	1	0	1	1	0	1	1	0	1	0	0	1	0	
0	1	0	1	0	1	1	1	0	1	0	1	0	0	
