600	75	80	8

10	3	70	527	499	218	122	396	417	313	516	9	
11	4	401	532	99	326	84	370	66	225	27	243	376	
7	4	500	447	550	88	301	56	18	
12	4	76	489	375	242	444	316	491	183	383	142	185	44	
3	2	420	387	440	
5	3	467	509	347	315	58	
5	1	459	340	424	146	535	
12	8	423	419	48	239	575	463	161	537	181	107	407	71	
9	6	33	1	209	233	507	595	558	115	534	
12	4	16	373	111	456	547	237	492	196	223	522	129	190	
7	4	23	15	83	399	554	167	446	
8	2	597	319	34	17	371	272	342	268	
7	3	309	402	333	481	90	346	91	
3	1	89	474	414	
7	1	276	530	200	285	331	3	77	
7	1	251	568	576	548	344	311	136	
11	3	572	555	464	520	533	451	475	553	512	380	403	
3	1	38	195	291	
8	6	93	362	294	506	172	101	263	343	
5	3	277	193	135	368	389	
8	4	169	372	43	20	46	398	518	514	
6	5	563	87	134	429	443	275	
8	5	406	171	539	153	367	92	120	81	
6	5	538	103	426	427	445	455	
7	5	360	365	42	460	128	60	581	
9	2	422	217	174	448	409	254	390	450	317	
10	7	430	123	156	284	521	332	466	549	584	22	
12	4	288	4	598	178	425	246	208	205	269	112	384	453	
8	3	580	573	127	74	502	432	147	310	
5	1	51	599	231	104	314	
2	2	282	391	
7	2	21	72	281	186	247	165	184	
9	4	53	564	582	586	330	374	339	219	382	
4	3	592	596	173	45	
11	4	560	476	473	485	117	158	36	569	249	545	337	
9	2	307	510	565	468	591	541	544	385	226	
12	6	148	478	320	59	86	25	433	359	449	404	270	551	
4	2	471	138	300	211	
5	2	100	546	348	258	116	
4	2	505	280	441	245	
9	5	324	197	180	154	486	428	50	513	519	
8	5	590	377	241	132	524	176	567	523	
4	2	405	68	461	381	
10	3	335	170	164	495	240	363	408	421	574	465	
6	5	515	327	501	458	61	559	
7	3	299	150	508	454	26	413	47	
9	2	11	566	204	109	235	323	304	177	415	
5	2	341	212	308	207	302	
1	1	202	
5	1	102	589	498	54	488	
8	2	143	265	273	234	152	412	144	5	
8	2	232	257	78	69	266	482	206	229	
9	4	216	477	493	438	511	338	80	199	175	
5	2	35	119	379	418	191	
6	4	95	490	290	198	57	182	
11	7	556	62	7	305	487	96	8	557	457	37	264	
8	5	354	297	55	393	227	469	274	14	
8	4	480	361	579	525	542	108	295	30	
4	3	334	10	230	358	
10	5	213	256	255	593	85	41	244	585	306	166	
4	4	260	356	484	137	
9	6	298	583	79	155	503	571	434	312	395	
9	4	536	293	40	73	64	496	105	388	222	
7	5	394	588	151	52	149	94	125	
12	7	577	63	145	278	400	29	351	24	140	386	133	439	
5	4	189	13	594	392	578	
10	6	336	121	517	296	141	436	160	75	221	113	
7	4	570	82	321	162	194	286	552	
5	4	163	587	318	32	411	
6	3	349	157	201	562	65	325	
12	6	329	259	114	529	531	67	328	350	504	366	479	248	
8	4	98	126	179	378	224	187	462	31	
8	2	110	561	283	357	353	410	192	203	
7	3	124	494	292	364	49	262	472	
9	3	528	253	271	452	397	322	6	159	220	
7	2	131	600	543	228	355	431	526	
8	6	39	215	238	540	12	442	250	279	
10	5	139	188	252	416	289	118	130	106	303	287	
12	8	210	437	168	483	352	28	97	2	236	369	470	345	
6	2	267	19	435	261	497	214	

1	53	76	110	213	307	335	336	401	
2	21	148	260	288	324	349	430	515	
3	139	276	329	360	422	500	564	580	
4	121	163	170	232	259	327	489	510	
5	23	100	123	406	478	480	556	573	
6	11	38	70	143	169	447	563	572	
7	4	16	98	127	131	188	257	298	
8	256	320	341	528	561	570	577	582	
9	102	210	467	560	583	587	598	600	
10	72	212	251	299	365	375	527	546	
11	89	164	216	265	354	476	517	532	
12	62	95	150	156	178	253	255	273	
13	93	252	334	565	566	586	589	593	
14	51	82	318	330	361	437	468	473	
15	536	543	555	590	591	592	597	599	
16	7	10	85	157	284	459	495	505	
17	87	124	281	293	348	464	550	579	
18	39	99	168	186	309	374	490	498	
19	204	242	283	423	425	494	530	541	
20	74	171	197	200	297	419	499	520	
21	215	258	296	321	394	444	501	568	
22	40	42	63	230	267	290	326	377	
23	88	141	241	280	362	539	588	596	
24	33	73	78	84	180	217	234	277	
25	48	145	154	271	294	339	357	533	
26	1	151	219	305	356	451	458	508	
27	114	132	174	218	239	382	460	502	
28	41	109	152	436	477	487	529	575	
29	96	134	201	278	353	370	373	448	
30	59	235	340	485	486	506	525	531	
31	52	66	79	111	128	209	238	416	
32	67	160	189	400	452	483	538	542	
33	64	117	122	228	454	456	463	540	
34	26	60	153	193	246	289	292	372	
35	29	86	118	198	402	409	493	509	
36	54	103	108	162	247	308	397	405	
37	8	43	126	155	165	316	471	484	
38	13	173	285	367	396	432	524	547	
39	55	69	75	138	202	225	328	352	
40	19	35	331	351	410	413	429	503	
41	20	27	179	221	244	333	393	428	
42	3	32	92	194	319	481	491	496	
43	28	208	237	364	378	443	475	576	
44	25	34	130	147	161	176	205	350	
45	97	119	120	135	183	227	233	347	
46	17	106	286	379	424	469	474	504	
47	68	192	240	303	507	521	553	581	
48	12	172	301	363	492	537	557	562	
49	101	181	310	488	544	585	594	595	
50	15	57	300	420	433	441	461	512	
51	50	105	275	306	322	332	359	371	
52	2	24	61	83	254	269	366	383	
53	65	107	158	224	323	411	438	466	
54	46	90	231	274	355	479	548	549	
55	36	137	142	146	203	211	346	414	
56	266	388	398	435	449	511	559	569	
57	49	112	222	249	272	287	304	315	
58	14	56	207	295	342	390	545	571	
59	187	195	196	450	482	535	567	584	
60	149	166	177	236	338	417	513	558	
61	6	140	206	243	368	399	418	442	
62	80	159	291	385	387	518	519	552	
63	104	250	344	376	386	404	408	426	
64	58	185	223	311	313	369	381	431	
65	77	81	91	94	184	270	279	282	
66	115	248	317	384	421	427	516	522	
67	18	220	389	440	457	534	554	574	
68	22	37	167	229	245	261	412	465	
69	133	337	391	434	446	462	497	551	
70	125	144	226	263	264	407	415	439	
71	9	129	136	380	392	445	514	523	
72	31	44	45	71	113	116	199	262	
73	5	47	182	190	191	325	358	470	
74	302	312	314	343	345	403	453	455	
75	30	175	214	268	395	472	526	578	

1	0	1	0	1	0	1	0	1	0	1	0	1	0	
1	0	0	1	0	1	0	0	1	1	0	1	0	1	
1	0	1	0	0	1	0	0	1	0	1	1	0	1	
1	0	1	0	1	0	0	0	1	0	1	0	1	1	
0	1	0	1	0	1	0	1	0	1	0	1	0	1	
0	1	1	0	1	0	1	1	0	0	1	0	1	0	
0	1	0	1	1	0	1	1	0	1	0	0	1	0	
0	1	0	1	0	1	1	1	0	1	0	1	0	0	
