600	75	80	8

13	8	319	71	506	525	416	556	497	355	23	213	344	352	397	
5	2	17	134	305	78	303	
9	2	317	133	76	258	175	450	392	164	523	
5	4	184	559	69	68	454	
8	2	514	367	451	306	558	438	403	54	
6	2	24	466	389	265	461	443	
7	3	432	322	232	284	340	501	195	
7	4	264	138	593	326	197	377	310	
11	7	212	188	251	571	329	168	464	485	244	385	7	
7	5	79	318	191	505	143	435	463	
7	4	246	508	420	334	145	178	577	
11	5	356	591	45	123	225	140	473	545	136	106	104	
5	1	441	245	522	249	219	
8	5	282	216	565	226	359	538	351	118	
6	2	199	202	512	423	301	568	
5	4	302	70	120	586	124	
13	5	211	483	447	564	324	97	100	476	504	80	427	267	95	
5	4	300	112	390	29	177	
9	4	93	146	161	455	475	14	364	276	414	
13	5	215	495	66	546	494	131	579	526	67	400	55	440	22	
11	7	114	182	277	144	520	572	590	60	357	321	271	
11	4	122	490	263	2	401	257	408	139	119	589	309	
9	2	40	130	268	108	209	470	53	28	290	
4	4	13	517	540	153	
10	7	214	280	402	312	444	285	530	338	117	453	
8	6	137	471	170	16	570	107	368	578	
3	2	431	281	562	
10	6	224	179	469	293	127	77	596	154	229	307	
5	3	201	194	279	503	511	
9	4	269	313	382	350	395	82	121	220	90	
4	2	58	336	48	8	
9	6	193	57	373	198	598	424	333	452	547	
7	1	252	1	415	21	176	248	437	
6	3	346	10	183	165	426	155	
8	6	481	39	533	31	549	566	588	189	
11	3	460	27	74	528	561	186	217	328	510	325	72	
3	1	87	228	262	
7	4	311	378	272	149	394	404	381	
11	7	430	370	482	409	412	259	247	531	236	539	283	
9	6	362	480	446	234	595	85	243	518	47	
7	2	331	181	49	405	111	204	406	
8	4	180	291	73	36	266	35	477	105	
9	4	398	396	101	287	493	238	335	94	315	
6	1	527	365	433	167	162	515	
8	5	524	187	98	478	43	442	369	345	
8	5	62	428	256	379	102	142	75	372	
3	1	273	61	83	
7	3	509	34	386	358	360	103	537	
7	2	554	294	286	479	96	543	576	
4	2	582	484	235	337	
5	1	458	113	44	445	413	
12	4	210	207	419	421	51	192	573	128	583	125	26	374	
7	4	354	253	585	25	339	185	59	
10	3	173	551	174	327	410	388	37	332	516	456	
8	6	347	151	459	304	223	92	64	260	
9	2	462	560	375	56	91	308	541	330	190	
8	6	292	487	316	41	376	383	548	38	
10	5	237	499	429	542	6	534	550	468	371	544	
8	6	218	298	239	425	15	20	147	434	
8	3	148	129	594	159	417	242	599	274	
5	2	42	584	553	552	227	
4	1	19	535	4	11	
3	1	116	270	206	
4	1	563	502	391	422	
6	1	361	141	597	150	393	380	
8	5	261	9	513	574	255	250	46	110	
7	1	152	341	196	507	81	407	221	
10	7	32	297	519	296	109	163	88	363	532	500	
7	4	529	160	158	275	498	50	205	
4	2	342	366	288	5	
5	3	86	472	465	12	580	
10	7	474	457	575	278	448	323	84	488	353	387	
11	3	63	536	569	349	233	65	230	156	557	314	521	
11	3	320	289	567	169	254	241	18	52	157	299	496	
9	6	99	418	115	600	166	135	439	343	489	
5	1	436	240	592	231	132	
3	1	295	581	172	
5	2	171	89	126	411	555	
7	5	492	30	3	486	208	449	203	
9	4	399	200	33	467	587	348	384	491	222	

1	63	122	210	237	282	311	354	399	
2	13	211	292	319	430	474	499	536	
3	24	40	99	370	429	432	457	460	
4	17	462	490	492	529	554	575	582	
5	71	114	130	317	356	481	563	569	
6	27	30	87	148	184	201	216	218	
7	3	224	269	331	362	441	509	559	
8	32	58	193	264	349	466	524	527	
9	39	187	252	361	506	514	565	591	
10	86	171	173	199	268	278	342	398	
11	74	93	137	138	179	180	202	448	
12	79	141	146	181	212	291	487	517	
13	161	207	323	469	480	525	533	551	
14	73	152	215	228	261	416	418	436	
15	45	200	214	313	318	472	482	540	
16	36	123	263	297	382	431	465	486	
17	1	2	49	108	294	336	341	350	
18	33	42	62	98	133	273	298	316	
19	19	174	240	322	395	467	478	495	
20	182	196	246	295	389	401	455	471	
21	43	115	253	280	293	327	507	512	
22	134	160	365	483	584	585	592	593	
23	31	188	367	396	409	423	447	528	
24	66	76	170	302	412	419	451	484	
25	12	81	225	326	346	347	378	410	
26	25	82	116	151	239	300	305	320	
27	16	34	57	70	459	508	535	542	
28	6	61	158	277	289	386	388	428	
29	208	258	405	420	446	567	581	587	
30	10	169	402	502	534	556	560	564	
31	4	144	233	391	421	549	597	600	
32	9	140	226	232	266	458	520	546	
33	69	78	209	234	257	259	301	375	
34	112	129	191	408	473	494	561	566	
35	247	324	334	339	425	475	513	519	
36	51	101	131	449	505	553	588	594	
37	65	68	127	159	245	270	287	312	
38	14	84	121	284	497	550	552	570	
39	97	120	139	296	303	433	444	470	
40	77	186	189	230	231	254	272	373	
41	149	150	156	167	198	286	306	366	
42	107	109	132	192	251	572	574	586	
43	217	285	571	573	579	590	595	596	
44	35	111	119	175	256	275	288	417	
45	56	143	166	304	328	329	348	479	
46	41	100	163	364	379	477	526	530	
47	37	102	113	154	185	241	390	450	
48	44	105	223	227	235	355	394	498	
49	15	50	128	204	206	220	338	476	
50	20	23	229	255	262	332	376	384	
51	96	135	337	358	393	415	491	493	
52	53	67	88	89	91	168	359	360	
53	203	308	383	439	488	504	531	543	
54	29	80	510	522	538	557	583	598	
55	18	28	60	236	265	392	541	558	
56	153	194	290	325	435	442	464	468	
57	85	125	177	242	276	314	371	485	
58	21	145	172	238	243	244	340	463	
59	48	126	142	178	213	353	424	518	
60	75	164	344	369	577	580	589	599	
61	52	147	333	351	357	363	422	501	
62	26	90	117	321	438	454	532	545	
63	124	136	222	330	335	385	453	500	
64	103	157	162	197	250	343	400	414	
65	59	92	106	183	345	461	568	576	
66	64	118	176	281	299	411	427	452	
67	55	94	104	195	271	279	374	443	
68	5	46	267	434	440	516	539	548	
69	7	8	283	380	403	456	496	503	
70	72	248	249	368	523	537	544	547	
71	165	372	387	406	445	515	521	555	
72	11	38	315	352	377	413	562	578	
73	83	190	205	274	307	404	407	489	
74	47	110	219	309	381	397	426	511	
75	22	54	95	155	221	260	310	437	

1	0	1	0	1	0	1	0	1	0	1	0	1	0	
1	0	0	1	0	1	0	0	1	1	0	1	0	1	
1	0	1	0	0	1	0	0	1	0	1	1	0	1	
1	0	1	0	1	0	0	0	1	0	1	0	1	1	
0	1	0	1	0	1	0	1	0	1	0	1	0	1	
0	1	1	0	1	0	1	1	0	0	1	0	1	0	
0	1	0	1	1	0	1	1	0	1	0	0	1	0	
0	1	0	1	0	1	1	1	0	1	0	1	0	0	
