600	75	80	8

3	3	297	92	484	
6	4	412	355	189	302	66	594	
9	6	215	80	1	350	356	561	63	535	74	
9	6	132	149	576	76	503	469	369	570	329	
4	4	311	368	341	36	
3	2	424	353	381	
6	4	379	86	279	347	418	23	
7	5	187	174	108	246	599	451	247	
5	2	33	530	262	482	335	
9	2	549	325	598	140	21	159	332	339	442	
7	3	359	352	566	67	3	119	389	
11	4	172	528	253	405	293	564	100	548	16	320	15	
6	1	371	479	361	580	197	315	
10	6	324	39	239	465	385	90	366	44	476	559	
6	1	529	584	434	256	173	544	
9	2	275	139	235	340	175	532	26	294	115	
8	4	477	462	9	201	494	590	556	552	
6	2	240	459	277	29	270	298	
7	5	562	200	300	502	421	346	241	
11	7	84	543	265	461	137	351	597	478	75	440	199	
5	1	251	307	124	105	486	
6	5	283	365	591	49	431	171	
3	3	380	499	177	
8	2	318	437	398	467	310	169	122	396	
9	4	227	480	501	248	128	51	111	55	144	
7	1	344	343	134	243	269	125	195	
8	2	393	4	411	47	82	60	91	194	
7	5	492	473	316	439	255	31	130	
13	8	258	534	367	404	496	232	331	336	225	58	142	89	522	
6	4	19	129	589	127	114	358	
11	3	259	267	518	214	118	525	538	78	230	164	449	
7	5	94	106	374	470	54	527	154	
6	2	228	162	464	362	551	56	
14	7	68	210	415	141	28	466	504	153	136	572	327	104	69	485	
7	3	226	72	45	273	206	97	574	
10	6	474	573	481	287	333	233	52	526	373	181	
8	4	152	40	193	581	296	167	260	520	
6	3	295	57	10	428	490	425	
7	1	27	299	32	245	429	568	372	
7	1	30	394	588	401	131	22	422	
6	4	519	170	62	112	468	342	
5	3	516	43	587	515	542	
5	4	158	278	417	110	512	
6	5	281	586	264	11	303	64	
8	5	493	85	531	309	208	2	447	403	
11	3	507	292	17	113	390	430	151	410	533	6	103	
11	7	48	406	229	219	348	567	301	489	497	323	463	
6	1	35	364	186	257	592	146	
7	4	285	491	460	88	133	471	443	
7	4	79	308	61	53	20	14	305	
8	4	382	102	155	291	536	330	420	557	
12	4	322	500	184	541	242	282	107	95	213	498	306	211	
7	5	65	179	222	487	508	160	546	
3	1	600	50	540	
10	7	70	458	438	312	577	357	387	250	446	182	
11	5	517	183	400	328	156	554	218	337	416	157	263	
8	2	319	188	7	563	510	96	46	178	
7	4	450	433	488	565	163	395	192	
6	5	513	99	326	223	234	274	
14	8	254	392	505	397	560	523	73	472	231	414	150	81	77	399	
5	2	376	388	413	185	495	
4	3	569	354	268	432	
8	4	455	126	545	276	407	553	454	249	
8	2	289	524	147	18	135	205	595	377	
12	8	180	272	261	509	313	383	207	198	448	25	521	555	
5	3	138	202	537	596	423	
8	5	349	436	165	483	539	212	101	514	
8	6	237	338	506	24	161	378	321	217	
9	4	579	444	427	238	143	391	109	203	42	
5	3	120	345	334	204	384	
7	2	196	221	252	284	5	583	426	
7	5	148	8	288	441	571	190	166	
8	2	220	286	121	271	317	244	304	386	
10	3	83	575	558	550	402	13	98	71	34	117	
9	4	547	582	456	41	375	445	453	452	475	
8	2	116	191	145	87	224	123	408	360	
7	5	209	370	168	216	280	59	314	
7	2	363	585	457	578	435	37	266	
5	2	290	176	419	409	511	
5	4	12	93	236	38	593	

1	30	48	116	228	254	289	319	492	
2	19	152	187	226	322	359	371	376	
3	70	237	259	281	290	513	517	529	
4	35	72	220	275	285	318	324	363	
5	84	283	286	295	379	394	507	516	
6	27	33	83	349	393	458	491	500	
7	40	45	215	267	344	352	382	437	
8	68	94	129	139	193	196	380	412	
9	79	148	176	188	227	292	343	355	
10	57	134	273	392	398	438	477	493	
11	121	184	209	505	518	547	581	589	
12	221	424	436	480	524	562	579	582	
13	4	8	120	147	158	200	214	297	
14	17	86	127	180	191	210	308	311	
15	43	80	114	172	370	462	566	585	
16	10	12	39	113	132	183	300	444	
17	102	149	296	364	415	549	575	588	
18	141	240	397	450	456	474	502	519	
19	28	258	325	421	455	457	528	560	
20	65	433	466	479	543	558	573	586	
21	138	145	162	170	278	388	411	523	
22	338	406	417	530	534	576	578	584	
23	18	62	73	85	251	264	271	272	
24	174	253	307	434	459	473	569	598	
25	1	165	179	189	202	206	239	243	
26	67	155	235	265	312	405	413	472	
27	140	293	316	354	368	488	504	541	
28	41	108	126	186	261	390	461	483	
29	118	246	277	299	350	430	531	545	
30	76	87	106	112	137	168	269	276	
31	7	279	341	374	400	468	501	539	
32	61	222	353	427	481	550	565	577	
33	9	99	151	153	356	465	470	506	
34	11	216	309	328	385	402	499	503	
35	53	54	156	231	248	287	351	367	
36	13	24	136	212	242	302	340	345	
37	21	101	167	282	464	525	554	564	
38	20	32	175	257	268	280	361	439	
39	3	47	201	252	288	509	538	597	
40	90	100	229	357	487	572	587	592	
41	159	218	333	334	347	362	410	428	
42	128	313	365	404	414	419	532	561	
43	36	161	163	219	326	337	441	591	
44	26	82	233	303	327	375	383	460	
45	14	63	107	135	291	387	496	527	
46	29	51	95	185	224	245	467	494	
47	59	207	213	305	381	401	445	490	
48	98	104	146	198	238	332	378	407	
49	125	143	150	232	284	348	533	551	
50	5	52	317	395	469	567	590	600	
51	60	294	301	331	448	514	563	583	
52	71	346	418	432	453	526	537	556	
53	25	205	223	336	535	536	571	599	
54	66	78	111	119	225	244	262	330	
55	92	154	230	310	416	508	515	521	
56	56	93	97	124	164	255	369	409	
57	34	160	208	510	542	553	570	594	
58	49	81	96	117	123	169	270	489	
59	2	58	190	236	314	329	497	498	
60	91	157	256	339	548	580	595	596	
61	55	88	192	358	377	391	435	454	
62	37	77	177	260	304	389	426	431	
63	105	109	142	306	323	420	452	478	
64	6	110	131	203	250	425	475	484	
65	16	103	173	423	482	512	557	574	
66	31	38	115	122	133	144	298	321	
67	64	75	211	217	335	373	399	446	
68	50	194	266	320	440	447	555	593	
69	69	89	342	449	463	486	495	552	
70	166	181	241	263	429	442	451	546	
71	46	74	130	247	366	403	485	520	
72	22	171	195	197	204	234	408	471	
73	44	182	199	249	360	396	511	568	
74	23	178	274	315	384	422	476	522	
75	15	42	372	386	443	540	544	559	

1	0	1	0	1	0	1	0	1	0	1	0	1	0	
1	0	0	1	0	1	0	0	1	1	0	1	0	1	
1	0	1	0	0	1	0	0	1	0	1	1	0	1	
1	0	1	0	1	0	0	0	1	0	1	0	1	1	
0	1	0	1	0	1	0	1	0	1	0	1	0	1	
0	1	1	0	1	0	1	1	0	0	1	0	1	0	
0	1	0	1	1	0	1	1	0	1	0	0	1	0	
0	1	0	1	0	1	1	1	0	1	0	1	0	0	
