600	75	80	8

5	3	415	197	544	222	325	
8	4	156	320	35	140	499	96	579	72	
10	4	459	234	338	146	589	411	280	181	228	75	
9	4	464	188	271	370	200	426	376	360	441	
11	4	143	63	217	559	115	139	169	531	382	276	431	
8	6	311	281	107	17	407	265	479	348	
10	4	275	373	332	270	478	375	84	469	440	108	
16	10	253	233	48	409	199	578	11	593	523	596	403	245	205	438	223	307	
9	6	82	299	384	297	500	13	93	65	412	
10	3	424	227	416	473	254	201	404	266	229	77	
7	2	272	367	47	103	127	306	414	
7	1	560	329	476	92	450	226	183	
4	3	355	401	339	387	
6	3	392	445	600	79	155	262	
9	4	91	304	590	341	71	27	257	458	301	
5	2	45	519	9	569	535	
4	3	357	439	318	142	
8	3	405	283	121	221	497	196	349	336	
7	4	243	362	399	516	52	114	224	
6	1	505	490	418	554	365	353	
8	6	239	210	240	470	334	509	481	259	
3	2	193	120	112	
8	5	173	485	551	5	428	177	235	582	
7	3	421	70	381	300	119	532	342	
6	4	277	255	105	483	567	359	
4	2	511	81	21	295	
4	4	213	111	434	19	
7	2	238	136	37	574	241	504	581	
7	5	195	184	157	106	529	14	40	
4	1	429	521	583	451	
12	8	24	565	423	144	456	566	130	293	489	256	585	12	
9	6	317	282	32	358	42	331	480	591	220	
9	2	310	98	244	556	7	50	495	87	264	
9	6	29	419	527	319	286	117	216	134	43	
3	1	549	366	343	
9	2	191	322	172	97	472	16	203	69	187	
8	2	161	584	463	528	326	398	460	494	
11	4	231	461	138	324	314	475	562	211	58	182	153	
6	3	552	218	356	145	194	422	
7	2	86	541	128	164	564	542	368	
7	4	558	425	263	433	135	78	198	
4	3	303	15	125	410	
10	5	383	305	563	432	316	327	486	457	546	180	
11	4	597	278	346	517	530	31	10	328	109	90	538	
10	4	214	380	599	132	149	20	167	389	129	268	
4	2	598	209	33	3	
3	3	273	204	377	
10	3	186	313	385	506	290	206	576	67	51	437	
8	4	372	420	446	6	568	323	572	122	
6	2	587	242	168	34	577	251	
13	5	178	59	390	379	503	279	80	267	158	400	215	288	250	
10	5	352	371	2	525	101	337	83	518	553	455	
9	5	207	137	417	298	491	208	26	397	291	
9	4	474	61	321	561	170	73	315	212	498	
5	2	570	102	294	402	95	
10	5	246	57	540	30	354	512	502	487	350	154	
4	4	465	261	39	374	
5	3	533	493	477	447	488	
11	7	165	252	443	147	594	395	545	85	580	41	592	
5	1	150	1	189	296	573	
7	4	8	548	466	347	363	361	453	
3	1	575	175	586	
5	4	513	452	595	396	260	
8	4	274	312	571	330	543	435	248	141	
11	3	126	285	537	151	179	56	471	104	442	449	230	
10	4	534	292	515	302	113	345	388	49	60	287	
5	1	190	159	28	391	448	
8	6	378	369	55	110	185	482	340	289	
5	4	54	444	408	131	4	
11	7	550	124	152	335	133	539	66	430	308	413	25	
4	2	116	386	406	166	
10	7	123	284	508	547	237	501	232	514	462	436	
2	2	526	225	
8	5	468	309	171	53	524	64	38	160	
9	2	176	23	351	88	62	484	94	557	192	
4	3	496	44	393	333	
12	7	18	520	536	344	510	236	22	68	269	118	555	162	
12	6	202	163	174	522	247	99	74	46	100	507	588	492	
7	1	427	454	76	219	89	364	249	
5	2	467	36	148	394	258	

1	178	202	272	311	372	383	415	474	
2	59	123	195	459	534	550	552	587	
3	61	143	150	163	305	390	421	464	
4	184	274	379	424	465	505	558	560	
5	124	126	176	188	242	281	317	352	
6	23	227	277	292	303	367	405	420	
7	15	234	239	253	275	284	310	357	
8	24	107	186	231	238	429	467	496	
9	82	98	136	161	246	255	312	351	
10	125	165	174	214	285	503	521	526	
11	54	173	218	261	329	515	537	570	
12	102	168	313	427	511	571	575	584	
13	1	157	243	338	356	485	490	563	
14	18	47	63	213	233	371	597	598	
15	88	244	271	392	416	463	468	508	
16	29	48	57	116	252	278	279	299	
17	105	191	283	384	409	445	522	565	
18	146	385	386	419	423	461	520	540	
19	8	44	209	247	294	370	446	473	
20	145	207	309	346	378	454	548	556	
21	7	86	190	432	466	506	528	536	
22	138	144	330	380	439	476	483	533	
23	45	81	91	151	316	369	493	527	
24	37	39	106	152	156	189	282	322	
25	17	36	55	80	199	302	326	344	
26	2	32	443	519	551	578	599	600	
27	30	147	159	172	217	290	335	402	
28	62	110	133	171	197	304	406	517	
29	121	267	297	513	559	583	589	594	
30	79	92	179	200	210	418	451	544	
31	193	222	327	355	362	373	407	484	
32	6	56	115	132	225	324	510	541	
33	5	70	149	236	314	347	398	411	
34	11	111	137	166	206	240	358	401	
35	20	42	76	428	475	539	549	568	
36	9	120	320	332	363	417	426	452	
37	139	185	354	486	543	547	554	593	
38	113	175	298	321	323	339	434	457	
39	254	393	444	512	523	529	530	546	
40	28	53	128	155	158	177	221	296	
41	148	194	270	365	381	395	491	562	
42	19	208	460	477	478	545	561	576	
43	85	112	319	325	410	447	456	470	
44	33	67	97	99	169	273	334	345	
45	22	201	211	237	280	300	531	574	
46	31	404	435	524	586	590	595	596	
47	35	51	58	68	167	219	286	374	
48	64	89	181	388	525	566	569	572	
49	26	101	117	140	266	375	403	425	
50	10	74	229	269	389	397	472	500	
51	95	103	204	245	263	387	396	399	
52	13	14	235	241	260	376	382	471	
53	3	66	119	318	361	482	499	501	
54	16	49	118	170	331	337	377	450	
55	73	203	205	216	353	366	502	516	
56	21	46	84	93	94	127	134	180	
57	65	83	100	130	248	265	328	341	
58	52	69	71	77	104	109	293	340	
59	60	164	232	262	400	442	489	535	
60	90	129	215	228	306	433	504	557	
61	27	34	43	50	96	226	256	288	
62	315	360	408	480	494	518	532	555	
63	183	257	295	391	453	507	509	514	
64	38	131	141	430	441	497	553	580	
65	4	122	135	268	412	458	469	479	
66	78	212	276	333	364	422	438	440	
67	41	162	182	196	223	289	495	498	
68	142	153	349	449	564	567	579	585	
69	198	291	301	308	394	448	462	577	
70	87	187	348	413	487	588	591	592	
71	220	250	251	343	538	542	573	582	
72	72	114	249	350	414	437	481	492	
73	75	108	154	192	264	287	359	368	
74	160	224	258	259	336	342	431	455	
75	12	25	40	230	307	436	488	581	

1	0	1	0	1	0	1	0	1	0	1	0	1	0	
1	0	0	1	0	1	0	0	1	1	0	1	0	1	
1	0	1	0	0	1	0	0	1	0	1	1	0	1	
1	0	1	0	1	0	0	0	1	0	1	0	1	1	
0	1	0	1	0	1	0	1	0	1	0	1	0	1	
0	1	1	0	1	0	1	1	0	0	1	0	1	0	
0	1	0	1	1	0	1	1	0	1	0	0	1	0	
0	1	0	1	0	1	1	1	0	1	0	1	0	0	
